4.090985519
4.4772944347
3.52402095142
4.10085154502
3.8504700856
3.68897504949
3.6534170041
2.971344765
4.05438759862
4.10085154502
3.82524006202
4.0008204276
4.93218277941
3.8789493569
3.58355948702
1.01443083289
3.79894333429
4.1754495012
4.38655698849
4.45559699502
3.999377036
4.39669284762
3.9963612975
4.39669284762
4.93218277941
3.67791404542
3.4692105267
3.8257413125
3.81831951592
3.8457887178
4.2818949209
3.57756172439
3.42519042192
4.025030053
4.0775001165
3.7005418627
3.70427514382
3.65463309149
4.6035599447
4.21096908201
3.4010650831
4.39669284762
4.2064461968
4.1937193838
3.4526987186
4.04345677172
4.1285667975
3.9695012615
4.39669284762
4.86845534541
1.01443083289
4.35218850619
3.98916671839
3.89073473269
4.3087506237
4.1567470232
4.30430274873
3.4817781345
4.4084477905
4.93218277941
3.2398484612
4.1346011416
3.9292387032
4.21096908201
3.7817911844
3.85358307792
4.1285667975
4.1285667975
4.42905859513
4.2496524395
4.23235823733
4.49736530119
4.2064461968
2.9807923697
4.1687963855
4.93218277941
3.8946114878
1.01443083289
3.8125022206
3.9602111556
3.9292387032
3.9648035016
3.82241589632
3.8504700856
3.80313491832
1.01443083289
4.21096908201
3.94661795049
4.4660192047
4.93218277941
4.30430274873
3.7719162363
3.7509080794
4.35358520349
3.3488669112
4.1048894965
3.94661795049
3.3889374169
4.4084477905
4.3545557708
3.79643223552
3.85640236239
3.8504700856
4.0621587592
3.9277273307
3.9186824157
3.8114937046
1.01443083289
4.0621587592
3.82863345932
3.812911166
4.10085154502
1.01443083289
4.0362394999
4.40214716539
4.39669284762
3.8941136026
4.10085154502
3.73366663472
3.95599119759
4.0252640292
4.4045813205
3.28121743391
4.54583297002
4.30430274873
4.35358520349
3.6884743665
4.66618826069
3.82241589632
3.94661795049
4.1519449975
3.8030313965
4.2862739128
4.1109092653
3.71911844572
4.10085154502
3.82241589632
4.5329592368
4.38655698849
3.8061903819
1.01443083289
4.29021538889
3.5679853478
3.8504700856
3.0418079213
4.86845534541
3.264413359
3.71027883719
3.79465676792
3.65674414702
4.1109092653
3.90661618143
3.8926231536
3.90661618143
4.59683528169
4.21096908201
3.0357360534
3.71520844203
3.6748317153
1.01443083289
3.6258960523
3.0711655668
3.70780159202
3.9277273307
3.70011670892
4.51854101879
3.6447638197
3.97457262952
4.93218277941
4.02607157372
3.916667643
4.0621587592
3.93186571131
3.9999297815
3.69778773669
3.6740156285
3.7957607468
3.5267488923
3.88861039557
4.1445758913
4.39669284762
4.0621587592
3.76671490132
3.1139209968
3.9661432105
3.886396442
4.10085154502
3.94326361462
3.73314774892
4.58634309372
4.0656577858
1.01443083289
1.01443083289
4.21096908201
4.42671154679
3.8840276976
4.3098820553
3.8504700856
4.4750148147
1.01443083289
4.4084477905
4.93218277941
3.7408864284
4.93218277941
4.21096908201
3.70011670892
3.885152356
3.7822374296
3.49975814602
4.2371515093
4.30430274873
4.0362394999
3.50924204181
4.29898823001
3.8900907541
3.7822374296
3.8504700856
3.995287428
3.57987623822
3.42884626532
3.72321737452
3.03716301032
4.35762202152
3.38437412492
1.01443083289
3.94661795049
3.73165210022
4.24393899659
4.38655698849
4.0473493003
4.07478704759
4.0227846899
3.95587084287
3.4776177745
4.21096908201
4.4209450374
3.48179411249
4.1800423049
4.34233439249
4.11651409902
3.8746548399
3.531956068
3.47778743102
4.4084477905
3.4301073244
4.4772944347
4.22145409242
3.84636816539
4.10085154502
3.9434468216
3.64712061702
4.07478704759
3.95587084287
4.94744333941
4.12098408502
3.79472671772
3.58604872132
4.0656577858
3.7604487932
3.4911138194
4.36268438241
3.7822374296
3.82241589632
3.7604487932
4.38655698849
4.1524104667
3.5077107923
3.5227701828
3.1509935422
3.7408864284
3.81831951592
4.3466284278
4.1109092653
3.0171975492
3.80494131069
3.34693540912
3.8504700856
3.4891024341
4.02849736222
3.80313491832
3.8564332985
3.8845511185
4.0621587592
4.2487235868
3.94661795049
4.2498095921
3.9277273307
3.6740156285
3.416120995
3.82241589632
3.276604111
3.8125022206
3.8235027712
3.8840276976
3.411439896
3.2567344098
4.44745927539
4.88533774041
3.7408864284
4.46777546029
4.4084477905
4.130481078
4.1255653378
3.7822374296
4.36422930339
3.9119090703
3.80313491832
4.41999651039
4.4772944347
4.2273285852
4.20753732302
3.861069557
4.0621587592
3.8030313965
3.41200930971
4.4253593437
4.03021277439
4.93218277941
3.9417510635
4.2773129376
3.64712061702
4.4243686932
3.8821325511
4.0456967
4.0533048276
3.90109454512
4.10085154502
4.4084477905
4.0656577858
4.39669284762
4.6035599447
3.8028495976
3.91503492022
4.10085154502
3.55098736641
2.746350275
3.6728162875
4.50425118209
4.42240443529
4.69366629439
4.1800423049
4.0621587592
4.21096908201
3.7654746014
4.2718241185
4.0227846899
3.94661795049
3.73314774892
4.5034748385
4.10085154502
3.857946814
1.01443083289
3.80313491832
3.8840276976
3.5854635789
3.79661156639
4.0551984974
3.1098294246
4.39669284762
3.9119090703
3.8504700856
4.30430274873
1.01443083289
4.0952233546
4.39669284762
4.0061241918
3.7822374296
3.4162202318
3.94661795049
4.93218277941
3.82241589632
3.9478153147
3.60125334152
4.30430274873
3.609026494
3.9428287616
3.25139154707
3.8504700856
4.20753732302
3.264413359
3.63812725812
3.596758126
3.8495920848
3.12044207391
4.40971319949
3.7700774328
3.64712061702
3.87997417992
3.9677232889
3.416120995
3.866805003
4.1610475316
4.09523898452
4.36268438241
4.4660192047
1.01443083289
4.3098820553
4.10496411691
3.3161885958
4.1160293591
4.0996868255
1.01443083289
3.82241589632
4.30430274873
3.79527431359
3.64712061702
4.2939598168
4.39669284762
4.93218277941
4.86845534541
4.0481802085
3.6885385617
3.9677232889
4.31398442369
3.82277269949
3.3475509499
3.3450989382
4.35378813069
3.3450989382
3.9277273307
4.59922011201
3.9122774907
3.5532908793
4.0621587592
3.70011670892
3.2332935594
3.8504700856
4.39669284762
3.9277273307
3.48732278842
3.92748256462
4.5914766297
3.0140941606
4.93218277941
4.3431291933
3.8126866774
4.1545409758
4.36268438241
3.8844646289
3.829404178
4.4772944347
3.8504700856
4.10085154502
4.008206143
4.10085154502
4.1483308437
3.80313491832
3.8504700856
4.3438123222
4.59683528169
3.8746548399
3.78560141197
3.6414416256
3.4719610402
4.3232786753
3.63194393942
3.94661795049
3.1365239223
4.0656577858
