3.7785375322
1.3595842344
3.20945478489
3.194647788
2.3781507284
3.6180269788
3.2812291564
3.4819954825
2.7377071497
3.41106493119
3.57218279722
3.807252466
3.63721967141
2.9619485442
3.5163646491
3.40663437412
2.78163992512
3.2732427568
2.1973907326
2.74824545032
2.8786374992
3.4308631191
4.0171370735
4.2064391724
3.58097908112
3.564272852
3.425537715
3.07318881728
2.78194785632
4.0492206086
3.5906265745
2.981071506
3.15137436022
2.98946594382
4.1158189534
4.3944892209
3.05276952538
3.0642929176
3.2905165868
3.268193086
3.50122591559
3.89270534982
3.5707049601
3.83317239232
3.6369114882
2.51512794572
3.5198610198
3.55663934072
3.6274057104
3.49804816431
3.3570249466
3.87155367269
3.53662849532
2.67147283602
3.7318547273
3.86481837099
2.7719441678
3.09920663272
2.74207722302
2.39775931562
3.970101815
3.22158982031
3.75936313239
3.45966630967
3.33065608472
3.481628667
3.57720505622
2.87887108852
2.2140702768
3.19431911292
3.88862488489
3.05837552792
0.466626640697
3.81633546
2.5945215576
2.3076905193
3.20379145472
3.8631734591
2.8373532743
3.89526747309
2.8464510453
3.857595463
3.4527176658
2.07302725609
4.3236951617
2.9005492237
3.86435527727
3.8147224902
2.4078028282
2.8861139705
3.76003319171
4.15188306342
2.8510276896
3.46761649362
2.41237932572
3.7344792698
2.6407271357
3.8661366954
3.2079423298
2.87630897531
3.8169734019
3.07099850122
3.5357152606
2.9887901838
3.7399768306
3.591251949
3.8264381708
3.37809390641
3.44525199221
2.8122042199
2.8262845228
2.39672124862
2.99591883322
3.10651500642
4.1521600778
0.314588134697
2.8466642495
3.32279132651
3.4708666416
3.60275424209
3.7560720216
3.614250044
3.026021026
4.50332262182
2.5210835514
3.54762504662
4.1561953185
3.40900767082
4.297617117
2.3624243769
3.50193147202
3.3358554501
2.9760059343
3.8653503867
3.1841770013
2.7485581326
3.7491261306
2.9298214193
3.04347512282
3.5299220535
2.8773097745
3.91305304249
3.9813768759
3.71778272109
3.7956976253
3.22505069082
3.1397324835
3.7779345258
2.62959381182
3.03914226512
3.9944806602
3.9779943658
3.73431136242
3.85588033
3.56550928642
3.43937879431
3.13449800379
3.4622821181
3.3883005119
2.5803657014
4.0070934106
3.0512397129
3.52911526821
3.65603681762
2.70185944702
3.4461602996
3.7601997084
3.17600802382
3.5596112504
2.9080361527
3.6412077925
3.19972455082
3.29807936722
3.484887633
3.0128855307
3.2762450186
3.26011605312
2.36599837
2.8480937264
2.0300189969
3.34306588062
2.89299230969
3.6125889668
3.3205883203
3.48272280022
2.7122472045
4.009371119
3.05817926112
4.24948086142
4.1053783719
4.3050150619
3.3776256952
3.301138586
3.63946422022
3.0209914942
3.46757519292
3.6971213448
3.424991708
3.058851274
2.4980341843
3.1828927888
2.28949978831
2.7996229161
2.95211710982
3.8098457336
3.5450689403
3.95347252802
3.6490909666
3.1799390944
3.3806752755
3.4937448803
3.09626874372
2.2724411044
3.02686573699
2.7520433938
2.6708833419
3.85010829851
3.21983194412
2.7043917339
0.792257057297
3.05784233202
2.63504548752
3.92146840272
3.36126371749
2.66255266549
2.99735366739
3.6440871761
3.2745234335
3.38806685922
3.7967341636
4.0111090945
3.2645731798
3.4502454056
3.823380172
1.4861859057
3.7700890588
3.39439096171
3.1183586098
3.52997119819
3.5696541635
3.92139418702
3.46339527522
3.93636220472
3.58856388399
3.6170509302
3.5163680412
3.0680451619
3.16043757169
4.0931077628
3.35153619342
3.61593090462
3.3370399657
3.26513818282
3.8260807611
3.9116462529
3.46705493212
2.50042105672
1.78626273407
2.69250566872
3.4975006959
2.95460920351
1.9512954957
3.2191948587
3.1961334413
3.7302153242
3.81186502402
4.11404635419
2.93927682292
3.68787079497
2.33998113292
3.21492705
3.452160543
3.8313041784
3.9451239655
3.95040710211
3.8145434146
3.3407722483
3.9580890674
3.38890032006
3.40148194961
3.60368495232
2.4006515132
2.1555401907
1.9686010518
2.76500405311
3.4542192623
3.703629459
4.06606251012
3.734211385
3.95840662189
2.3710886744
4.3428198965
3.5706648276
3.49013654769
3.22817007529
3.62358305482
3.42192174672
3.6919979467
3.57454525442
4.21326340292
3.7760977775
3.7163808835
2.2130939256
3.681504069
3.2048821051
2.4147949851
2.7727943515
3.60840896861
3.43622298872
3.5994848729
3.7269391303
3.55649506262
2.7249424736
4.1320239633
3.46897421392
3.0389146988
2.96183355602
3.1661172797
3.20052074132
3.05215699159
3.4221251147
3.40192435147
3.617552585
3.2412519698
3.70512855162
3.1564411877
3.3174497583
2.50403906632
3.80308795337
3.66678275429
3.86820148782
3.82719209732
3.60150175539
2.888410871
3.50807000597
3.709100709
3.3254292059
3.92323702241
3.45232517752
4.26840064542
3.8723925241
3.03678630719
3.72363732152
4.511325384
3.7783726698
2.8499086919
3.96948632702
3.24308309459
3.99495088352
3.4529600826
3.9952775772
3.35024608982
2.6866419482
2.62496306802
2.91176983931
4.11994629202
3.9481709603
3.6105440699
2.85635922192
3.70889817684
2.7343767432
2.6277142177
2.9392070967
3.7034876696
3.41312715042
3.69550957582
3.4086583121
3.3153033053
0.448915749897
3.4701290118
3.4094980412
4.82986551761
2.2868872797
3.06451041051
4.0576575425
3.31315039062
3.9730431289
3.2445540634
4.2166151084
3.7125495179
3.28091639932
2.99935094217
3.01591513702
3.6328225085
3.0423318157
3.13309202832
3.7544504563
3.4206470763
2.20698660398
3.37723286961
3.9295244014
3.4013786178
3.24300115109
3.9759579198
3.3147414474
3.63077215572
2.8825955158
3.8650397
3.12097804409
3.11116412137
0.932878740197
2.2464405894
4.0338845075
3.44366376766
3.5043193337
3.98284701612
3.3065043657
3.1983633244
3.0558833984
3.49758972064
3.28966400511
3.67963725752
3.6537370805
3.3198728663
3.93321347829
2.35919782249
3.10647558362
3.15713033059
3.65316120139
3.2213493929
3.3262339766
3.74009737252
3.4794359477
3.6784723501
3.1801353757
3.6949878139
3.1692353268
3.75799580212
4.1153604689
3.43237297232
3.40819671569
3.779586976
2.9693610456
3.4585421711
3.1168938478
3.252693518
2.6128600588
4.3575307814
3.43614885954
3.7692301251
3.6416494289
2.86923968571
2.4195293221
3.19602177262
3.1440394781
3.4150502902
4.2555613812
3.94162826442
1.3051555284
3.28384326442
3.3397673506
3.5670966908
2.04981379829
3.17818701332
4.04829279121
2.60907748192
3.42650917749
3.1644110583
3.5373458228
3.78941819069
3.24148178839
3.503882862
3.8102117557
2.29484085469
2.4619610737
3.47093206502
3.3482343508
2.49739132482
3.01843223222
3.55270026122
2.44658382132
2.4729498661
4.0055567294
3.7400897621
3.8213173879
3.8234907085
3.65921225239
2.7910216257
4.1195735425
2.5413862754
3.75809514052
3.65674982241
3.6820403416
3.42457468067
3.635568532
3.35913908521
2.95019067382
3.6080742305
3.1677167801
3.02651861622
3.5742233938
2.6083009517
3.07912426822
3.29453492932
3.24115396442
3.260825514
3.1251240936
0.481563630697
2.9520210728
3.75183761932
2.98780904599
3.79605320901
2.5704735012
2.73616043162
3.0350228456
3.4409883342
3.3923814509
3.62191941702
3.58899048062
3.74980759092
1.76057440482
3.00209533922
3.46270165731
3.25048927472
2.9871856789
3.86143659392
2.9402557469
2.8234422588
3.47813339489
3.24013744438
3.7551026058
3.76080781202
3.62752938452
4.23705523839
4.3502368407
3.47747645074
3.5926362736
3.0150594339
3.8870669127
2.81632535027
3.3164877283
2.8892309042
2.67713693229
3.44852822
1.73979142179
2.95084869539
3.55733137862
4.2956097064
0.926915677697
3.72822976629
3.4652657933
2.9525748302
4.1972119442
3.3806596207
4.18668286639
3.6549334738
3.60158201289
3.2595484735
3.49729170052
3.38481804581
3.4326470537
4.35268126222
3.76062627199
3.47500936109
2.6650878741
4.2022767947
0.697881117497
3.24159310169
3.1557307796
3.47347680312
3.4413879555
3.19469455149
3.84553266561
3.2969390137
3.62861522392
3.86015486891
3.3030534483
3.78537383502
3.8000496781
3.50927474412
3.12267777952
3.50006393349
3.70359511312
3.4856468386
3.4612637364
3.32757505859
3.1802536872
3.7075593505
3.0122760188
3.3589087913
2.4284785999
3.2769069294
3.8045212716
3.71460832481
3.59987456882
3.6572365565
3.0810050463
2.4903956427
3.20423854652
3.3726939689
3.17844925189
3.3060893334
3.63278583112
3.26822373161
3.4943406786
4.0278823548
2.9663541257
3.7576682837
2.462460408
3.6086129649
3.63782485452
3.5065914102
3.9766307778
3.32688307201
2.198196797
3.45633112182
3.4375490646
4.14098912422
3.92572123032
3.61290552652
3.9151957528
3.68902259061
3.0991046254
3.3637166938
4.1868431008
3.69835658041
3.7305602329
2.97185515291
2.8841585876
3.8656498991
2.86197818049
3.6792056119
3.5412935097
4.3088032347
2.0799151326
3.7186614805
3.74645495342
2.63629432372
2.8656605818
3.78086681
2.7192906119
3.67804405481
3.75138500519
2.62295303007
3.8901709742
3.1086405396
2.79207306562
3.9181015421
2.6211039071
3.44270378232
3.71786311319
3.13911446091
3.67734765892
3.4848594232
3.37171137081
3.78432319442
3.0991702332
3.75152020341
3.0586712321
3.91451684572
2.78964482892
3.17441311102
2.4479687875
3.1027676958
3.5392995917
2.84724990712
3.2751490827
3.4413710784
2.1762448363
2.93494931702
3.921319494
2.7243696607
3.39175005362
2.33386381669
2.9718349509
4.31987483532
3.15759943812
3.8322709824
3.7801396276
2.6209481668
2.92811785182
3.64832186539
4.25934549282
3.0239502249
2.63680817242
2.6688537893
3.34197927062
2.7448203677
2.616458385
4.18154563992
3.3900257196
3.98048309039
2.2767300771
2.418903547
3.8388444563
3.2105237368
2.793009662
3.35928686
3.08963995132
4.1361449693
0.374491247897
2.8488723028
3.33053511909
2.17467931262
3.83241972027
3.32275576092
2.68244012051
3.61852295642
3.6527817969
3.13609712679
2.60064762012
2.15045276147
3.693434
2.4475937484
3.9404839598
3.71557164932
3.46952193559
2.9007221332
3.24758914112
3.47333170462
2.71817128499
2.6840541762
2.3720955997
3.5871432753
2.3776463728
2.4573170953
3.60738991142
3.34494327432
3.910132849
3.2667988463
3.98014385762
3.9771761125
4.08588980542
2.7279394672
2.1488983926
2.09206019041
3.9105271422
4.045734497
3.03489547652
3.26103073069
2.6023213812
3.16908809562
3.7415284952
3.7705044141
2.3121254795
3.2095938809
3.24383406482
3.2084273148
3.8172512716
2.6625127144
3.2007902502
3.86069684412
3.7588975051
2.86393443762
3.3880599264
3.3296347444
2.8249086621
3.7811187591
2.899647296
2.40934528969
