3.4760
3.1830
4.3242
3.8067
3.0685
3.3653
3.2183
2.7665
3.5873
1.9306
2.5782
2.4943
2.2907
3.3831
5.0000
4.1787
3.6566
4.2738
1.4993
2.5486
2.8016
3.3111
3.3975
4.0172
4.7545
3.6910
3.2136
2.7299
3.6440
3.9784
2.5509
4.3326
4.5193
3.3504
2.0032
3.3404
4.5310
3.4760
1.8909
3.2236
3.7384
1.8005
4.1214
3.7142
4.2210
3.4760
0.7222
2.2907
4.0542
3.6766
3.6918
3.6103
2.5220
2.7160
3.1217
3.8081
3.5801
4.2058
3.1696
3.9799
3.4494
2.3650
1.8909
3.4416
2.5833
1.9956
3.0182
5.0000
3.6183
4.3373
2.0030
4.0275
4.0007
3.7437
4.0589
3.0264
4.5824
4.1883
3.2657
2.6247
3.3404
3.7561
4.4281
3.4019
4.2182
2.1632
4.0079
4.3074
4.0275
3.2657
4.7212
2.2659
4.1851
4.7256
4.7439
3.7221
3.9176
2.9252
3.3221
2.0085
2.9771
4.4887
2.3190
1.8909
3.2989
3.0098
4.2743
3.3664
4.1214
2.9100
3.5019
4.2474
4.0658
0.8423
2.3190
3.6551
4.9707
1.9956
3.1798
2.1333
3.1977
4.9707
1.8909
2.1667
1.8005
3.9022
1.9956
3.1653
1.9629
3.3004
4.3179
3.1274
3.7280
3.2494
3.3590
2.2848
3.2453
2.7461
3.2961
3.8654
4.6219
4.0893
3.5676
2.3981
1.5493
1.9306
3.4400
4.4715
3.7853
3.3904
2.8383
3.9495
3.5139
3.1316
3.0973
4.2058
4.3661
4.3316
3.5459
3.5389
1.8204
3.0721
1.1224
3.9429
4.4608
3.6915
3.7048
3.7003
2.2871
2.9823
2.1755
2.7201
2.9708
4.2652
3.4900
3.0641
3.2771
3.3984
3.8298
3.4760
3.2236
4.0145
3.0914
3.5837
3.2446
3.9388
4.2593
3.3831
3.6694
5.0000
3.0731
4.3374
4.2795
3.4900
3.1831
3.3342
3.3889
3.5389
2.9216
3.6949
1.1224
1.8909
4.8728
4.1875
4.7880
2.9951
3.4699
3.6763
3.6710
3.0208
3.2203
2.6320
3.2136
3.9639
3.6918
2.2942
4.3369
2.6253
4.3369
2.5617
3.5787
3.4760
0.7859
4.0275
2.7599
3.2279
4.0249
3.6763
4.1851
3.0587
4.3074
3.3184
3.7921
2.9692
4.4661
4.2561
3.2203
3.0861
4.3143
4.9707
4.4054
3.7306
4.3369
4.1851
2.7506
3.9023
4.5786
3.2425
2.6247
2.5509
5.0000
1.1224
3.9114
2.6075
4.0036
2.7233
2.2733
3.8943
2.5847
3.2848
4.3778
2.2497
4.5824
2.9692
3.2407
3.8710
3.4382
3.5568
4.1851
3.4974
1.5844
3.5389
3.4051
3.4742
4.1996
3.9429
4.0651
4.0062
2.2064
3.0178
3.6779
1.9956
3.3681
3.5505
2.0840
3.8955
3.2136
3.3954
0.8423
3.8872
3.9508
1.9956
3.4500
3.8884
3.5389
3.7351
2.1371
4.0249
2.8068
4.0249
4.0141
3.1246
2.9823
4.0057
2.3403
2.8590
4.2734
2.3190
3.5499
1.9956
4.1790
3.9765
3.1679
5.0000
3.6709
4.8244
2.0085
4.3528
3.5630
3.0426
3.8671
2.3190
3.4437
3.1843
2.8458
3.5766
1.1224
4.1851
1.6849
4.2338
3.5136
3.5613
3.1246
3.7469
3.9639
3.9587
4.0868
3.3685
4.3317
4.1566
3.9730
3.4760
3.4760
3.0161
3.4321
3.6358
3.6709
2.7506
1.8204
1.1224
2.8016
3.7437
2.7991
3.7739
3.5339
3.5536
2.6247
4.9854
3.6499
3.7035
2.9882
2.9445
5.0000
3.2136
4.0172
4.0062
3.5389
4.3014
3.6763
4.2338
4.0658
2.1920
3.4585
4.3373
3.5069
2.6835
3.0432
2.7855
0.8423
2.7579
3.8081
3.2535
2.8590
3.8819
2.8294
1.9157
4.1214
3.0182
3.8786
2.1184
3.1380
1.1224
2.2673
2.9800
4.0861
3.1182
0.7257
2.2777
3.9290
