4.3290476
3.0777542
3.7266887
2.9447574
3.8816358
3.7119487
3.7128986
3.5259265
3.5748088
3.1478042
2.9744425
3.0749905
2.5365243
3.0917235
4.1006195
4.0633713
3.405959
3.5614362
2.2365015
3.9730328
3.5159041
3.4696461
4.2703144
3.9195675
3.6129242
3.9973643
3.576316
2.7833083
4.2793972
4.4370509
3.9860424
3.9988464
4.2390522
3.6070806
2.7485991
3.664016
4.1106092
4.1550528
3.1597578
3.792897
4.0412034
3.2249301
4.0770849
4.1407864
3.7023301
3.8828424
1.6844145
2.5643397
3.9610147
3.9372435
4.214123
4.281274
3.1995618
3.5564808
4.144063
4.0013016
4.0017258
3.8594966
3.7346048
3.5149106
1.7247099
2.7741063
3.5691751
4.1915915
3.5515979
3.8806683
3.5286943
4.2891315
4.3813628
4.343017
3.1814977
3.8851327
3.5460074
4.338115
3.8836645
3.331942
4.210147
3.9564258
3.6839444
3.886561
3.7042784
4.2097066
4.6297224
4.5450634
4.765284
2.9073345
4.0739337
3.9311794
3.7579353
3.7995358
3.5264067
2.5787574
4.5649715
4.4804715
3.9995694
3.5604522
4.2101164
2.6069791
3.7108081
3.0886016
3.2443875
4.1679801
3.4720138
3.1321305
4.0494705
4.2562172
3.837283
4.2917004
4.2674344
3.7911926
4.4410468
3.9331183
4.5551646
2.6086543
3.4741096
3.7999725
4.0432886
4.1427841
3.3647622
3.3397286
3.9379922
3.8786644
2.8819511
2.5762512
3.2833302
3.851364
4.255824
3.3914463
2.9530722
3.9380921
4.4411946
3.973495
4.0867865
3.9780134
3.6657648
3.2616792
1.8051558
3.9969947
3.6510476
3.756946
4.0281789
4.0150595
3.3978591
3.5433791
2.6488308
3.1387995
3.6138432
4.2851582
4.3489512
4.097337
4.2794451
3.8703523
3.9867425
3.9222994
3.9399132
4.2920428
4.2749217
3.9691492
4.0947848
3.7813754
3.2125519
3.8211105
4.4636055
4.6378416
4.5969187
4.0711031
3.6036333
3.6450691
3.5388509
3.6938081
3.5273335
3.6459895
4.1205352
3.8868218
3.4266586
3.2298451
3.2206467
4.1890181
4.0225708
4.0271403
3.6333812
3.8982269
3.2993284
4.3395581
4.1926489
4.1635998
4.0837676
3.012156
3.9751337
4.1695285
3.7855727
4.1891442
3.9574042
3.4354187
3.5689261
4.2520757
3.7613851
3.6070046
3.649404
3.7487714
4.4576236
3.2218805
4.0849117
3.9251275
3.9153981
3.9933252
3.3525534
4.7022624
4.4309885
3.5071662
4.1146005
3.4666285
3.5973846
3.8114796
4.0656393
2.9939803
3.996111
3.2957725
4.2830409
2.4345053
4.2213678
3.9156302
2.9975437
3.7543576
3.4352326
4.320936
4.3177756
4.6480886
4.5123414
3.2876513
3.7321096
4.0664831
3.8591626
2.7294204
4.6400348
4.2426977
4.0071162
3.7619222
4.0922215
3.9513097
4.0851824
4.3148628
4.214407
4.531623
2.9307416
3.7937884
4.1483256
3.5907131
3.8249354
4.0328837
4.2894424
4.99576
3.7293145
3.4777997
3.0063482
3.6668289
2.7965585
3.9174154
3.6697535
3.3582896
3.5862789
2.6243673
4.043931
2.8671691
3.9544857
4.1130918
3.7270498
3.6791885
4.5536
3.6898517
2.7943103
3.6735795
3.8495185
4.2269903
3.9888029
4.1759265
3.6355068
3.6918225
2.8881525
4.0327409
3.9518474
4.1178122
3.7891542
3.8910126
3.8362756
4.0242514
3.6809201
3.1518061
2.7443664
3.3535078
3.9041929
4.2326898
3.9928549
4.3334584
3.6225342
3.7911576
3.1563049
4.2405071
3.2551755
4.2771687
3.6125397
3.3536218
3.8371938
3.4745667
2.9835059
3.2076414
3.9837974
3.4678873
3.5047242
4.1443845
3.8952458
4.0968003
4.023709
3.8980253
3.9040602
3.8752411
3.1143342
3.871284
4.2181648
3.7288218
3.6301281
3.5791459
4.0718705
3.0683391
3.8651313
3.8330324
4.6092092
4.4158659
3.5112257
3.7196961
3.4778501
4.1602974
3.5851291
4.1528122
3.6495433
3.7769725
4.052366
4.1218439
4.0331732
4.02824
3.6043002
3.8233632
4.0736491
3.7760234
3.1678161
3.5727295
3.8959548
2.7856084
3.1074224
4.9095245
3.7022298
4.3615996
3.5231295
4.3167095
3.8032922
3.6479902
3.7682645
3.7955917
3.5454496
3.8790691
4.2939486
3.5866153
4.0214628
3.6868317
3.9810461
3.9075938
3.6256803
4.4406581
4.6500871
3.7800332
4.3089604
3.1936331
3.6552868
4.3977045
3.4622106
3.4957394
2.8487938
3.5941076
2.6019621
3.7919261
3.9985351
4.0443589
2.8296031
4.0196035
3.6147982
3.2863511
4.1677413
3.4755631
4.2216294
2.968714
3.6245276
4.5027646
2.5595939
3.7996606
4.0390336
3.1901714
2.2970618
2.6983401
4.0323492
