4.8319881
4.0340909
4.7121516
4.4875229
4.1425902
4.0597604
4.2458324
3.6522383
3.5391741
4.3296532
3.9870757
3.8339442
1.8089659
3.9808828
4.2576796
3.9438308
4.7580609
4.630404
4.7223123
4.2083981
4.4871412
4.0789611
3.692796
3.2766704
4.2200351
4.3237651
1.9366187
4.2625587
4.0946602
4.2779758
3.4792036
3.947208
4.6094226
4.5575318
3.7851621
4.8028822
4.5885127
3.9651615
4.387663
3.3179552
3.4953485
3.7617131
4.2670472
4.4312138
3.8451996
4.1939484
4.3820878
4.7642028
2.9890806
2.9324007
3.1460756
2.5146211
2.6588053
4.4705176
4.0984697
4.6891445
3.9461136
3.0876621
4.4112415
3.9914518
4.185019
3.4417831
4.00206
4.0452337
3.2846845
4.8455428
3.5558302
4.9338774
2.3601679
1.8812892
3.3649147
4.0824666
3.8521638
3.7155649
3.6710235
2.1902024
3.7906564
3.6451397
4.6614758
3.0116043
3.0001749
3.2649212
3.2557913
3.8655178
4.1593002
4.5693265
3.9033836
2.1234323
2.4456271
4.6153037
4.4615621
3.9004741
3.6903471
3.6908953
3.6906488
3.4031802
3.3567535
3.3670669
3.4881335
3.9486965
4.6981411
4.2219855
4.2777809
1.9350599
2.0128506
3.5165939
3.6500145
3.6063925
2.8252482
3.3106996
3.1952986
2.5422784
3.9294941
4.0574004
4.0590141
3.739854
4.4150321
4.1651194
3.2071324
3.5584923
4.148774
3.0701992
3.1718231
2.6375777
3.7405474
3.7411202
3.4150892
3.4149116
3.7157541
4.3028167
3.9882941
4.3723941
4.1668989
4.3912155
3.9079281
1.9339086
2.0849918
3.9182541
2.3669096
2.1697541
3.2040424
4.0084997
2.7316595
3.0683551
3.2496438
3.0388169
3.2811186
4.2116239
2.9756982
4.3344838
1.3298245
2.7994179
3.422331
3.7313151
3.9941595
3.4837176
4.3362878
4.3845173
3.6570588
3.7715781
3.7293881
3.8592741
2.8524274
4.1506233
2.1853439
2.7767039
4.3035401
4.3756739
3.2393855
2.4720776
4.2616563
1.7912539
2.6385365
2.1442162
3.0105425
1.994593
3.141757
1.5026066
1.1905848
3.5649774
3.4892334
1.8543586
2.4588381
4.5918138
3.6580083
4.1099126
4.1811295
4.0804847
2.7294013
2.9836374
3.7473712
1.59118
4.629134
1.615953
3.7725254
3.4595775
3.4985558
2.2513489
3.603618
4.3669781
3.2720021
1.4293072
3.95818
3.4086284
3.6875753
1.5054939
4.1220091
3.5169951
1.0791834
3.9532163
3.6583806
3.850894
3.4915749
3.4482086
2.7319972
4.2901381
3.8872837
3.9724389
4.036399
3.9603316
3.7759902
4.3453692
3.1695278
3.9242448
3.7817009
3.4330002
4.1843747
2.9425888
3.4340001
1.261928
1.2551582
3.4776064
3.5234931
3.9727469
4.0150304
3.1201975
3.0086397
3.0635515
0.86365504
3.2041438
3.8751731
3.2672856
3.2137979
3.4621787
1.1310514
0.87221157
1.2659421
2.4636286
1.7614013
2.0383441
3.5293354
3.4795053
3.030806
4.0959553
2.8791782
3.9350356
4.1680481
1.9470458
1.2836849
1.8659129
2.9937135
2.6607451
3.2777627
3.594333
1.3908448
1.4265017
3.7096419
3.2499324
3.8666421
3.2615778
2.8537954
3.6591673
3.6191449
3.4802531
3.0786702
3.0922418
3.9094735
1.7264027
4.0199731
3.3074704
1.7678297
1.7012221
3.9323578
3.1879729
3.7456966
4.3220855
3.4300964
3.2070073
4.0284376
2.9864154
3.4750969
3.8230666
3.383056
3.8014394
1.3999303
1.7403208
1.1909856
3.9611714
3.6828833
3.0598605
2.4053329
3.528623
2.7781015
3.8939928
2.9051274
3.4783864
3.7872746
1.9751435
1.6588438
1.5900972
1.8519892
3.1850025
3.0429034
2.3801133
1.730273
4.200619
1.9748625
1.6018388
3.6059864
3.1285703
3.137881
3.8610408
1.3861986
2.2513729
2.3916613
1.8527681
2.2154064
4.0427778
1.4919462
2.1210403
1.6831688
1.3639072
3.1784494
1.6929472
1.5223748
0.56391196
1.1917893
0.88365873
2.90104
3.3333
1.1044899
1.9886082
0.84463702
3.7256261
1.8450812
1.2423092
1.2555465
4.2329977
3.328633
1.3078623
2.1997661
1.2920963
1.792531
3.8541822
2.4533114
3.1514525
1.5068028
4.0945579
3.7401252
2.8855914
2.7879381
2.4311667
1.8959785
3.2643245
3.0188318
4.0689001
3.8865112
3.7770881
3.9885046
4.3004775
4.1680973
4.0215174
2.8251644
2.0239687
1.3110245
2.6202846
2.4759505
3.4318766
2.030205
3.0386508
3.0495429
3.3136617
2.6380369
1.8970714
3.6653543
3.0216058
1.9703523
1.1469507
2.0988574
2.7664122
2.0087644
1.566217
3.8112698
3.1752776
2.0327033
3.2256826
1.9420046
3.8500708
2.8691694
3.6817384
3.0005834
3.5739504
3.6106079
3.1551658
2.9324504
2.3420097
2.9378728
2.3955133
1.274078
2.1866603
2.4736954
2.3556159
1.2610504
1.7431561
3.1688776
2.1714752
3.2252887
3.5221871
1.7997544
3.6758992
3.7305159
2.5104206
1.0377773
2.1416851
3.356528
0.97046454
3.4692667
2.9087508
3.8181134
3.386823
3.7080104
2.393339
3.0842264
3.9024427
2.4369152
3.0615174
3.210932
2.771583
1.8906714
1.305249
1.8053196
2.9311119
2.3231717
1.411273
3.4408918
3.0937566
4.0012337
3.5917538
3.3398302
3.5237465
3.1093234
3.2310412
3.7426543
2.8999812
2.6992778
2.8684401
2.1153247
2.0526822
4.0284774
2.3960786
2.5568545
2.024406
3.0774832
3.4038538
1.905754
2.8243008
3.4077917
3.2510235
1.8333971
2.9972009
1.9341279
3.7844278
3.5933481
1.5302749
1.9056519
2.1058735
3.9066997
2.4662751
3.0862012
3.1407879
3.266187
3.3661669
2.6183875
0.99821456
1.5406138
2.8423408
3.1178501
2.2292315
3.5945296
3.4392098
1.5193272
3.2213201
3.4209969
2.122806
2.6030819
2.1592116
2.29523
1.9330876
1.6321408
1.760809
1.5568284
1.2110785
2.1430076
3.8180932
3.062778
2.9704357
3.1798039
3.2319832
3.2814039
3.8203586
3.2116812
3.3623435
1.993268
1.5220072
3.0913942
2.3266248
2.1733345
2.058613
3.5213746
4.0175149
3.5559617
1.9791628
3.4045079
3.2010448
1.5337631
2.1052145
1.8022194
2.2924831
1.626582
2.691509
3.2875137
3.331744
3.4524158
2.7881526
2.2187435
1.9194684
2.3227335
2.2792955
1.6526009
2.2568464
3.386138
2.9750131
3.0254213
3.2154273
2.8824093
3.0148534
1.3612619
1.3962454
2.5750112
3.9861772
1.8180391
2.4763965
2.8385894
3.7034861
3.4946748
2.7419971
3.3046063
3.3766828
2.0030182
1.8339108
1.2553703
3.1267334
2.3357261
3.0073541
1.1027215
3.2112744
3.8020924
2.1412546
1.8151113
3.9591084
3.3985909
3.4800667
2.7577469
3.4644831
2.5171812
2.5635297
3.5000797
3.7688072
3.5305651
3.3598737
3.1851827
3.151943
2.9359506
3.0631082
2.5801016
2.8282482
2.3471969
2.1474202
1.8396159
2.782528
2.2587984
1.6677019
4.0166011
3.7496037
2.6468362
3.3425073
1.2891882
1.2649582
2.8205485
3.2967264
3.3953638
3.4957567
2.9511737
3.0155469
2.3446598
2.9157923
3.4259802
3.0803741
3.1581064
3.0039625
1.1196779
2.5612299
1.7086764
1.3254377
2.8293391
2.7222469
3.619571
3.2823883
2.8476505
3.456292
3.0460365
3.0683828
3.0991486
2.9097573
3.5801316
2.2956416
1.9347111
2.1905598
2.932826
2.5159198
3.2620966
3.3380236
3.2911269
2.9980956
2.5981103
2.663219
1.7322267
3.1137701
2.1807636
1.7402461
2.6091191
3.5879183
3.5527044
2.6236408
1.7335134
2.3703303
1.9153006
2.6962949
3.4393175
2.8658198
3.0546058
1.3425374
2.5493248
1.3695595
3.4460375
2.2048648
2.6266615
1.4830249
2.6491096
2.3178129
2.5324189
3.0347977
2.8944359
2.5287607
3.112958
2.5492355
2.9942414
2.9550901
3.2384661
2.7558659
2.7636332
2.4054969
3.1995254
3.6043752
3.1188962
3.1526121
2.7922728
3.4166867
2.5537541
2.4676376
2.696831
1.7655352
1.6023248
3.2632134
2.1944132
2.1833742
1.2558635
3.3241293
1.7944748
2.1881883
2.7363909
2.5580166
2.7010069
1.828593
2.6892507
3.0511425
1.7742229
2.5670011
3.3403029
2.8879765
2.2405071
2.9637038
1.4962082
1.8066358
2.3266052
1.850067
1.8403163
1.3878785
2.7969827
2.4202559
3.337273
2.3910356
2.1489809
3.5693728
3.6881138
2.5235472
3.132997
2.9461499
3.0219025
3.4363349
3.2002488
2.7116397
3.2804361
2.0474726
2.2822428
1.7676431
2.593964
3.2578904
2.8947879
2.0063075
2.7044023
1.349017
2.9413426
2.6647941
2.30749
3.2576656
3.1424656
2.7005577
2.4394014
1.7088172
2.2348834
2.9382807
2.3663904
1.7864073
1.6323442
1.491527
2.3012686
1.8812479
1.9398503
1.5140601
