5.0
2.8274861218395144
3.63248290463863
5.0
3.672983346207416
3.2229833462074167
2.9209993123162104
2.48861278752583
3.559585518440984
3.162277660168379
1.889822365046136
1.4398223650461361
1.5912414523193152
3.8324829046386304
3.0833333333333335
3.9886201760873283
2.886751345948129
3.3386201760873284
0.0
3.8770717334674263
2.48861278752583
3.672983346207416
3.335533905932737
2.777486121839514
4.093416490252569
4.264045207910317
5.0
2.25
3.1333333333333333
4.4291004988627565
3.88248290463863
3.579644730092272
4.08248290463863
4.164354645876385
2.4226124191242437
5.0
4.077071733467426
5.0
3.2855339059327378
2.886751345948129
4.025771273642583
3.1333333333333333
4.35
2.9709993123162106
3.680127018922193
5.0
1.639822365046136
1.5912414523193152
4.4291004988627565
3.8324829046386304
2.9709993123162106
4.55
2.48861278752583
3.023268353539885
4.8
4.314045207910317
4.164354645876385
5.0
2.886751345948129
3.422983346207416
0.0
1.4398223650461361
3.2855339059327378
3.752847075210474
3.88248290463863
4.130127018922193
2.9355339059327377
5.0
4.364354645876385
4.330127018922193
2.686751345948129
3.8729833462074166
5.0
3.8324829046386304
3.952847075210474
2.9008683647302114
3.680127018922193
3.242744729379982
5.0
3.88248290463863
5.0
4.364354645876385
5.0
3.8801270189221926
3.952847075210474
2.512277660168379
4.8
3.88248290463863
3.692744729379982
5.0
5.0
1.5912414523193152
5.0
3.72677996249965
4.714045207910317
3.6824829046386305
3.872983346207416
0.0
4.130127018922193
4.8
2.929644730092272
3.4801270189221927
4.8
3.2855339059327378
3.102847075210474
4.229100498862756
3.88248290463863
3.335533905932737
4.35
3.352847075210474
3.1333333333333333
3.872983346207416
4.379100498862757
2.041241452319315
4.8
3.162277660168379
3.672983346207416
3.5355339059327378
3.9226701686664547
2.686751345948129
2.2968311024337873
4.130127018922193
3.2855339059327378
3.1333333333333333
3.1333333333333333
3.788620176087328
3.5355339059327378
2.7968311024337873
3.2855339059327378
2.2968311024337873
3.196831102433787
3.061862178478972
4.47213595499958
3.2229833462074167
3.464014327112209
2.7709993123162104
3.88248290463863
3.160251471689219
4.08248290463863
3.8801270189221926
4.330127018922193
4.164354645876385
3.273268353539885
3.422983346207416
2.236751345948129
3.162277660168379
3.422983346207416
4.1301270189221935
4.4291004988627565
3.5355339059327373
4.225771273642583
4.4291004988627565
3.422983346207416
3.335533905932737
3.335533905932737
4.272135954999579
4.330127018922193
3.418996928526714
4.164354645876385
3.8324829046386304
3.1333333333333333
5.0
5.0
3.3355339059327376
5.0
3.3355339059327376
3.88248290463863
3.3796447300922723
2.041241452319315
3.872983346207416
2.512277660168379
3.023268353539885
3.8324829046386304
4.272135954999579
4.330127018922193
3.268996928526714
2.6867513459481285
3.752847075210474
3.964354645876385
5.0
2.886751345948129
3.952847075210474
3.5757712736425833
4.364354645876385
3.1333333333333333
3.959585518440984
3.579644730092272
3.8324829046386304
4.55
4.225771273642583
3.529644730092272
3.922322702763681
3.288620176087328
4.330127018922193
2.886751345948129
4.229100498862756
3.464014327112209
3.8324829046386304
3.196831102433787
4.330127018922193
5.0
3.2855339059327378
3.5267799624996496
3.8140143271122087
4.47213595499958
3.3796447300922723
4.164354645876385
5.0
4.55
2.9709993123162106
3.8801270189221926
2.9355339059327377
5.0
3.3333333333333335
2.9709993123162106
3.5355339059327373
4.330127018922193
2.4726124191242436
4.330127018922193
2.5
4.8
5.0
2.861862178478972
3.692744729379982
3.222983346207416
3.8257712736425833
3.775771273642583
5.0
5.0
2.9709993123162106
3.88248290463863
3.5355339059327378
4.8
3.5355339059327373
4.55
4.225771273642583
3.8801270189221926
2.765113445777636
3.6188130791298665
4.130127018922193
4.714045207910317
4.35
4.330127018922193
5.0
4.272135954999579
4.364354645876385
4.564354645876385
5.0
3.88248290463863
3.88248290463863
5.0
5.0
3.162277660168379
2.885533905932738
4.330127018922193
3.023268353539885
2.668996928526714
2.992744729379982
3.422983346207416
4.8
3.2855339059327378
2.712277660168379
3.4801270189221927
3.5355339059327373
3.162277660168379
3.930127018922193
4.330127018922193
3.8729833462074166
5.0
4.330127018922193
1.7860679774997896
3.8324829046386304
3.63248290463863
4.4
4.330127018922193
3.196831102433787
4.130127018922193
3.8729833462074166
2.686751345948129
3.680127018922193
4.08248290463863
3.5355339059327378
2.88248290463863
3.88248290463863
2.912277660168379
3.1333333333333333
5.0
3.162277660168379
2.041241452319315
4.330127018922193
3.67213595499958
3.5355339059327378
3.464014327112209
4.55
3.8324829046386304
4.009585518440984
2.041241452319315
3.775771273642583
3.0855339059327376
3.775771273642583
3.2855339059327378
3.88248290463863
3.352847075210474
3.559585518440984
3.2324829046386303
3.472983346207416
3.8089186286863654
4.8
2.123500981126146
3.5355339059327378
2.7209993123162106
5.0
2.886751345948129
3.672983346207416
4.47213595499958
4.47213595499958
4.8
4.08248290463863
3.196831102433787
3.0833333333333335
3.672983346207416
4.8
4.130127018922193
3.162277660168379
3.552847075210474
3.135533905932738
5.0
5.0
0.0
3.88248290463863
2.6726124191242437
4.47213595499958
3.5355339059327378
3.135533905932738
3.3333333333333335
3.162277660168379
3.4824829046386303
3.061862178478972
4.330127018922193
3.872983346207416
4.4291004988627565
5.0
5.0
1.5412414523193152
4.130127018922193
2.8732683535398853
4.47213595499958
2.962277660168379
3.1333333333333333
5.0
2.48861278752583
3.8324829046386304
2.6367513459481287
4.75
3.779644730092272
4.330127018922193
4.272135954999579
3.9791004988627563
3.5355339059327378
3.2188130791298666
4.4291004988627565
2.8514837167011073
4.364354645876385
5.0
2.777486121839514
3.8729833462074166
3.8324829046386304
3.872983346207416
5.0
3.88248290463863
4.379100498862757
3.3796447300922723
2.7880715233359843
4.080127018922193
3.872983346207416
3.023268353539885
2.912277660168379
2.6367513459481287
2.041241452319315
3.023268353539885
4.314045207910317
4.35
3.472983346207416
4.8
2.6367513459481287
3.222983346207416
4.35
2.9355339059327377
4.8
2.23606797749979
2.4367513459481285
5.0
1.4398223650461361
3.3796447300922723
3.4824829046386303
3.1333333333333333
2.762277660168379
1.5912414523193152
5.0
