5.0
4.8
4.330127018922193
5.0
4.8
3.779644730092272
5.0
4.130127018922193
4.130127018922193
4.8
4.130127018922193
5.0
2.886751345948129
3.5355339059327378
3.88248290463863
5.0
5.0
3.5355339059327378
4.564354645876385
4.8
4.8
3.162277660168379
4.8
3.5355339059327378
4.130127018922193
5.0
2.886751345948129
4.330127018922193
3.5355339059327378
5.0
4.272135954999579
4.130127018922193
5.0
5.0
4.08248290463863
5.0
5.0
3.5355339059327378
5.0
4.130127018922193
5.0
5.0
5.0
5.0
5.0
5.0
5.0
5.0
5.0
5.0
4.8
0.0
3.5355339059327378
5.0
4.130127018922193
5.0
4.08248290463863
4.130127018922193
5.0
5.0
4.130127018922193
4.8
3.672983346207416
5.0
4.130127018922193
5.0
3.5355339059327378
5.0
2.962277660168379
3.472983346207416
4.130127018922193
3.5355339059327378
4.8
5.0
3.5355339059327378
3.3355339059327376
4.08248290463863
4.8
5.0
3.5355339059327378
4.130127018922193
4.130127018922193
4.130127018922193
4.8
5.0
5.0
4.330127018922193
3.672983346207416
2.886751345948129
5.0
4.072135954999579
4.08248290463863
4.130127018922193
4.130127018922193
4.130127018922193
3.5355339059327378
3.5355339059327378
3.5355339059327378
3.5355339059327378
4.130127018922193
5.0
5.0
4.08248290463863
2.886751345948129
2.886751345948129
4.330127018922193
4.330127018922193
4.8
2.23606797749979
3.5355339059327378
3.5355339059327378
3.5355339059327378
3.672983346207416
3.5355339059327378
5.0
3.88248290463863
5.0
4.330127018922193
3.6824829046386305
4.8
3.5355339059327378
4.130127018922193
4.130127018922193
3.472983346207416
3.5355339059327378
4.130127018922193
3.5355339059327378
4.130127018922193
4.08248290463863
4.130127018922193
4.130127018922193
5.0
4.330127018922193
4.8
4.330127018922193
2.886751345948129
2.886751345948129
3.5355339059327378
0.0
3.3355339059327376
3.5355339059327378
4.130127018922193
2.686751345948129
2.23606797749979
2.962277660168379
3.5355339059327378
3.5355339059327378
4.08248290463863
4.130127018922193
5.0
2.23606797749979
4.130127018922193
3.5355339059327378
4.330127018922193
3.5355339059327378
4.330127018922193
4.330127018922193
4.8
3.162277660168379
3.5355339059327378
3.2855339059327378
5.0
5.0
5.0
3.472983346207416
5.0
5.0
4.8
3.162277660168379
2.23606797749979
4.08248290463863
3.472983346207416
3.472983346207416
2.5
4.130127018922193
2.23606797749979
4.8
2.686751345948129
2.3
3.5355339059327378
4.130127018922193
2.886751345948129
2.886751345948129
4.8
4.130127018922193
4.08248290463863
4.272135954999579
4.8
3.3355339059327376
3.5355339059327378
3.672983346207416
2.5
5.0
3.5355339059327378
4.330127018922193
3.32677996249965
5.0
2.962277660168379
4.08248290463863
4.8
3.88248290463863
3.5355339059327378
5.0
3.073268353539885
2.886751345948129
2.3
5.0
4.130127018922193
2.5
3.672983346207416
5.0
3.779644730092272
3.5355339059327378
4.272135954999579
3.5355339059327378
4.072135954999579
4.272135954999579
5.0
5.0
5.0
4.8
4.47213595499958
3.5355339059327378
3.5355339059327378
4.6
3.672983346207416
4.8
4.08248290463863
4.08248290463863
2.23606797749979
2.23606797749979
4.364354645876385
4.330127018922193
4.330127018922193
5.0
2.686751345948129
2.5
4.130127018922193
2.23606797749979
4.072135954999579
5.0
4.8
3.3355339059327376
4.08248290463863
2.23606797749979
2.962277660168379
2.962277660168379
1.8412414523193152
2.041241452319315
3.5355339059327378
3.3355339059327376
3.3355339059327376
4.330127018922193
5.0
2.5
4.130127018922193
4.08248290463863
3.5355339059327378
2.5
0.0
3.88248290463863
3.5355339059327378
5.0
4.08248290463863
2.23606797749979
2.0360679774997896
3.872983346207416
4.08248290463863
4.8
4.272135954999579
3.3355339059327376
3.3355339059327376
4.8
4.330127018922193
4.130127018922193
3.162277660168379
4.272135954999579
3.135533905932738
4.164354645876385
4.330127018922193
2.486751345948129
2.23606797749979
4.6
2.5
3.672983346207416
4.164354645876385
4.272135954999579
3.5355339059327378
5.0
3.3355339059327376
3.5355339059327378
5.0
3.872983346207416
5.0
0.0
0.0
2.3
5.0
3.5355339059327378
3.5355339059327378
2.5
2.886751345948129
2.886751345948129
3.579644730092272
3.162277660168379
4.330127018922193
4.272135954999579
2.23606797749979
2.23606797749979
2.962277660168379
2.962277660168379
5.0
4.330127018922193
2.686751345948129
0.0
4.330127018922193
2.5
2.5
4.272135954999579
4.08248290463863
4.08248290463863
4.130127018922193
2.886751345948129
2.0360679774997896
3.5355339059327378
2.0360679774997896
2.886751345948129
4.8
2.962277660168379
2.5
3.3355339059327376
2.4726124191242436
4.8
2.962277660168379
0.0
2.23606797749979
2.5
2.23606797749979
3.672983346207416
4.08248290463863
2.23606797749979
2.23606797749979
2.23606797749979
3.5355339059327378
2.962277660168379
2.962277660168379
2.762277660168379
4.8
4.08248290463863
2.041241452319315
3.3355339059327376
0.0
2.686751345948129
5.0
4.8
3.162277660168379
2.23606797749979
4.8
4.08248290463863
2.886751345948129
3.930127018922193
2.3
2.272612419124244
2.962277660168379
3.672983346207416
5.0
2.5
3.672983346207416
4.330127018922193
5.0
5.0
5.0
3.3355339059327376
2.962277660168379
2.5
4.6
3.472983346207416
3.88248290463863
2.962277660168379
3.162277660168379
4.330127018922193
3.3796447300922723
2.962277660168379
2.686751345948129
3.872983346207416
2.5
2.23606797749979
2.23606797749979
4.8
4.08248290463863
1.8412414523193152
1.8412414523193152
5.0
3.5355339059327378
2.23606797749979
3.162277660168379
2.962277660168379
4.025771273642583
3.5355339059327378
3.6824829046386305
4.330127018922193
3.872983346207416
4.130127018922193
4.130127018922193
3.3355339059327376
2.5
3.179644730092272
1.7677669529663687
1.8412414523193152
2.1
3.3355339059327376
2.23606797749979
2.486751345948129
2.886751345948129
3.872983346207416
0.0
2.886751345948129
4.47213595499958
2.23606797749979
4.08248290463863
4.330127018922193
3.88248290463863
1.8412414523193152
2.486751345948129
4.08248290463863
0.0
2.886751345948129
2.886751345948129
3.5355339059327378
4.330127018922193
5.0
2.686751345948129
3.672983346207416
4.08248290463863
2.041241452319315
3.872983346207416
4.08248290463863
2.962277660168379
3.3355339059327376
1.8412414523193152
0.0
4.08248290463863
3.88248290463863
1.8412414523193152
3.872983346207416
3.162277660168379
4.130127018922193
4.8
3.3355339059327376
3.273268353539885
3.88248290463863
3.3796447300922723
4.330127018922193
2.686751345948129
2.686751345948129
2.041241452319315
2.962277660168379
3.135533905932738
3.073268353539885
0.0
2.23606797749979
1.6898223650461361
3.672983346207416
3.88248290463863
3.672983346207416
3.3796447300922723
3.5355339059327378
3.5355339059327378
0.0
2.23606797749979
1.8412414523193152
3.162277660168379
3.162277660168379
0.0
2.486751345948129
1.889822365046136
4.47213595499958
1.4666666666666668
3.073268353539885
3.3355339059327376
4.130127018922193
3.3355339059327376
3.3355339059327376
2.962277660168379
2.23606797749979
2.8732683535398853
2.686751345948129
1.8412414523193152
4.8
4.8
2.762277660168379
3.162277660168379
3.1355339059327374
3.472983346207416
2.041241452319315
1.889822365046136
2.4726124191242436
1.8412414523193152
2.762277660168379
1.8412414523193152
2.272612419124244
0.0
1.8412414523193152
3.579644730092272
3.3355339059327376
3.5355339059327378
3.162277660168379
3.5355339059327378
3.472983346207416
3.5355339059327378
4.8
2.041241452319315
2.5
1.8412414523193152
3.622983346207416
2.686751345948129
2.041241452319315
2.0360679774997896
3.3333333333333335
4.330127018922193
3.672983346207416
1.4898223650461362
2.886751345948129
3.930127018922193
3.5355339059327378
1.6898223650461361
2.0360679774997896
2.686751345948129
1.7677669529663687
2.272612419124244
4.330127018922193
3.672983346207416
3.2824829046386306
3.3355339059327376
2.041241452319315
2.762277660168379
0.0
0.0
2.0360679774997896
3.472983346207416
2.661862178478972
2.686751345948129
3.6824829046386305
2.041241452319315
2.4726124191242436
2.962277660168379
0.0
2.0360679774997896
3.135533905932738
4.330127018922193
3.135533905932738
2.4726124191242436
1.83606797749979
4.47213595499958
4.6
2.23606797749979
3.135533905932738
4.072135954999579
2.686751345948129
1.8412414523193152
2.0360679774997896
2.962277660168379
2.041241452319315
4.130127018922193
0.0
2.4726124191242436
4.330127018922193
2.272612419124244
2.041241452319315
4.130127018922193
4.8
3.5355339059327378
2.4726124191242436
2.861862178478972
2.0360679774997896
1.6412414523193153
3.6824829046386305
4.330127018922193
2.5
4.330127018922193
4.072135954999579
3.672983346207416
4.130127018922193
3.135533905932738
2.686751345948129
2.2111648393354675
3.3355339059327376
2.23606797749979
2.886751345948129
2.962277660168379
0.0
2.3
4.330127018922193
5.0
2.962277660168379
2.686751345948129
2.0360679774997896
0.0
2.886751345948129
3.3355339059327376
3.162277660168379
3.5355339059327378
3.930127018922193
3.5355339059327378
2.686751345948129
2.962277660168379
4.272135954999579
2.3
3.5355339059327378
2.886751345948129
3.672983346207416
2.686751345948129
1.6898223650461361
2.0360679774997896
1.6898223650461361
3.5355339059327373
4.47213595499958
3.162277660168379
2.962277660168379
2.23606797749979
2.6726124191242437
1.889822365046136
2.611862178478972
3.335533905932737
4.330127018922193
2.533333333333333
0.0
2.686751345948129
2.6232683535398853
2.041241452319315
1.889822365046136
3.6824829046386305
2.4726124191242436
2.686751345948129
1.8412414523193152
2.041241452319315
0.0
3.672983346207416
2.1
0.0
2.0360679774997896
3.672983346207416
3.6824829046386305
0.0
0.0
0.0
0.0
2.1570226039551583
3.3355339059327376
2.962277660168379
2.6726124191242437
2.23606797749979
2.962277660168379
2.3
3.6824829046386305
2.686751345948129
3.672983346207416
0.0
4.6
1.7677669529663687
2.5
2.8732683535398853
3.3355339059327376
2.041241452319315
3.162277660168379
1.889822365046136
3.5355339059327378
3.162277660168379
3.88248290463863
3.135533905932738
4.130127018922193
2.13861278752583
1.8412414523193152
4.364354645876385
2.8732683535398853
2.4726124191242436
2.686751345948129
3.1355339059327374
3.5355339059327378
3.472983346207416
1.6666666666666667
0.0
0.0
2.4726124191242436
1.5677669529663687
2.041241452319315
2.5
3.6824829046386305
3.135533905932738
2.272612419124244
3.672983346207416
3.135533905932738
3.162277660168379
0.0
2.8732683535398853
2.886751345948129
0.0
2.4726124191242436
3.672983346207416
2.5
0.0
2.962277660168379
2.23606797749979
0.0
2.272612419124244
0.0
2.0726124191242437
1.4666666666666668
2.4726124191242436
4.072135954999579
2.23606797749979
3.3355339059327376
1.8412414523193152
3.579644730092272
3.5355339059327378
1.6898223650461361
2.5
3.073268353539885
3.3355339059327376
3.073268353539885
5.0
2.886751345948129
3.88248290463863
2.23606797749979
2.041241452319315
1.6898223650461361
2.486751345948129
4.08248290463863
3.3355339059327376
0.0
2.4726124191242436
2.4726124191242436
2.8732683535398853
2.4726124191242436
1.6898223650461361
3.680127018922193
3.6824829046386305
2.686751345948129
3.5355339059327378
0.0
2.686751345948129
0.0
2.1
1.6898223650461361
0.0
0.0
3.5355339059327378
0.0
2.735533905932738
0.0
