4.1459292922
4.8198309790
1.0197627837
0.0294795148
2.9938218807
2.0486124534
1.5657267249
3.7361300937
3.1046942924
3.8012377874
0.3261164064
4.1341420030
4.2303795311
3.5546010876
3.1849946365
4.7404182707
1.2693778936
2.1546416247
1.1714931080
2.8036638702
3.2232747323
4.1632286543
2.8971343012
4.4067320040
4.9779693336
4.3121785103
4.9585271550
3.0452224212
0.3997492542
4.8876931235
3.7469574375
3.2479324028
0.8994867967
3.8709085686
4.6472300788
2.1992808556
4.9470650263
0.0555249848
0.9419868487
0.7523423393
3.7713488884
3.3596630729
2.0374702301
0.0244611401
2.3080166540
4.4322901611
4.5808097145
3.4895109873
2.1483971490
2.0390383477
1.1014715973
4.1187940236
4.9777830826
1.7903813086
0.4502642343
4.3765284774
2.5927993427
1.5674527895
1.2635792043
3.3991784722
2.7662114295
3.6059114191
1.1993514664
3.3369768519
2.8366023209
3.0429410770
2.7911399629
2.9204531107
4.1827900632
2.8216064542
4.4799907733
3.8472988125
1.5824923214
4.0133674574
3.0081994210
4.5313025723
0.6259820717
2.7747265506
4.7082138419
4.2843110685
1.7733596264
0.5369978038
1.8728164080
1.7362919688
4.6142543265
0.4564281517
0.9441188129
2.5627844033
0.3575535670
2.2708779554
3.5691491407
3.6616430053
2.3830514076
1.2426122306
0.0148826150
2.2834578926
0.8042529218
2.8662236620
2.1570679189
2.2069355806
4.7901277225
4.1161865829
1.4123561621
3.4995500161
4.8821658216
3.6580352671
3.9949010978
3.3057390198
3.6210652094
2.1868029813
3.6852436334
1.2537747221
2.5048123340
0.7504080777
2.6050225910
2.7152474054
3.0674680801
3.0065127944
1.0155936209
0.2380658117
2.7669319635
4.1195171804
2.8873407174
3.9083137797
3.3622401216
1.7784174862
3.4203064893
4.2846583255
0.6490973674
2.2830132752
1.1023497695
0.4508483081
0.2995141347
3.0602732249
4.5505888560
4.9098709273
2.2514046472
2.4175739132
4.8432572424
2.7133658027
0.6412171532
2.9761416418
2.3757626633
3.8008785898
1.8321496402
3.5456123342
3.2958012254
3.8875383195
4.2179191485
4.2665615945
0.1325628744
4.9609602033
1.3736886977
4.5576539144
2.4447240208
3.0569288550
3.8685269871
0.7313495984
2.7970343903
3.2101510378
2.8752214985
4.3886480471
2.5274696165
3.5056524788
4.2315494714
0.7490194083
2.9933653448
1.8759253036
0.0810225084
3.6244910901
0.9585242027
2.5395315543
4.8000733556
1.5929440381
4.6924704987
3.8024793654
4.8926867606
0.1792938279
3.1519204833
4.8413820086
1.5832542933
2.2067663231
3.2728650168
1.2573814815
4.2852446929
1.4544347074
1.1547780979
4.7853879288
0.1790407323
1.9501969422
1.5173454721
1.9207992476
1.1495398395
1.5671979214
0.7713540305
4.1950920711
1.0560128384
1.5812216265
2.9012214873
4.9052112397
2.1170522410
4.8198032218
1.9049284439
0.7453501839
0.3666325904
0.4018720963
1.0913179829
2.6724546647
2.0883894941
0.5688921630
4.1739529435
3.5806673572
1.6698652503
0.0620980807
2.9196945651
1.7901561343
3.8829564286
0.0510432820
0.4692398329
1.7506549252
0.5280464778
0.9899105838
1.2220051502
2.7010379979
2.1548534601
2.5216465401
0.0105724899
2.7479167570
0.0610334184
1.7958493785
3.8376474826
1.0662879744
3.4788427307
1.2724751595
4.6339685508
2.7744940895
1.1900921578
0.2859605172
0.7573287683
0.7881251441
4.3002602091
4.7075508030
2.4949291566
2.3600683624
1.4846379968
1.9098524631
2.8734002055
1.5168906654
0.2640409896
3.6774058550
2.1083590743
0.6084418321
1.2368590670
2.5690322589
3.0392897597
1.3044369010
4.2905640866
3.6986043781
1.6624440710
3.6583860523
4.6324178631
2.7156059608
3.1765890902
3.0782839470
1.6498120862
4.5183911291
3.8416234798
2.9107686212
2.6598393392
3.5825603789
4.9818270996
1.7799578704
3.2003800798
4.7235958305
4.9728974591
1.1959389089
2.7068582698
4.2042259774
1.3796891387
2.3361202760
2.9061573650
0.7384277103
4.1700600116
0.3336737895
2.6289126460
4.6091536015
1.2454174634
2.1125441326
2.7210444630
2.6075531283
3.2920503869
1.4725547169
4.4431339362
1.1975205077
1.0763551011
0.1386861036
1.9408570637
3.4188569279
1.9544670605
0.1864677932
4.7005991030
4.8513139906
4.2310718472
4.1845509391
4.1616075729
0.0845459570
3.5373900383
1.5529887944
0.0202733327
0.7679237081
1.0742376761
0.7217387967
3.0546439964
0.4697610208
3.1180088027
1.3417354271
2.2299864938
1.3564066222
1.8663854103
1.9070116756
3.2716649624
0.5346213357
1.5231547772
3.0003394055
3.0529504056
4.7905712828
3.5199310584
2.9894104545
4.9264187404
0.2386333724
1.2446887482
1.3415112477
3.3027380589
1.9741609964
1.4062967906
2.9608993441
4.2649331835
3.4456537826
4.7897952459
2.7067410055
1.1053099937
3.7407982330
3.2437080851
0.8457098690
4.3324125775
4.9631039208
4.1485874504
2.9104984524
2.7535871022
3.0849854368
3.7212131432
4.7550018147
2.6724764486
2.1508912828
1.4530277474
3.4533665676
3.4182331863
4.1003402197
0.9216992281
0.7211538804
3.3532044384
4.2435009954
0.5740206251
3.3333624669
3.0877246632
0.0873757285
3.7951571508
3.3699420968
2.9044904216
4.6429783057
2.3576361635
3.2817702424
0.7914488728
2.9855197893
3.9031716853
0.6890593768
4.0724981022
4.9610308284
2.4367739298
1.4031304884
2.3714865060
4.8826992446
4.4065922575
0.5078748803
2.6495493871
4.5152371240
0.0711786583
4.0086015983
3.8118977330
4.8606987131
4.8005648193
1.8160271888
1.0215658985
0.3173559931
4.2665706531
2.8977282366
3.4087456743
0.8456358107
1.2145823746
