4.4384649446
2.5469835212
4.8753233221
0.9281138824
4.1075784824
0.8056865422
4.4438671269
0.4694360927
3.6125375679
1.8019597049
1.4139926341
3.7826614826
0.4029481848
2.9429987822
1.2347536491
3.6386336623
0.0783184728
1.8263948086
3.1211835068
0.4380084415
2.0681093031
2.9629954640
0.9730622861
4.2911391751
4.4647209692
4.3725237288
1.7121827945
0.9648391437
2.7494503356
1.1252429658
0.7296362505
4.5116216013
2.8146951262
1.9053570293
1.6754749290
0.7915379315
0.0145127529
1.0671167480
4.1569751521
4.5252507373
0.7288492465
0.6507779853
0.2114714740
2.3203119768
1.7537535139
2.7087542667
4.3738382899
2.8347117429
0.5207223803
1.6767864858
3.2212599432
4.8796912959
0.8836467299
1.6030962737
4.9186812948
2.5177697978
1.8129376140
4.8408060542
1.2426191984
2.7352381850
4.5152174969
3.4140304191
1.0798179695
3.9174710555
1.1060049339
4.1127280587
2.4971503017
4.4398686615
4.2452649743
3.4605338851
3.1924257329
3.2197613915
2.9853315248
2.8663749985
1.7602232642
3.0210088139
4.2519458537
1.4258445916
3.5559896411
0.8322497515
4.7970364288
4.2213225610
3.5945416903
0.3738792711
3.4320534225
0.3980733279
4.4705065165
3.0530382178
2.8194555493
4.4125279625
1.5984788849
0.7585213188
1.9042414893
2.3823019750
1.5157472819
0.2499862273
1.1847620497
1.4669698922
1.7119405481
2.4827484979
0.8206065027
4.3040957995
3.6051021578
4.6584716835
0.0639162579
2.1745131956
2.2953607481
3.6940278390
2.5784552542
4.3104906072
4.5340099426
0.9496570211
1.9181982514
2.4544692441
1.6515394239
2.7003651920
1.2047496218
2.8668983623
4.7126991600
2.9214635900
3.9418653570
4.7398307512
4.8953812321
0.3935894292
4.8976338710
1.7470076871
1.5239454186
0.0209030422
1.1730158667
0.9279176065
1.5931971159
2.1580006086
4.4526140935
1.5176384704
2.2787758927
2.9191097152
3.1335293292
0.7791781130
3.3910815330
4.1131674974
2.5753734267
4.5316426270
0.0565283936
3.0293633182
2.2739928416
3.3851478248
1.9309798482
3.6617301693
4.8888707580
0.7593258597
4.8103990662
1.6835865401
4.9458118276
3.4720759952
1.7134119517
2.0913837008
3.7792846825
3.0124980926
4.9955893056
0.6642475125
0.1002428505
4.8584874570
0.2074197318
2.4147893040
1.0935285434
1.2451430510
3.6343890523
1.9262923693
2.4228750737
0.3429555699
3.4311575915
3.7219795475
0.1004764486
2.6508302819
2.1710101863
0.6376784616
0.1521260400
0.6626196828
4.4306467602
4.0668946258
1.0587042177
0.2193757164
0.6887103038
2.1172740967
3.4016065093
4.9334883696
4.5695657154
2.3130069563
3.1954632769
2.2638896917
4.0627237221
4.8553359812
1.4087481508
1.1603275124
3.3095505914
0.4225616877
3.8947695832
4.1842341594
0.4047431207
3.5644708654
1.7658769524
2.9869401154
1.2083310139
1.3897810233
3.4169037187
1.3940436232
0.7181717889
3.1279331922
1.3549542703
2.8469025472
3.1921283638
4.3904505710
0.5272823616
3.9058471577
2.0280930147
1.3873058725
2.4034965067
2.0703297217
4.7690950326
2.7486262448
0.9995754000
3.5424616754
0.3758797086
0.9430566165
2.8067234622
0.3039995398
2.7421747983
2.0057705565
2.0761070205
4.1227094199
4.9755939216
2.5291575674
2.6197744757
4.8101747258
4.1526160101
4.7184474481
1.6179931622
3.2556454766
0.5178024788
0.0669012916
3.4138705261
4.8237180065
2.6394708346
0.6077751268
0.8581317921
1.5698639046
1.0761615101
0.2032414962
4.0115895298
2.1676043936
0.1357653766
0.3371566791
4.3820765201
1.3030839046
1.3230992250
1.9954321555
4.9689611358
1.7536921392
3.8386270536
3.5043785513
0.2049881321
1.1821002538
3.7931528397
0.4164340394
0.0558763777
4.4286217517
3.6885071614
1.3999872967
1.5872726856
3.4343150452
4.7459921257
0.5245029511
0.9013466065
4.8639702685
4.1717381341
2.7059253030
0.5371788711
1.5894505889
0.7758886156
2.4655692943
0.9164351923
3.8352957941
1.1210165620
0.5867265243
0.7855414084
4.4536761383
3.6903660594
0.9584638990
1.5852245408
2.2864651281
4.3300045954
2.5601435571
0.3860213067
2.2682639204
2.3379942910
1.5507403527
3.2229700393
4.0336651157
0.2210939224
0.1248977086
0.9936078822
0.6010227632
2.0037652252
4.7267893915
3.3406316033
4.8277561694
0.5094780744
3.3703140223
2.3048114872
0.9611404203
4.7102162677
2.9001362222
3.8262625610
2.7641342211
2.7920303717
1.6959235350
1.1048899687
4.4766985119
2.2634429854
4.4282569549
3.2562746752
3.7060251768
2.2560863883
0.3286853534
4.8606159371
1.2290068084
3.1653694436
3.0509456425
2.7833871629
0.4701437592
0.2510813733
3.5413014507
4.8215059866
2.9990363998
4.5771211814
0.5722087318
3.2131066366
1.0129064344
0.2950946325
4.3471673963
3.1480970734
1.2486141016
1.3630723588
0.1808590464
2.0768739546
3.7508959339
0.1987044336
1.9758225437
2.6727693180
0.1326732663
0.8711151712
2.5364267329
2.7375530279
2.4510326928
0.3801585629
2.6173335149
1.5167785635
1.2187389764
4.5119261884
1.6346999145
2.8217256954
3.8339163400
3.1187172216
0.7648651304
2.9365760804
2.3759584120
0.3884808407
2.5111531083
1.5632958413
3.1480581870
0.4471265147
2.9817632503
3.4531568748
2.9883699949
0.1967938335
3.0407167758
4.9641949921
1.4932334755
4.6195323477
3.0727942985
4.5300921160
1.2457377259
3.3698398371
2.4487866883
4.0305206894
3.5979399554
4.6077461050
2.4487565615
4.8090652654
1.7701599441
1.9688353598
4.6610671013
4.7262280026
1.0889571793
4.8766250538
1.9394986585
1.1861455468
3.2477945488
1.1395392747
0.2887870439
3.7015336039
4.0302587088
3.7684319714
1.4324508989
2.8176964661
1.0524255379
2.0459560336
1.8710243434
1.2994808920
2.6540372447
3.1863900628
1.4920955510
2.4817311458
4.0712285274
2.0698021640
2.9773173164
2.8216537133
1.7583605010
3.9092507953
1.5503723591
4.5886903045
3.0729757334
0.7213232062
2.9114393692
0.5428152930
2.2039834591
1.7915438382
2.3488359618
3.5350327758
4.9950537043
4.1455248132
0.0511570671
2.5042880483
2.3071004494
4.3082798609
1.0604521718
0.0236925193
3.4680499095
1.3276082946
3.3089875383
4.6871790208
1.6953283187
4.3882285041
0.9222403939
1.4373701433
0.7452970982
1.1023774518
2.8054163963
0.7690947277
1.3709697573
4.2464953987
3.2695397695
0.3437910173
4.9596471594
0.8546101113
2.6087326751
3.3017782911
1.3086136697
0.9749736757
3.5784969463
2.7364761195
4.2908790213
0.3608643279
0.3145825815
1.8121407720
0.9033872861
2.9783469646
4.4954436883
4.6702358210
1.1945279461
2.5679157907
0.3135391865
2.0254476924
2.9816825249
1.9536724492
2.8601528497
2.5375108777
0.3165563850
2.2289995272
4.8264304856
1.1369607966
3.8879369286
4.0031741040
4.4145315513
3.3498489576
3.0981693714
3.2262555640
4.1748635727
1.8171241620
0.3690573064
0.6427278027
4.2291307099
2.0382190969
0.3612102448
1.0962547653
0.2983279844
2.4254228333
3.5923320334
0.9226215509
2.8769203835
2.9665305401
1.3569553077
3.7452076310
0.2294565836
2.7293312163
1.6531857635
4.6125256561
3.0371007076
2.5646364817
3.8597588322
0.5914354022
4.0954676638
3.2773075311
4.3558881299
3.4192092128
3.5212885098
4.2302672890
4.8918826439
3.4049093799
0.2265072693
2.4585796845
2.8833358173
2.5033908426
2.6802400054
0.4237518491
0.5769773257
0.9271409298
3.1205560363
3.1975069864
2.2112852035
3.1412131899
0.7713402835
0.1850497457
1.4370648936
3.9494312049
3.3397601755
1.1765911968
0.7679205797
4.2361822392
1.1454106120
3.1395310312
1.1715056103
2.9034661821
1.8944915271
3.4597494508
4.8914007724
0.5290140798
3.0459548980
3.4271044275
2.5863144175
1.1754691712
0.3091369327
0.3962506755
0.0960348002
3.7756833079
4.4047869534
3.8887088444
3.8783252743
4.2935995173
1.3575624800
4.7257561690
2.0219950150
4.8680688178
1.2650505303
2.2748471739
1.9210845085
2.8580127779
4.4063934908
4.8761940816
2.2139839860
4.8569442969
1.3659644005
2.2027553755
1.5479870950
0.5839742238
3.4106964323
4.5487365950
2.5510291978
1.1036623015
2.9831950663
2.0819639343
1.0830525902
3.1106440682
4.8693442474
2.8179376634
2.2325874501
1.3347323520
1.3345800050
0.2524228334
4.5308702633
3.2916293979
2.4662919097
3.1401282376
2.7153986539
3.2025950513
3.7329946580
4.1350252465
4.9046257787
4.5281243375
4.6991843217
0.8594549609
3.8910365341
0.0662457883
1.1964766911
0.2812792176
1.1447545950
0.3314365442
1.5281639906
2.0284873842
4.0958615631
0.0969631559
3.4102913633
0.8270406580
2.9606500581
0.7089246893
0.9654412217
1.6191078123
2.2530892566
0.4872487714
0.7764421550
0.0046350537
3.7139869820
4.1558481494
1.5701348899
1.4894369543
2.5609447821
1.4951867523
1.7832011175
2.0483593374
1.1546043181
3.0053566885
2.0130871565
2.7938376159
0.6613826379
1.2917826601
1.0805537209
4.0402694440
4.4185233307
4.6398244780
4.2328008124
3.8755777312
0.1506079755
2.0954432921
3.4570232863
3.9863231277
3.2025605066
1.5989593623
2.2163432437
3.0655230954
4.6256439505
0.8756102575
1.3791604045
0.6873616857
1.4411272395
4.9335948407
4.1080063252
1.2252692231
3.2004472981
3.9866618419
3.8770530522
2.7750782911
3.1281911439
2.2487987990
1.1737068604
1.3194108181
1.5705821450
4.4535492238
2.3375334333
4.6200347049
2.1510066633
4.7559095862
3.1305575009
1.7791864028
1.2572198773
3.2722346697
4.2013278813
1.6869521951
1.1321054514
1.3103365945
0.4887333889
1.9285247192
1.6192407019
2.0108508984
3.6512164740
2.3119165571
1.3121698181
1.8504390645
0.8467050787
1.2835585763
2.5864703466
3.2016023654
4.1253393235
1.8068011897
1.4487953429
2.8725233961
2.5311036076
0.1079608776
0.8375931595
2.4987807823
0.8931068166
3.2581262443
3.5547815724
3.5779758141
0.5789288965
1.2089966307
3.3230406802
2.3448687480
2.9907413937
2.3807359270
2.0544725296
3.1107737941
1.8225079758
2.5929737974
4.6161625670
0.9345569311
2.5292987662
1.3110900981
0.5978015773
1.8670962209
2.7565548416
2.2638149105
3.5652445777
2.5956018062
0.7600867858
3.2806303708
2.3390779877
3.2034788115
0.9418790630
0.1447604422
0.1144461139
1.3158025073
4.3107204911
1.6965949799
4.9611853852
0.9959378999
2.9317355710
2.8307539731
4.9634876504
3.0369769258
1.6896221684
3.2758207486
1.1057450403
3.4097122403
4.0945033733
4.6378482741
2.9439261852
4.5096687435
4.4975955787
0.5264845467
3.1559298065
