2.5025241321030363	70.16641186995642
2.131156864168103	38.467451155775265
2.927314398108484	77.09047491820401
2.9492595706901974	77.11419096189567
1.5378270853704115	89.29585700786808
3.244637000326051	85.95452825681694
2.993812449296536	69.42691144299185
3.507488055424757	62.89974274280961
3.2618958788745545	82.49354697575994
3.739050979127142	89.90250888883673
3.0142260800396263	95.53819237522609
3.1091698843048525	71.00549583745178
2.9439868493158885	75.77995051837479
2.3269715801462736	57.76743154215123
3.203832947449347	94.55467122788602
2.867912970689776	73.61022436515464
2.348358265168409	92.50042965524636
2.8111516675328128	72.44072590794278
1.9304031609782029	84.80761322230714
2.447310312310739	72.29336588825652
1.334686021022578	94.85199804433786
3.1322003944131733	57.34881970634075
3.701999552282849	84.81602300860473
3.921665447064199	89.70414120934652
2.324497585993177	62.48504469969301
4.355312044807515	75.87497203058167
4.261789304819002	72.65139231467852
2.349711135186671	61.549386979777076
2.8969593733885297	93.95272998359656
3.4253962493422434	81.9496980608405
3.454333953031135	76.30196417255853
1.8901531749529064	76.5057259638106
2.9638485403818593	74.77852239196935
2.940370597577193	58.16640111942496
3.7445971412256145	74.21015504563525
4.045011505371049	65.44847231433663
3.8959151496661395	60.71261941359255
2.4988136180345	87.7388049248212
3.831456270559369	95.00624983807144
2.84268599922618	82.34732782691663
3.807357773914195	93.27600545367616
4.55022516887052	82.81819634969102
3.45275124023628	90.12902545973175
2.7372530941498603	93.49284861619817
4.514322646510941	81.5164358272062
1.6866014119360435	69.67891655112459
2.2745107782540503	73.64840401631439
2.725973203211493	75.16479228734504
2.6370939365205843	75.6130363134174
3.322932671942145	77.84873685669884
3.3395305477456323	86.99094927498926
4.0101289071537956	78.5055502706194
3.7246839550006507	97.31094790011794
2.7581402635628836	83.49374399851037
3.7463049377309554	87.8444033795315
3.1004145864293746	66.07342453043215
3.903120513373949	60.937398967682064
2.720851550869145	91.94151438609812
2.6828948998363984	72.29311845507276
2.5052403483144	59.925561867610085
3.9838206610868787	80.53701340701267
3.0191964605622834	93.45994832724817
2.2286964485956466	69.28936230389023
3.8205280473051513	78.18046875181098
3.2438376530198925	76.33785549645124
3.0382842160040653	74.89161194810748
3.5154692120622197	97.43863299253526
2.450980363979981	91.03343607824458
2.34261365959619	68.5117893550088
2.7480128308176606	61.05888025105062
3.2067465173717276	47.63705899761768
2.775769142782964	65.77060176379305
1.365961916806101	45.503485430411295
1.7163318016944442	90.26585343145759
3.351732748379744	84.91526622165992
2.52998963048574	63.82132070848432
2.2768615901042892	87.64306344708166
3.816817081875961	95.44884035865928
3.5260091283711423	77.77995538848023
3.107712122075392	83.09198405851612
3.5929518445689195	77.98677236986373
4.113576178207631	84.33470115511085
4.391308861650469	89.43154489360099
2.083218495049871	81.22825652945684
4.232918229436617	93.26034064619857
4.262522946159429	72.6764074661426
3.1079669346384398	72.94323137957204
3.785207104824508	87.32270629133862
2.6177991426446763	79.91934380995158
2.107509299963709	84.58673564049482
2.760071710244903	66.80147987627156
4.570449018640389	83.55601692796358
3.534536564488394	71.9206518201121
2.1362775924003623	73.12474283119026
3.2368924434718354	69.65156756703308
3.5438657810764482	97.6081485682226
2.5267860801054387	78.36175638287817
4.025285219652855	64.81168439822295
2.3473799471287107	70.16853293428265
2.0837891145657124	93.5971262246602
1.7240948092751203	69.47541116262309
2.4607985523489133	59.111812690417985
3.393899697714413	81.46051405948116
2.187462839410912	95.22863989342261
3.377291972464928	76.8822760366534
3.4063614363346435	80.91754638515695
4.055283563539226	65.78129912284561
2.20130205694198	71.31147890269808
2.606393052893232	74.09304821346502
3.4253510613820697	70.21425439044319
2.563914595296973	74.46354622586183
3.1191216232572487	74.34494595913816
3.0957674740894636	86.55812363984164
3.6480868098345063	91.41395439417343
4.313428827493708	87.78388599896735
1.8668112515407618	61.69969579103193
2.0873490771228695	85.07401659038094
2.043276517416805	84.09716826461026
2.528109749675582	74.41241575850499
4.50639249807559	81.23029338684779
3.4786400898897574	70.099693531808
3.801237537622657	57.797627269726235
3.0101894492602583	70.07138240029205
3.4904490480328554	65.9356655464731
2.583451740023942	85.67357842971309
2.57489218537755	74.89909928602616
4.728384844675345	89.43049295742195
4.218166311801255	71.17170813605999
3.8606099828685303	70.5422879220109
1.3581576764027512	60.76463459393905
3.2305461433516807	56.384129765498514
3.566312006094376	70.6420860562875
3.0691395341148016	37.678469919465684
3.176512998289959	74.11486621103599
3.1779055981922903	66.90845496021016
3.0972840528310264	90.15493221933141
3.7763342322789417	74.0923548309572
3.2233501190692664	83.55051428094369
2.115816100796191	87.22786167158509
3.389508206690201	83.77046582485924
2.8095258741860434	65.08305417929378
2.213446576898354	66.78527481890106
3.7663668305754987	56.74207640983732
2.9640546084690538	81.67078872257139
3.852078665769432	75.12563215553382
3.637834493765635	52.93535921612429
3.6689668593933273	91.4518429316778
4.0163236571719265	87.34136431806621
1.8441655795775258	91.14590999368511
3.4658770039837608	89.0656181692984
2.92216494114679	76.49854735525079
3.861127233646559	98.88422235364958
2.363323815984348	66.6408218433358
3.1644378306934033	62.24654644117032
2.3283646548445875	64.62611359419613
1.8773677133550875	67.3340504339917
4.550341110684023	82.82241689432445
2.9867797772389744	84.62333820209606
3.262906654365163	88.94645172841307
3.364933000066256	72.86154187549896
3.654884332922845	86.79090618464387
2.5456825135850814	76.14074963201064
3.218806553015925	83.50791508704488
4.474624782327584	80.08906777048071
3.173265176424829	60.66385202588987
3.8661472270811137	59.78837752586794
2.999554215091237	98.66115578211749
2.1013615941119066	73.16888713594109
4.252152058292965	95.1550725798633
2.3153648267107836	78.869086746777
4.077282822574458	92.28172624938959
4.118135111568565	67.83614718853535
3.9883972108526864	63.62924924614997
2.373629866517769	97.07360783771574
2.4991687834750103	65.3314600697172
1.5290094845405255	98.53639824396522
1.285034652040928	95.07586377446415
2.577458303574618	72.43419907413092
3.1104326193486598	71.97828845923291
2.210433485998171	81.91469032451279
3.2964212418414403	98.43691112727144
2.701423727587913	47.01498738038259
1.8639979425643258	92.44200371582907
3.504868968601229	80.4413823459001
3.2836874891788783	67.3457353046936
1.501399869735311	48.58328774453688
3.74241179948972	66.00742326169551
2.7648658757454365	82.84914261191037
3.5091494620305577	88.31518232862294
3.53805815899452	73.20353151942741
4.066828282804424	99.34113305620947
3.8327118395758126	67.77067543539509
2.5671796996257727	75.9435655853094
2.719206353469559	69.0782448274873
2.802784080813682	91.41672679968991
3.332775629730504	92.76639252200887
3.3518876086344913	99.63830220993256
4.030866212412418	64.99152968947215
1.7784551133242812	44.60612154063639
3.7746872890041683	56.99305651907856
2.933981869686732	85.74340572374801
3.317084729754614	78.21062165438076
2.794637634978328	31.239998043349047
2.565648089647416	83.5593128874427
2.9945821130826196	76.04418839137541
3.9645132908627194	62.8694625337086
3.4350073897752575	79.41058316509391
2.4395236435610506	83.69559374165453
3.1866237052128548	58.920894347997724
2.916366117783392	94.29410439106232
3.268341762617299	60.40708227369878
3.331641332300274	63.24209813527561
2.875374499715501	86.51688554311157
2.2831312647985063	83.88290559447789
2.7001729706715114	72.55133049377095
3.089305398383439	79.51748903095988
2.4563850973759167	90.39082691789166
2.373421797147007	79.37387894027158
3.2649577706091346	67.83442624395524
2.336916937783685	61.20674038641061
2.025644853845869	48.455540395833076
2.3713822841125527	73.6361006587191
3.076284488707958	82.712235535945
2.776771984774395	94.99319992985362
3.3006126008688614	94.36685567730532
1.7860110394185127	73.52252022367671
2.5787710243085815	78.82112891164245
3.0021760491729794	65.55453183800661
3.7991751343617115	76.06291293771599
3.3392509231693817	86.98081193840987
2.8957676821140454	66.4304531527278
2.310400063849622	78.3741089224412
2.554335608045422	87.82484533126099
3.266711279929009	82.96469437837735
1.257422836424239	48.589195257640036
3.841710608843215	80.7903731250396
3.8019811015947624	80.04899483551988
2.3257567885960952	60.90939965962436
3.3437936850505316	97.89841518866862
2.905098402288697	51.081013609052995
3.269868509669937	79.59851978731143
2.5191527543008894	49.16091294702994
3.3539215491659946	61.73067333728258
1.728422977731512	63.093265514375
2.4092980803488313	72.28776915781525
2.3685803795018177	58.84950713522292
2.411915576473935	82.49608774546954
3.2349420383889043	71.40783314892835
2.958444339759572	79.44331139576188
3.212658206223372	56.592067774847166
2.1820294766908885	70.65396566256007
3.1857541154203197	71.13472017164302
2.6870597696906007	91.17723175162298
3.4840648473650324	76.71166939648195
4.132419496724346	68.30756358762997
2.3125278652661247	80.46690965991593
2.639297993820495	85.50733874747198
1.4149396083097179	69.92526809957398
1.8639481793897585	76.52873756281011
3.7036674299629	93.54000157714759
2.9517958984510133	81.42825661326229
3.3299330775299127	71.72160775669607
2.906624784798088	81.12111070134502
2.6376867047022152	91.92699101044978
3.1383802200513684	54.39552167252444
4.297415948657123	83.77205664418969
4.433881673213067	90.92084878908443
1.8699913519855782	86.48669423717523
2.7618146214876607	90.24746515421614
2.1917224368447066	64.21492565497415
2.276355213255949	56.476932845677695
4.067894820762147	99.0095870228729
3.6348093470075744	86.05919276901655
3.7163770005486194	55.24583204082701
3.016806133506572	67.76154484863058
4.158926811521547	69.18668889437113
2.8778397565548626	68.50975103736252
4.33795378002327	89.42454604976898
2.7211986915096658	83.64171220825159
2.719903659194963	94.3589654616588
3.4267205236719773	74.41743352140077
3.350155459734025	80.63612968318704
2.2456960543055673	79.4500714427239
2.577242116634579	90.21929973577869
4.1692729408492575	69.53134742119128
2.6684052030735357	57.58294760487542
4.644247276339958	95.81698238976371
2.7703023746450066	63.79797684816405
3.910550589985445	61.169623667342066
4.150125808937612	90.88792706971697
2.4213845027244707	90.82627230487923
2.636418683084498	85.60178040984461
3.708932998229772	90.11485963628739
2.1669337378558176	96.15403889916885
4.593623859813454	84.40552066178982
3.109939642133836	69.36440137084068
2.8863206112372324	71.26635755043836
3.2423682756144903	42.051808138845125
3.346485140279421	65.90986885295067
3.4952004854398364	68.34652083848626
4.2624331205280255	72.67334442789712
2.783064443249137	71.56374353384057
3.465364447803081	48.03500302439021
3.3061865242760353	98.91855721598677
3.281483776045363	89.97496648588543
3.9961243204356482	63.87603833750909
2.820905674478919	61.93952802426826
2.800334136151644	66.95317800241804
4.266542008063241	72.81352282627326
2.8578150052937916	67.90059384183562
2.185707976050822	68.48912203787093
2.2551641538054814	86.03432578531735
3.627018617157704	74.0499454221006
4.23948447508717	85.22206749061118
2.768519360956862	92.1176326760027
3.4399857946885124	82.09306685605567
2.8561411180057066	77.90169307222115
3.609805988890193	97.74320504990789
2.436965855200511	47.215964859761804
2.6219154246693477	66.91570240425999
3.433979126488267	69.31603854627542
2.4255235738781193	76.2697623113396
3.197070613348279	82.39571405662784
3.1703172951079623	73.9126332333822
3.286994319907714	64.70592734249888
2.799591875958554	90.92242113688765
2.3982588773151745	79.04159412613852
2.4405716633479355	82.5104773548984
4.343773271894698	75.4734649505071
4.012865605803617	90.77923301706014
3.543454365288748	66.48097727052993
3.1839941097483644	79.06836528486548
3.8876611486458277	60.455636826760795
3.343902673619406	92.43160598918429
2.698677814726475	95.7368847103173
3.685523010287186	54.332319437425284
3.7395186479963143	55.93599887484872
4.416922559747424	99.5128977846373
3.307726528452738	43.764219148120006
2.975836097557381	65.5774168569755
1.9461354612370896	74.07597414038476
2.9042353280929345	77.57357457036305
3.390712037397658	92.31736887984165
3.7253689765236	64.33455566568699
4.0370224115987705	81.10153174168579
2.8347600232729047	58.754250281919894
3.7687755869375272	89.97301607418852
3.065919131145993	66.66888485885167
2.941436430603386	59.4493267693027
3.230588668436104	41.74681257851105
3.962358579853496	92.02802957313902
2.5136316272343824	82.5959907325228
2.9492978528230984	66.33273056023734
2.5528214160437406	73.45196128366393
3.1988825363588083	74.84831304220808
2.872236578191595	32.99897184440705
2.4679395088705545	66.18262856219536
3.0224665415866685	79.76057654997375
3.5840150804561786	99.1961844470685
2.3305121809493192	71.39842156047386
2.4782670602801207	76.03416148523661
2.055561266297981	74.7440702799963
2.2000851832017325	41.32554577688108
2.687272152018274	84.76868875622132
3.688729612367718	71.17228445226725
2.5324644476945313	62.44187111873962
4.696018081429	88.21034328443241
2.325199260014679	72.10193023214599
1.8717840251539157	61.82137537079024
2.6837038574552667	70.10088184506932
2.7264142560585696	71.40881565882013
2.982274350343478	35.57584120286646
3.128669576715772	75.19953136455302
2.496812311754868	58.36870807488002
3.456832353659304	84.78669567362955
2.008389217484399	81.4309673143076
3.902923682323582	60.93125308016907
3.0122137302339635	80.11791770142398
3.7451573863980543	56.104815395567606
2.371058646896616	94.27046103779311
2.5979954623502937	77.44950934315189
2.5696577062178623	75.09406324763998
3.474048294764632	76.8732283232098
3.5587819508964467	63.59847476260515
1.9519423177053987	74.22280274497501
2.6847022712386104	83.93091068457213
3.138915889820912	76.13744407656992
3.755139670394195	85.86884554566021
2.1251399694610447	77.99321965830246
3.814071963551289	73.83750198549576
3.947965388113634	62.345722822972945
2.1965623555504554	91.93551418606162
3.231904562417591	89.9518222378503
2.646959688706174	97.81333386836695
2.4998982068585036	59.67317242573811
4.455960234882487	79.42232645941594
2.185176376879918	67.4409231022363
2.328218036151718	89.46359596600557
2.763907390839413	94.04964688429364
2.535209652132135	88.80935611396976
1.8158908037132053	61.41478603940354
2.655449135632894	71.61257316651846
2.0892765704082024	69.10051589518211
3.02769971325007	81.06424567813797
2.0756254370459706	87.3822200544624
3.6260981672924997	84.01711024716285
3.0280545716977985	76.68001575236258
2.873270928038702	80.54338396881562
2.026617650890975	68.6001733019016
4.38041296141088	94.70343868343625
2.2188053648702715	96.42847612493837
2.1485061196009427	89.59779693943138
3.0722286742061784	76.21199343790074
2.012121697671995	98.09250184551132
2.7899332897921223	71.89912015981106
2.5723517380583583	70.40028632284458
1.9995805834812672	75.3594041822856
2.7600899176856397	93.70008438979714
3.2893638434164156	59.18750396285822
3.527451360755203	60.948037155318566
2.0659291463044056	60.764337305023595
1.7464802207300778	61.45436127407723
3.3196721874162978	69.5637326438403
3.71056868560137	88.84159763491475
3.5726939453614825	81.03001611919998
2.7529044738870603	83.69739144912299
3.997314859603445	83.01447730374475
3.098776109359176	71.47635733412613
3.5103841435400924	49.29118734087082
3.005748422432709	85.39897941711764
3.595892697042027	90.79651270894352
2.802300306579208	76.42029239089322
2.420853765265381	47.601854536859435
3.425935254280576	67.50426034262706
3.6584998064094885	93.69785166024707
2.741794448898583	59.69917017025399
2.7066356235373212	48.88987368344293
3.221938413157864	68.72836485629811
2.576771559507396	71.43896111868548
2.5923516589683118	84.80190999391787
3.450172902242193	86.54050160205493
3.144507331962142	99.21727129111252
2.969455784223615	65.38576558679623
3.2082448185691543	88.56084112174867
1.937639314192046	57.99673991090315
2.480424923020256	69.47971125572639
2.2090439857613657	99.33414374334733
4.331733608181033	75.0556642089803
2.2849552934468416	52.84544369627062
2.218098240480377	84.700110816142
4.005274137288419	83.3011040277216
3.6393439641642926	80.70884486367468
1.7172015379038017	78.60859519078542
2.991100946875265	66.85783856819327
2.8689235503004507	58.854645234784456
2.1949475522358037	99.24296282234933
2.1600101680538892	53.46745912109729
3.264525369278845	42.628503546660724
2.7235635893477217	84.97391120141214
3.6282697397487396	98.4721733414866
3.356522189979689	81.5259317302028
4.1350251115654695	97.75840002216734
3.308468620177825	73.79681600591923
1.906394223313454	76.17632430269683
3.783845223838674	57.269938711866985
3.5159104479687846	92.85484524131905
2.566639368560559	59.320171040906146
2.2313306867756064	69.36455445597758
3.788304966317171	57.40501807129337
2.6718338701290287	73.26244304162766
3.4830768650970607	48.52729779269747
3.3588788754730494	72.3549841062556
3.56985556592305	67.31952578104014
3.20282451483041	59.39410227565099
4.176961442931183	87.73038595626218
4.66633611681705	87.09877102044489
3.5857201663576586	96.79787689219637
2.9250587498955083	58.18013616340365
4.227353419116169	71.48206772045268
1.343517430143485	79.93846720240188
2.1319029276989583	54.02349086749986
3.806009055188727	72.4846657227218
3.4390591287156127	83.28490645070976
2.9050835470617624	95.45872028395404
3.9963169826299265	94.93296922324242
4.324692280965556	94.93826447750376
2.4983235363424217	94.11942147583284
4.49486674407906	96.49549551573374
4.071807456010308	97.18238045246305
3.9104848452490257	61.1675668996892
3.5296552453281365	72.42522156072657
2.6009430787350274	72.5883329266516
2.2200067196878863	89.42743868367495
3.018545379002146	82.40212292214277
2.955349927368273	73.8496228015663
2.923477080697818	80.97636067703526
3.15744515617902	87.35664341708039
2.3522672986727287	61.618058474419335
2.6573417594032516	95.31753235198468
2.89619162325725	80.57730617595925
1.6844144485276829	83.30343162055594
3.9748970986616468	75.2035684094602
2.5846388940876746	63.104981811961636
3.613199542507766	97.87690499183272
3.630837613941473	68.59103406437232
5.020831668655406	99.1649974201079
3.4489691040342842	64.64035551263706
3.067309751861997	69.32582784030555
2.674282339769785	88.40178938934335
3.2652039802511847	81.86163750745695
1.6100570147671398	53.388884769374734
2.1336280171422577	76.56082961363516
3.765832279282707	71.14910009516188
3.7967644040180746	78.39907303059637
1.348998430618114	54.145275472633614
2.9541587069380455	70.71959410769169
3.178949461040481	89.78947998861128
2.135406204630658	97.81282964236226
2.202403373451459	72.33720963299548
2.6844460994256734	66.1564493861275
2.7064814138289304	96.62358024557817
3.7101967566312553	86.09490545548263
3.567280809524403	75.48831226602927
2.744394301519363	61.910409468514715
2.8191587820901214	80.20488389348534
1.7862912084298435	91.59768371322347
3.2719835115614124	89.62338244297426
2.9847072224313047	73.65035475194408
3.596506716294825	61.138067665109055
4.292240696070525	73.69332077201594
2.524259591652172	84.15112129304427
2.186715333127755	72.47501298820349
2.9469253240129154	54.81276773639286
3.3758538998514624	93.1242474938301
2.4317476931075626	95.96469189671151
1.8444763121966359	91.77408574249442
4.2336416248300175	95.59345822958353
3.5931215127814427	71.51953008280138
1.6831151519246164	35.1468128296734
3.3395182912121713	84.03177808482373
3.397621284096463	93.21688686688617
1.9270829225010102	94.44281613835285
4.220171655302597	80.98550818015701
2.956612300749835	70.27597588454884
3.686743246707063	90.62459671860358
4.177721187339406	69.81341727657832
2.1265934555279746	38.37418785148893
2.5463901332334133	99.4760098403291
2.8501382262377053	64.61020224021739
3.3616794400694383	85.07632564314498
2.6892016165769372	77.51252167836911
2.993261780444072	77.10765029425811
3.878163498487646	60.16060848400776
2.5356377977244726	84.94008262520313
2.527551254315328	78.38648833671789
2.954256762021962	70.0495558594688
1.4752009026261397	46.39064430390633
1.7393936623228592	90.01267836948335
3.2907549787659485	81.49588928739124
4.150579490542958	68.90924042926336
3.336384007476071	90.90759155614442
3.582637785467711	89.41052513545914
3.7444641817209106	82.30203839457575
3.0215486117895516	80.00477470087137
2.959227945955586	61.61641599320302
3.653663377922377	77.0969193363474
2.415698793877139	53.31481129587715
3.586141467192169	68.9829676609513
3.820771820023653	89.67809741454269
2.907860862694477	74.89114532578023
3.706964461109994	89.22511049511222
2.830669859355207	84.39772142946818
2.422372796088745	92.17625572795917
2.8126612082883544	61.703076919593634
2.605228476391747	48.320077032649046
2.823830610015552	81.99784363402978
3.3923794340067364	79.49725703667018
3.617439178499116	79.89690333072875
2.430336053112922	65.24077329041619
3.4087326503868147	82.53695025020347
3.5287126704194693	76.4353627728487
3.103705855635873	68.54683142658536
2.7889143922161637	76.94444155305507
3.706622915774206	94.29307890367072
3.7350373348636006	89.08954916476182
3.1770295648654105	83.31120321871508
2.7496440179277224	90.40362141607316
2.457492736730376	95.9682879389614
3.342733790893915	44.695476787136016
3.3967266693927867	79.31032092391487
2.0357951032683443	81.29600874381431
1.6200649692043256	98.33474099318207
3.1981078889394476	65.76056135660208
4.23855322261927	89.61310291673719
2.947129191462963	83.52116595803275
3.736932159409717	83.69704767896367
2.495394195135715	51.41079086282988
3.6731006547473575	92.40174345347658
2.9020842524157797	56.54346792735572
2.237126038578227	62.29101060344773
2.5860085521584026	60.33876597250365
3.244860006764151	86.09289751206303
3.8169366701867253	70.34551395411964
2.4648230015518116	89.28845572430038
3.4980176885435226	75.40008325074605
3.009723557325772	84.6344531991839
3.5951963321115112	73.92962807633914
3.689840696758837	74.73965425123538
3.6812912001896008	65.5202977981595
2.0565689433392316	67.60385383257983
3.4222377288760253	74.88807940604319
3.101311155333409	68.33343059017469
2.1839687576383655	65.88637689243842
2.970288347335133	62.18440180339632
3.173895270474847	76.51680514966453
2.659504987498539	69.83386219131158
3.242898176660595	75.71890955104567
2.791448122213275	57.11151443203948
3.3324163067570978	70.75319276392999
3.6351755416336564	93.49516370072178
2.7822957028545545	62.03395746144955
3.98356770736442	63.47524671662648
2.4557750411951003	83.2585816923873
2.3071340937526603	82.67334033262372
2.1088358284325173	79.54245719472551
3.4733309586779164	63.617905797954954
3.251927832117353	80.24580478683518
3.074525127846747	55.7123646251934
3.722834016376388	93.8872585099787
3.019243405223484	96.49012432415304
2.319767229697361	55.63077962544982
2.528817456964871	53.14449380626256
2.7432847809413987	90.68186411603463
2.331968830037611	78.27522005196097
2.9893315166709113	98.15886123530717
3.385432701910559	62.06025957011511
1.0493551270784687	89.9460228918587
3.905807709464852	84.75237642898665
2.4221058844302656	82.74254554024171
4.043069078456894	65.38563029269714
2.00964425039103	81.96696825290537
2.3573297434601406	72.7538734346532
4.562241833709349	83.25620219699057
4.268700365411337	72.8872112386515
3.623958212282843	76.4831532339985
3.221427350320461	41.51037669357083
2.1422458978360397	78.84965118201715
3.0974991347323746	80.84768672536909
2.360810461364373	87.28463350622849
3.9975510069236693	63.92165621182577
2.1873635925496533	78.71340059640141
2.6713531457972852	56.88956292927932
1.9700684789250436	95.78607610881805
4.187985040628545	70.15687480211393
3.1717614042407964	65.83464843955916
1.9698893918069218	70.72484603538798
2.8175033633842386	89.82517102753276
1.8659347294440107	53.13236830749845
1.6819304284711512	81.5789577906887
2.8328444641231365	94.88739961931897
3.0650158699973327	62.6176104002894
1.8264729155364767	55.091180281967354
2.9379760314477448	85.71714451580782
2.30166113802674	75.31762284110152
2.710104795241361	84.68615339220953
4.203744099925904	92.7123885586992
2.5038114720582936	64.56848736475473
2.84020196175013	95.34417586132653
5.023412921193717	99.06129049273602
2.1199638610596168	50.54639606920397
2.178723600104619	47.47037535158915
3.7862708394122118	78.03529997432345
3.1675157153500133	73.82129711158443
2.873898065274968	84.14006865124604
2.7896042777374057	60.33062788953338
2.768330067427848	75.83851701658223
1.6460784830989106	79.96128203581353
2.7599031542865555	95.51272026476455
2.1866042033751896	78.80509551357224
4.543603869079219	82.57734447644658
3.8812146844860598	87.73251641967691
2.4942369183017554	82.68877077807647
2.3713483668246647	51.142005195070084
2.367243124361142	81.83332205836058
4.7434576137661635	90.00156053438474
3.435507322871167	73.31967070600453
3.474521114465672	79.83066337986217
2.7892852153525522	63.41616920762726
3.3937456536700914	46.07003824721856
4.4742694437140615	80.07634821981337
1.7275747412475821	57.69234517514796
2.938925413642344	57.502696511173454
2.8602569019384956	82.41975750327576
2.7366642756311643	93.53194569531777
3.1734708986979054	79.42829080325595
2.9866915841525685	58.47774975285957
2.1199253491795185	90.4935202471805
2.5225613328604335	81.2087337839573
3.340870901958905	69.63404952630647
3.793390909670182	84.5229313980315
1.8400265382217298	95.54152533157814
2.018458219588399	36.22270232401539
2.4491074862426503	77.58032037235486
3.4179350720621393	80.90200067357817
3.3099268415385756	67.61373865939261
3.1186688042765702	59.068170413167586
1.8814461505118487	93.15365028892447
1.7721137573249113	62.91849430890937
2.48763176068848	59.45033254380816
2.1600502052010278	73.41528521859296
3.504618822235322	89.15854858816749
2.618126141593742	71.41364467383495
2.625579312968909	83.04900804032295
3.768116979498673	91.27976432680113
3.647600775740586	75.69272113495563
3.084518819980659	57.24529350480205
3.791670823287385	82.65537281069125
3.767764375643404	92.78780415841828
2.9881299727030286	95.67433191796603
2.696949360221189	56.82279760801874
3.9600435956971882	75.1534033706999
2.786859209666217	98.09774400602143
3.5236307869851426	88.32545120198483
2.1175768013030796	67.72651673174805
2.6017691628785085	68.92780708196094
3.1933346151562834	72.35696439965545
4.723893512385501	89.26067966543127
4.298788846849159	90.94006725426638
3.480035888445415	74.7977788884828
2.2613167599723885	46.6702325369055
2.231900085746459	53.837817176045434
2.326260724676695	53.50833774760302
2.5392485826008775	90.86847980421055
2.6402290627975433	82.53704076295891
2.0415348403839495	75.68162771259675
2.3752740912822903	82.98210154852326
3.6335665988877546	77.13084871333889
2.986771796418222	35.683223055517345
3.311829428655689	92.67551177093544
2.3526831647344304	49.60735666259175
2.2946467319356962	41.940606653105014
2.8407807347869922	51.94587724807156
3.040586697790611	70.5846137121793
2.4516378024929404	91.10847855924153
3.660371179043762	87.70177960748909
1.9755903428958348	80.22896113497183
2.794172163368512	64.58925371048207
1.8662068146314548	83.57647082775168
2.76314845943725	62.249574119894376
2.2659023381759216	48.62725283848835
