4.543260
0.026092
4.285563
4.412158
0.221264
4.700703
4.010733
4.417011
4.032665
4.940501
3.753645
4.660558
4.928200
3.004875
4.502929
4.709365
3.942919
4.498706
4.388882
4.266478
4.288736
2.500000
4.921049
4.795577
4.297940
4.519681
4.731458
4.181248
2.943153
4.834530
4.854774
4.598967
3.964213
4.546193
4.459424
4.858712
4.666828
4.702160
4.588345
4.739356
4.486977
4.694323
4.177048
3.331486
4.811242
2.137288
4.424685
4.616146
4.482660
4.712461
4.849712
4.892108
4.542166
3.763661
4.442239
4.433813
2.577896
4.149137
2.804394
1.775272
4.898914
3.996799
4.691168
4.725619
4.900165
4.201579
4.439831
4.063938
1.799453
4.197213
4.581209
4.452473
0.044760
3.926503
2.796546
0.452959
4.039696
4.771751
4.384183
4.781760
4.228975
4.729435
4.809031
2.778347
4.904216
3.664780
4.481930
4.720929
4.004167
4.684659
2.609399
4.910151
4.127258
0.177426
3.100910
4.900755
3.631278
4.879149
4.661787
3.321334
4.553836
4.703160
4.554983
4.686468
4.704892
4.687436
4.720651
2.911010
4.844120
3.162218
4.037903
4.436864
4.567967
1.169743
4.649716
0.013427
4.505059
3.684715
2.430740
4.737806
4.523064
4.378014
4.764834
4.772819
4.714988
2.742003
4.585251
4.610628
4.898290
4.337179
4.235282
4.368719
1.034125
4.559438
3.872387
4.562707
4.498433
4.340138
4.615613
4.704339
4.716819
4.812619
4.690482
4.737602
4.288242
0.928963
4.629069
4.809103
3.168843
4.709253
4.495120
4.863102
4.622209
4.682814
4.480280
4.482299
4.845757
4.730356
3.700253
1.672581
4.864539
0.191048
4.791836
4.754301
4.548985
3.997117
4.820827
4.823748
4.535640
2.500000
4.459292
4.329302
4.877282
4.423954
4.537236
3.856454
4.223108
4.612620
1.000035
0.423075
4.774853
3.465204
4.493898
4.599103
4.124956
0.509497
4.883579
4.762104
4.605250
4.801131
4.481330
4.659140
3.307402
4.573485
4.603318
1.732124
4.649724
4.779243
0.712831
0.319433
4.798218
4.101019
1.428963
4.502699
4.757168
4.695320
4.908898
4.380156
4.446570
4.817068
4.589502
4.392777
3.946269
4.036406
4.452868
2.375284
4.523158
4.314531
4.341663
0.028277
4.579397
3.642126
3.970525
4.910981
4.735316
2.570885
4.490813
4.744966
4.831022
4.759149
4.644926
4.750169
4.642242
4.047144
0.024773
4.874950
4.052445
3.581720
4.278364
3.764605
4.742876
4.232417
4.614435
0.454935
4.833531
4.295077
4.126619
4.634307
4.427173
4.502525
4.317966
4.294305
1.138336
4.757530
3.786143
4.785804
3.464073
0.140686
1.837031
4.883793
4.171942
3.432847
4.570900
4.889730
1.855514
4.871273
4.744866
4.526682
3.749109
0.057907
4.390654
4.351129
4.774767
4.800041
4.588155
4.694882
4.644404
4.815041
4.479374
4.171894
4.826097
0.123234
2.607007
3.232825
4.224681
4.021254
4.847373
4.697086
4.477234
4.603330
4.151402
4.753370
4.791969
4.009552
4.218398
4.812409
4.672722
4.329945
4.694559
4.858170
4.801342
4.523427
1.234967
4.807681
4.522540
4.571030
1.788019
4.789268
4.271262
4.555466
4.679948
4.783278
0.902404
4.789144
3.824271
1.928035
2.352321
4.058252
2.833726
1.170745
4.277834
4.577896
4.716758
4.475902
4.572150
3.771272
4.802532
4.165637
4.445654
4.794531
4.191762
4.674757
4.690469
4.727535
3.551263
4.530736
4.857829
4.827406
4.055137
4.217165
4.609280
3.317015
4.610944
4.756765
3.808902
3.877011
4.833927
4.785363
4.084226
4.348582
4.576514
4.551855
1.637219
0.878248
3.878470
4.409796
4.653155
4.708938
4.346266
3.523413
4.783426
4.263565
4.030676
4.563182
4.539378
4.667344
4.505524
2.567589
0.000082
0.308721
4.427105
4.689948
4.472814
1.989520
4.654573
4.176858
4.089834
4.316168
4.676686
4.409479
2.688287
4.603693
4.882025
3.975290
4.289253
3.647628
3.470550
4.825324
4.527456
4.384862
4.714429
4.229321
4.514581
4.736831
4.422521
4.472537
3.942827
4.701204
4.686333
4.472546
0.016668
3.044432
4.660401
4.125062
4.407991
4.923474
3.213893
4.630971
3.632250
4.851851
2.682097
3.268575
4.742165
4.194553
4.172145
3.867596
4.702047
4.648759
4.551986
4.844313
2.771615
3.064669
4.724699
4.241164
4.861168
3.694654
4.860845
4.814272
4.726411
4.669317
4.906822
4.651151
3.621404
4.797331
4.680516
3.285630
0.421193
4.926784
4.593967
4.629745
4.703019
4.590531
3.959804
4.852655
2.574248
4.138280
4.090179
4.894402
0.317142
4.338554
4.210224
4.672116
2.069601
1.809343
4.577047
4.184528
4.782993
3.943521
4.038072
4.847051
4.839066
4.822232
4.604525
0.145943
2.180268
3.411556
0.780175
0.549399
4.727365
4.692161
0.352578
4.448411
4.222385
4.839468
4.848416
4.902075
4.513194
3.639181
4.655349
3.121908
4.436361
4.444387
3.872578
4.695329
4.354921
4.901681
3.340027
4.837514
4.654318
4.804270
4.568754
3.466465
4.752327
4.621158
3.786548
4.606287
4.615626
0.053747
3.980341
4.141242
0.526060
4.331402
0.897845
3.988013
4.696691
4.832508
1.001081
4.669229
4.094508
4.701966
0.554028
4.418990
4.827145
4.784630
0.074822
4.607797
4.477660
1.161637
4.339045
4.450080
4.336881
4.841090
4.774100
4.180621
4.736981
4.685109
3.920749
4.267319
3.802065
4.566528
0.857802
3.694013
0.184553
4.413584
2.440925
3.966224
4.889029
4.660253
0.024312
4.818765
4.775060
3.196803
4.913949
4.521268
4.524311
4.687580
4.218919
4.366288
4.785588
4.571408
4.740842
4.746749
4.504455
4.419894
4.688887
4.724835
0.020278
4.809377
4.314715
4.424503
4.471088
4.792665
4.804158
3.934753
4.635799
3.440195
3.792912
4.590998
4.768031
4.419096
4.848809
4.782111
4.558090
4.692388
1.903887
3.410184
4.522483
4.892425
4.123209
3.474334
3.878542
3.049906
4.584589
4.653322
4.747575
4.609380
4.778047
4.574723
3.910795
4.825481
2.313841
3.200188
4.855222
4.792525
4.718290
4.724331
4.847450
4.623399
2.050644
4.404060
4.861275
4.113354
4.901810
4.691028
4.408713
4.605979
4.616784
4.368582
4.905595
4.681626
4.834936
3.196444
4.564375
4.191379
4.849959
4.164581
4.214768
3.543007
4.417933
4.687194
0.803468
4.201470
4.608132
4.767654
3.168157
4.656148
4.692733
4.615089
4.665999
4.842495
4.249405
3.607211
4.691551
4.622974
4.297069
4.629905
4.065311
4.720821
4.557729
4.156870
4.709228
2.905464
4.688391
4.939094
3.599054
3.759123
4.184855
4.863575
4.668625
4.549498
3.311970
4.390520
3.984179
4.807766
4.668832
4.122630
4.261293
4.455412
1.745493
3.022052
4.610005
0.075943
4.388767
0.852905
1.013602
4.926827
3.590393
4.281903
4.699913
4.368934
4.072911
4.923482
4.515099
4.803419
4.145161
0.336296
4.327740
3.757317
3.529481
4.872233
4.805995
4.239529
0.197347
0.744397
4.805495
4.428181
3.892921
0.344392
3.797642
4.884611
0.000042
0.150072
4.598503
4.807429
4.685521
4.356287
4.631233
4.451540
4.244218
4.286059
3.970950
0.570619
3.979336
0.921658
4.692235
4.332934
1.142507
1.092956
3.510528
4.408300
0.126428
4.584584
3.733086
4.458465
0.165652
0.064189
3.193854
3.594456
4.516128
3.266926
4.356423
3.187916
3.912281
2.271594
0.968140
3.718607
4.077164
3.028110
3.737019
0.253475
0.112571
3.163699
1.004367
1.103025
0.678377
4.279993
4.269195
3.977145
4.052214
0.422662
4.185034
1.908023
3.595076
3.643877
3.658891
3.271870
3.398461
4.075199
3.085690
3.109274
