2.90475915048916	46.84782313628332
2.2722991316968026	27.063938201063355
3.2765796228750887	59.109285428839385
3.2578773161547736	61.3612734337432
1.969621162214998	65.87582414901951
3.6111462448618923	68.6995557989312
3.0815324770176806	64.8435824806658
3.6335455565725394	56.23307647350724
3.518868470925866	70.28053141942449
4.062604935471564	75.45806828558051
3.4441146534200318	76.42210660748012
3.332354166644802	59.35371165585692
3.2671344768497934	59.054797787433024
2.581543324051701	41.10075692819859
3.708021491431639	71.85625094170743
3.260911994606277	52.51041853324545
2.8688610653654423	67.45292475336038
3.2032942087961294	51.051837548872946
2.5143259195778134	52.11204859465974
2.693243348356522	58.63174884762237
1.8199062597240148	69.59706599840128
3.3088348940075556	47.201760742565114
3.8563012362088154	77.83622373797485
4.152122145781024	79.57178671143697
2.582045984995196	46.37393305876284
4.355312044807515	75.87497203058167
4.261789304819002	72.65139231467852
2.7075067152760073	38.608208896357276
3.4195400822540503	69.9438777401731
3.5537783303867427	75.98378571876897
3.6653688625731617	65.98369086666558
2.383771055296161	46.19312821219318
3.3264107428238727	55.77058925216832
3.175963135997999	44.27751752872672
3.930155104607041	65.18236998284533
4.045011505371049	65.44847231433663
3.8959151496661395	60.71261941359255
2.887070110447885	68.82346760067874
4.223171877598202	77.99128740330276
3.2424826998570793	62.368607877194336
4.083372784902765	81.31893820247072
4.55022516887052	82.81819634969102
3.8705525957710423	71.09393048330658
3.331628195651123	65.52366111810552
4.514322646510941	81.5164358272062
2.0787954185696984	42.60933003569796
2.720953999405986	47.552173270998836
3.1795467258649457	50.533041703696355
3.000511569125427	56.07248798883243
3.8586192961529706	97.46387443375572
3.7316068937103024	68.69173324296106
4.1471765438929085	72.13300312096119
4.090445959940991	81.6825861981526
3.1531836969466225	63.838438851339355
4.073297033343026	73.04176866349756
3.338908048646862	53.09265346567385
3.903120513373949	60.937398967682064
3.2361988878332744	67.64276303188059
3.025151373457758	53.49206111635816
2.8046847247205378	41.17831560219871
4.133180658656343	73.66201102282687
3.519363167557097	86.01764795571081
2.6673250311378505	42.26730453220748
3.9932486254638406	70.03510065259833
3.5218535419538313	62.43451777939497
3.3907559882350125	56.578126564120055
3.9932653415721164	76.65285423162523
2.931398326843682	67.91552426260127
2.6717584121521947	48.91178539726039
3.050347117712533	43.00333396732869
3.2734219771164623	43.62636377857776
3.0758001209175823	48.6334855700217
1.5443265285822005	27.188211907080607
2.410186156989394	51.83733227514655
3.7546916986261545	65.79761881222083
2.8138676946721515	46.79866927453962
2.9236216021415498	53.81900109966955
4.094154834448916	83.60447356979515
3.8220649174777446	63.3443779959021
3.3336089254280665	72.36778524030933
3.8258604080730736	66.78306610536788
4.2438224021989	78.5145877346244
4.464639772925548	86.2905112441564
2.5395353037932926	55.906826561576594
4.401178865703457	86.11748094885665
4.262522946159429	72.6764074661426
3.384453359750119	58.6073844786321
4.071521076423266	74.4002404900996
3.0254689641112047	58.651887993682664
2.6267433207509976	56.60694447609663
3.080926506509036	48.53701335214742
4.570449018640389	83.55601692796358
3.71440001679671	62.93371978085124
2.383780978707313	58.85124238868538
3.4332428812047433	59.443235028428354
3.9399725716029406	80.59373449618586
2.9856241342188246	53.60213595479284
4.025285219652855	64.81168439822295
2.746829055750806	46.4688321019157
2.7438222993153434	60.57514868082933
2.1289525069970217	41.67688368345134
2.657734154466928	46.83727321974538
3.7555764055058045	64.00019167941524
2.8404231165191787	76.34699279796075
3.662160095595071	62.802192666444654
3.7279972758370543	65.42636477314218
4.055283563539226	65.78129912284561
2.64931443884291	44.11296158015781
2.9957116178843544	52.68952691410285
3.64025028706477	59.21425295993171
2.957030502803866	52.800881812409685
3.3317289626283966	63.558507970856915
3.529134315462369	65.88778715493258
3.970182475607537	77.14655150682907
4.451408272464075	81.76537255788153
2.188599552857392	38.81608983400068
2.467834461029796	65.23552252795723
2.540370964196522	57.03693371794889
2.8622011771840086	56.111912266149645
4.50639249807559	81.23029338684779
3.6655632989545426	60.59677004319105
3.801237537622657	57.797627269726235
3.2929057989035715	54.92852437188019
3.671254579416878	56.48825186353549
3.3677613392719863	82.8558337206699
2.8692992964207074	59.05114811224381
4.728384844675345	89.43049295742195
4.218166311801255	71.17170813605999
3.9760802411798597	64.87562069903422
2.7818996172806636	94.85358001329972
3.382516553520713	47.7174594430803
3.748466965619581	61.47541621070645
3.0691395341148016	37.678469919465684
3.5011420806120475	57.40528221330955
3.2983233183288254	60.55924302898153
3.508524755022187	71.16400428468481
3.9236810407107825	66.96515923426226
3.5898275110203466	65.95598012223702
2.7309137350407857	54.47575607790376
3.7840422499173143	64.95237943913232
3.0267027487604197	52.83133732710568
2.6224689018456626	40.99161513185883
3.7663668305754987	56.74207640983732
3.69711626377524	90.08305291599368
3.9816799123122197	68.93516527473548
3.637834493765635	52.93535921612429
4.062774682145306	73.85925784485529
4.076394335528699	84.72231834524212
2.354823871176243	64.93340250734173
3.8070300282643803	73.57416237591767
3.2765381879166355	58.14038232953973
4.170037356296434	88.35758820657686
2.7047689851267673	45.94354405898826
3.3647680625826566	51.154110127541166
2.658767738480691	44.109920681140714
2.2825294592508696	39.94309951579408
4.550341110684023	82.82241689432445
3.4281195011160386	63.06909463749035
3.583085939973172	74.32494956738707
3.5307683806962356	64.55745256771392
3.954434520750822	73.14010738703645
2.854435867439573	59.61763876546401
3.5685431958760527	66.74865061789815
4.474624782327584	80.08906777048071
3.3081933063000917	53.18522744359922
3.8661472270811137	59.78837752586794
3.5356060505575986	78.23999992810285
2.4275762515597146	53.91988897081047
4.485530694961552	85.28664744901918
2.6681810933060275	59.82562327822536
4.545497577387252	88.82938896781927
4.118135111568565	67.83614718853535
3.9883972108526864	63.62924924614997
3.0636382072646007	64.47224537090361
2.8845769629235543	41.997576784194735
2.0711542591648238	76.53686480516045
1.8320689282608114	65.87323265855076
3.011120842426439	47.93962858043279
3.282236669095364	63.14892129843579
2.662094708241374	57.517245599476176
3.7483995157811627	82.47218010693571
2.865292675378627	36.18164649712759
2.625497201080477	51.85377382119102
3.8202873406202458	65.28987568353132
3.4789255162127213	57.060018055776986
1.7443679674799186	25.760156660094747
3.8524110573411696	60.41531548886836
3.108526451773343	65.80962306349423
4.175251038599028	84.839583038885
3.7829345722206837	60.97062589313042
4.395877199071952	85.59112828783789
3.9090799557376927	63.96950246366963
2.988744028174981	52.927702881986036
3.041773248204516	50.98300781080943
3.282224608337053	68.94411274977841
3.5745878558142885	82.18438058391378
3.818912011426536	80.43312918845916
4.030866212412418	64.99152968947215
1.9868548869904679	26.55056333598551
3.7746872890041683	56.99305651907856
3.1605385738551535	75.11868705767135
3.441407351024664	72.24470931230923
2.794637634978328	31.239998043349047
3.0454737733060933	58.941700525534735
3.2819458814305706	61.35045136134612
3.9645132908627194	62.8694625337086
3.74132670127855	64.55063858310844
3.020925732326794	52.95862880062976
3.349385491353039	49.75422450241667
3.4928305895760206	67.68696647259003
3.398260103779423	53.26421661589238
3.514497895598505	53.373673004431495
3.3123642752922184	65.37542798543335
2.7816230528111747	57.52156531013035
3.1497279265928704	47.502603696667066
3.358357449729612	66.27200181782511
3.1628458700521502	54.753579355483204
2.808922310752207	55.780047877954686
3.4811894102773406	56.43091328924332
2.583558762957753	45.65119171850289
2.2825891362654307	28.54895994768244
2.71917571859942	53.9880374758883
3.377160515418936	68.19116124090105
3.377748023205852	67.12483964886302
3.763197838040104	73.70397573345767
2.2856270335155653	40.785682359754595
2.9565408618767215	58.93543393102111
3.1889708839520043	55.329754377908344
3.9732724304543425	67.72958159120415
3.7141690043318603	69.52333866036422
3.1744231017377733	50.88143715388747
2.709593818750867	56.49891818757791
3.0573965666327805	62.930589931557016
3.447270471564523	74.51231467485562
1.4535809860912685	27.84845376632229
4.078808364252816	69.71557382579948
4.025217405017379	69.57280498375901
2.6555637297253405	39.648887784471775
3.7624022038402947	84.58650364411031
3.070186200659757	40.85373871433864
3.626459645724021	62.02907322359073
2.7034018951010537	36.74987883982169
3.507615088517586	53.39734199077074
2.0825719368408966	37.0533313560498
2.772152752219868	51.560259897637636
2.643116009044235	41.13708094961501
2.8409075523115486	60.115133718293635
3.550744176330796	54.91211061665601
3.3441066929186167	59.91080373775712
3.3523956881473	48.63485961826147
2.587760995941835	45.97609300478419
3.4833018673649367	55.539480770779384
3.2116508429915	66.1772257911585
3.782255754751876	62.02266497524782
4.132419496724346	68.30756358762997
2.847789022552973	51.007427228504184
2.9722806546620566	69.27124808737676
1.856218540540442	35.97789864328279
2.3560709211241466	46.15212442270391
4.011380756989975	80.14895386100685
3.3952788164435916	59.122005087383386
3.456111447847609	65.37239582546744
3.2938149371906897	61.70324661710125
3.0139769211369902	74.52078368737544
3.260835034860258	47.26832607582949
4.405596311798436	78.95724112294945
4.560729118154086	85.50417536722469
2.439695643530644	55.058124681892636
3.210108984639088	69.07346346049056
2.4867367138457572	45.47033179625528
2.527465234528722	39.664071879948935
4.290274959545335	91.90752342024233
3.9663776451509385	70.79825793930463
3.7163770005486194	55.24583204082701
3.215926163364933	57.04725828284993
4.158926811521547	69.18668889437113
3.2299731180505837	48.92459459662766
4.439859590453526	85.04142908924347
3.134634739971296	62.97402813003503
3.225191925537651	71.0950699500316
3.5920651999002455	66.26293995107301
3.6106197973925376	68.13612968318704
2.7519561583616987	51.18008910477224
3.053887594561806	67.3207389733733
4.1692729408492575	69.53134742119128
2.814777713322399	48.71930777333245
4.746535219760151	91.5862149012841
3.028484234251181	48.896177884617295
3.910550589985445	61.169623667342066
4.400390819537842	99.35016726011702
2.999180921256745	62.39089899860482
3.175531861682254	58.36662411216089
3.988019282007663	77.7339020328328
2.9347122142265283	69.26262796617996
4.593623859813454	84.40552066178982
3.351342855897397	56.56346944029869
3.251274331654349	51.4089807365498
3.2423682756144903	42.051808138845125
3.5167789085586447	56.922948734618764
3.6740619472244997	59.16202920411736
4.2624331205280255	72.67334442789712
3.026596985419137	58.472572746029286
3.465364447803081	48.03500302439021
3.747260721218022	79.94419937258772
3.598599132356766	75.62310977735882
3.9961243204356482	63.87603833750909
3.02956485619287	49.885954892706984
3.046497576162543	53.20317323404646
4.266542008063241	72.81352282627326
3.1461013288041584	51.917614305779104
2.5087857856080458	48.735028152449175
2.813144572046578	56.77225393740171
3.786273249698617	66.27216512768227
4.356847624875646	80.02975787261497
3.1887383736488166	72.70023946845265
3.767434490241768	66.47035567441505
3.058051591648307	67.76738354196297
4.0709409345774645	77.81054756966802
2.503050723078206	42.71835929755172
2.9123827432767726	50.18950659203465
3.5691036648925785	62.43773406476908
2.8811730630381964	50.86754420793079
3.4422584988670817	70.71421695961246
3.493519563522078	57.245964579894036
3.506999923332251	52.847851485336406
3.367575959892944	63.7878238354045
2.8118922872230945	56.71906457177146
2.8086406644407576	63.58891134537692
4.343773271894698	75.4734649505071
4.129204248460795	85.77924970636067
3.6817145561072087	59.353781673834995
3.5554873707235037	60.54609675115882
3.8876611486458277	60.455636826760795
3.793514717874385	72.12131136104098
3.3255159844583284	66.62433111382072
3.685523010287186	54.332319437425284
3.7395186479963143	55.93599887484872
4.559575971913533	94.70478410012832
3.307726528452738	43.764219148120006
3.202163823374365	53.0774168569755
2.37462407617744	47.68613687537011
3.0804067854698394	68.77727606648732
3.9432124029773687	85.09759674973598
3.8221480199303675	59.36379055185642
4.168167583882056	75.11023378140442
3.0343750673934897	46.952012055983005
4.063722844554883	76.87095551777678
3.327955499080928	52.37257967925573
3.1022038715029043	50.184619203995084
3.230588668436104	41.74681257851105
4.210948262306047	81.24372543114073
3.0382854181998127	55.06331188997824
3.1321701162421207	56.33768728249686
2.8923316630606117	54.72148776529235
3.5260881730427576	58.1231603112663
2.872236578191595	32.99897184440705
2.8179587994270245	45.19733517382867
3.4397253721878607	58.68289000174072
3.9977750594373376	81.59201817776614
2.817321080274932	42.30441096896691
2.9124461574285614	52.03504268030497
2.5502462944872932	44.74407504836788
2.336407651845241	30.820501316584448
3.630699367657808	76.71279303432128
3.8024555373129365	65.56330856496866
2.841949056764916	43.56193299312927
4.696018081429	88.21034328443241
2.7879071565693803	44.75230321417114
2.1622944676653573	41.379777670671224
3.0249047824573383	50.989773065162105
3.11460027767577	49.85326675249384
2.982274350343478	35.57584120286646
3.387246423286342	62.08519225131756
2.7180613610539877	44.50332659561671
3.751988369725651	71.0477237250059
2.514789167088592	52.74756119972934
3.902923682323582	60.93125308016907
3.380814671708417	61.67838637513003
3.7451573863980543	56.104815395567606
3.0260901407291643	77.65620724853044
3.0884227562308153	50.822517117504916
2.891727413495776	57.690550054509494
3.65019732535071	68.34691501830868
3.6781037016243543	57.34847476260515
2.4871588180661477	40.549605713953895
3.0641809083827845	65.06618366430845
3.4546015873794556	60.11706262591685
3.9654550139677998	76.36884864510174
2.605082227654196	50.39212064402023
3.968663796155835	66.35450838274308
3.947965388113634	62.345722822972945
2.811298952723047	61.21461567703606
3.698292216184775	68.33527393806087
3.3588163167380145	70.54381191791845
2.7127062209697295	46.52503151845051
4.455960234882487	79.42232645941594
2.607457567992188	40.774258025026825
2.9530108290132513	57.730798343324906
3.3723316269983252	65.54087045797833
3.291203968113759	80.06578979820065
2.1064285589223086	40.53515380483017
2.9795939811799905	53.695905705123195
2.5331210402897413	40.89997296839378
3.45521299086104	59.67147109622878
2.510622706331576	65.01686456282421
3.888246300031491	71.88913263752845
3.3830244409588985	58.4789566493505
3.1477679784978148	66.92776383255463
2.4680246273286057	40.01980573674657
4.507407935707426	99.70344583599362
2.7426168854530064	81.06957837945616
2.650428023320022	64.2981882320034
3.4065278826135517	59.12149403680822
2.6879530641183913	65.76212891593826
3.1467477045576104	52.41609627789883
2.9200046285732855	50.681669121993146
2.462979051461006	47.34425554260664
3.264301161453114	70.39766639625161
3.436975544936105	50.99422565017512
3.6259812480516724	55.69551492517025
2.37852117527605	39.489895824387
2.070715821491265	37.44642098171883
3.5440580104627073	57.91753937792539
4.031657963393006	74.39715703165852
3.7550096737589094	72.49296801777481
3.16063169334004	63.39626401534613
4.195395734433815	73.98669820141932
3.416148047358538	54.71165096091142
3.5103841435400924	49.29118734087082
3.498586363517334	61.32225536468845
3.9592005803717703	74.52200685529057
3.194909220107123	55.71304870993925
2.6321553168027076	32.7992198208255
3.591356091035668	58.93282632163097
4.0729792209180165	75.40886378526233
3.0093345740980455	43.61728864712167
2.826312657294954	41.16928404568658
3.4536026062675838	56.52076140170828
2.935889745116345	51.236372083651304
3.055115740934421	61.468575071127354
3.846638092377681	68.0556409434093
3.678108331039957	77.77136615624465
3.1952983745006303	52.885759626331755
3.557969209620028	72.43599657066224
2.1271406382350038	44.64472727662581
2.8282612191551175	49.322153529820014
2.8062043409249093	73.75444854753097
4.331733608181033	75.0556642089803
2.586346288635728	31.755222291241324
2.7464150942879417	56.623450183054835
4.203749422052013	74.27332492539617
3.863384133485626	70.16651173760657
2.1059224538203623	55.08950239255239
3.1565600750464258	57.916259703142
3.0555575125196914	47.90226195498404
2.8375049140133894	69.52342234555032
2.4507836066314628	32.68210951362964
3.264525369278845	42.628503546660724
3.287333508548493	56.421277677471096
4.053601220241658	80.27110827801003
3.6408437390960824	67.92852677338517
4.443105607176966	89.63136714778506
3.613816255184675	58.241261377547026
2.306049495982407	52.15467494204009
3.783845223838674	57.269938711866985
3.8739169261258404	77.02150316597115
2.8453736928975633	42.01858179034157
2.686332897499794	41.27631860087505
3.788304966317171	57.40501807129337
3.1038905997809674	49.333866333787704
3.4830768650970607	48.52729779269747
3.6034878869899467	59.91536957187754
3.701717227111083	60.57932526147837
3.4053040941368633	47.98105853823949
4.249660298235927	84.57381933638914
4.66633611681705	87.09877102044489
4.107730482830271	73.89189535151644
3.133469573330972	45.925987441708706
4.227353419116169	71.48206772045268
2.578141626893875	70.03328019597458
2.3353827290238502	39.73777147281602
3.9286209801297964	66.5197547386825
3.717936984718092	70.18171936651176
3.5141527872601452	67.46958311125506
4.134073324157716	89.14725364325585
4.581825272837248	94.77601827357961
3.1023918953003875	65.39492987961091
4.638508831010943	90.54311342802622
4.259376900145351	89.37286068470182
3.9104848452490257	61.1675668996892
3.6737817061473192	65.28236186338465
2.90698152751324	55.76910618486083
2.834355259843005	57.92511434094729
3.454338562972224	60.79056353112103
3.2950007336856575	55.95747073056715
3.3958158953726887	56.96617925003331
3.6173077768623774	94.78621628026153
2.6005292246580582	46.06250980651162
3.411931749839279	71.69834799431354
3.2382477857080065	63.455454731714866
2.0996488816560905	59.45921634669882
4.105256128578464	69.01308960773291
2.88971413223496	44.771648081264004
4.013362584928074	80.734042910305
3.8070423209519406	59.643661627848886
5.020831668655406	99.1649974201079
3.6303648807538345	55.04439513399021
3.3533604334544598	53.987687114216065
3.1237575505393425	66.68449731895456
3.657395461362034	62.76275364019315
1.9299212565011241	25.846144662792092
2.660730980171793	45.489405129382234
3.890075853547824	65.0379908384175
3.983721574910727	69.56970586979925
1.6388152297405347	26.388375877372994
3.1908560576196923	58.13456212145511
3.5969105327202513	70.48392893651777
2.8290195867594825	64.72598734385457
2.6648192729027755	44.49706619084155
2.9800365549192085	49.14516455794147
3.194066432521624	74.68995907744157
3.980957463891954	73.76833709038559
3.7348378152252986	67.34978678003684
2.994379824964828	47.21652342687348
3.2961096909725223	55.564359506125726
2.75728684815265	64.47452457210825
3.6110501921199174	74.18220316746157
3.3254264812264327	55.71734965741588
3.6895659524545548	56.21382993699016
4.292240696070525	73.69332077201594
2.9078974622462472	64.84557024095076
2.616989706833657	46.70797273551794
3.0850797850197824	46.58766054339969
3.8766736963439783	86.42482071867906
3.051241581811074	66.84560563114755
2.44921351998827	60.30561087753471
4.296962648241284	92.97441225675944
3.7842984784336524	61.96070935831407
1.8283739530937178	20.892427596747986
3.5966076229689197	71.99972223002636
3.7902053453497193	75.75656448682025
2.623138978517798	74.97110807887127
4.316595238323391	76.62042162467606
3.2643940162232337	53.66577667152088
4.0514868791299214	74.30880272751472
4.177721187339406	69.81341727657832
2.3035369495214466	23.929741287768223
3.1861976709740136	70.51996015961926
3.1081681766555973	49.96500723289318
3.597940316032211	74.14803456076278
2.9468359236882065	64.22247999326474
3.379084951727526	57.2415831231613
3.878163498487646	60.16060848400776
3.0674393666604756	57.68989403610707
3.0402789922195774	50.4576472226737
3.251917616974981	53.978128991030076
1.6897083788070544	25.59319495354927
2.330929542433695	85.99275065998137
3.588962600469025	67.15169773618274
4.150579490542958	68.90924042926336
3.831267718029009	68.14613935811586
3.9234293891318863	74.03637128299637
3.995996378890647	70.60169430888239
3.4269858543963228	59.60100806879128
3.132557373777574	51.80031181954274
3.815214342380306	69.37632969859105
2.6628087080886376	36.755913800607374
3.7581229303409254	60.252800510453866
4.2288196059002345	94.25046975655411
3.306334070355679	53.79133949387105
3.99214615764535	76.48700782062797
3.2790769295527777	62.19056262552836
2.9970767024746237	64.30110051746418
3.091819043141058	45.332601627387824
2.7786519548202726	36.76451858957959
3.241834714682024	60.951473366161736
3.651013517234853	67.01292113731715
3.8142082160526263	70.6111851281378
2.787277334840325	43.4844699800219
4.045822604777895	92.93924317783608
3.6856200274706996	68.85961242189656
3.3857598506812367	53.39114647861783
3.23112531877763	53.504694457947046
4.0058479573999834	81.35244560670417
3.9650486047110785	97.90597019671372
3.5418669021722398	65.72076985956896
3.1814939128646493	70.07681630132707
3.001666177394444	80.82607710944711
3.342733790893915	44.695476787136016
3.6586946192311256	66.64487631141182
2.5510066753533485	52.14273921447165
2.2972080015823524	69.74967480023682
3.4605660994920013	51.521530280170815
4.320703520438961	86.08575964357435
3.231575142709789	69.81106053887382
3.9330076382727865	74.72268625928594
2.6559805546897004	40.80934781053801
3.9847164531516226	78.71905617091433
3.0955870362830162	45.00908105411048
2.5290569873591338	43.550666555901344
2.8940423372627655	41.351205700286854
3.6469080685699917	67.08703861390019
3.942115408443592	64.1726662063169
3.0811862892236763	85.82466793101884
3.798124676888936	60.487799830183306
3.8137834380256663	83.26453552457099
3.7883826400510396	64.4267045877222
3.84472595891824	67.23965544332827
3.8093257954725868	58.94886783027926
2.400666368448105	45.699701200820186
3.6948493405441396	61.28002309920421
3.3764801516817937	53.535450996897715
2.506767695713305	45.58572033535528
3.1987720974893485	49.20363073863802
3.512742192202487	59.35631797467674
2.8941115282580103	56.87090099441217
3.474951628756717	64.13802509441115
3.0277506234080764	42.77327738484404
3.500541458442163	62.18177066386284
4.17031786067189	84.52864549384304
3.0585053698270896	45.824808100792815
3.98356770736442	63.47524671662648
2.8665774255223777	98.28707032840414
2.8936069728914364	50.80658127081037
2.6098968279206374	51.03076610128069
3.636722381372608	54.95123547553674
3.5231621601835057	67.09803342834519
3.2075939454162006	47.974263142802045
3.990550717346921	82.32882116256658
3.473697168950933	76.36757836658774
2.580221654510772	38.173306347404164
2.7470633635234165	38.890108573337145
3.321190673925776	62.869073245368135
2.691818247558774	58.74467338676932
3.620260298450318	69.82552512042375
3.537355537236184	53.866981257432
1.4652127871068041	64.67800464616168
4.115684584386479	75.24945294036971
2.8171279677340024	62.34014981499146
4.043069078456894	65.38563029269714
2.625697406874681	46.466233208426
2.7142426426790496	52.33081873952381
4.562241833709349	83.25620219699057
4.268700365411337	72.8872112386515
3.734808226467739	71.19214428471871
3.221427350320461	41.51037669357083
3.0582367596049242	86.31977859703558
3.52461615841069	59.545183377972236
2.995535620122718	54.34446035711961
3.9975510069236693	63.92165621182577
2.710821590286704	48.88222956063481
2.948101204446526	39.636807764179224
2.6153841407309013	64.0965574187088
4.187985040628545	70.15687480211393
3.4025318642565843	53.350986072692095
2.298497628048061	50.24219265594767
3.366262495676737	63.46450427567119
2.15879173638461	30.281491260913374
2.1924908443876157	50.750526542023856
3.3906190386685093	69.24926633188916
3.283504898052983	50.395379965871676
2.0009168314583037	42.01542325529499
3.28673041258311	69.03415611058016
2.7923820311584295	47.005941093665
3.590574979668675	79.75095285950708
4.336253405758969	87.09008507282884
2.6947934290406694	53.35053559015756
3.5395976879699402	74.49676795199744
5.023412921193717	99.06129049273602
2.3559771065916864	33.19732575861132
2.3813493078956722	32.454254679363196
3.8888984093731223	73.22760720813388
3.469839461984723	58.26574844367671
3.3037560837620688	62.935161949204414
3.0520307793650296	44.75858065595184
3.031352194819283	62.15387470167134
2.059424317255721	54.84509470175285
3.549758314776002	69.81026300015854
2.670318794416599	51.48717220615342
4.543603869079219	82.57734447644658
4.127526112942858	76.73251498916544
2.989412883036367	56.81236792315705
2.632242315143651	33.08645891134816
2.7657615808621965	60.91986418787718
4.7434576137661635	90.00156053438474
3.6955949204095173	60.22443488141956
3.7823307929211984	64.97224467678295
3.0440690953545975	48.706762116486516
3.3937456536700914	46.07003824721856
4.4742694437140615	80.07634821981337
2.0238244098595675	34.72938159406276
3.1329871043430058	46.077255007648674
3.299536342983116	60.36990727782715
3.1511800826669507	74.61059426251748
3.5218466294894917	62.15433426600925
3.185508098024828	46.922191309790115
2.712536602852559	60.277690636355906
2.968730696553672	57.832113968130884
3.5626407986989825	58.152567735763874
3.9699210172466874	76.52293306696156
2.5724138439704785	58.223605600438
2.1645552976137954	23.722702324015387
2.912712029895724	52.1105523250221
3.6069117364881818	71.97342754201689
3.448378505696706	60.410123947631135
3.3131277628947737	47.994771823079695
2.5386691472378904	59.336356048926596
2.080791038407441	40.74877914281745
2.7880495853596265	40.4979509329378
2.5776163518667965	48.61486541115887
4.111135979999435	86.4413483196389
2.9527897653188235	52.76285660506359
3.1771401019505205	54.41875734795539
4.109515978217631	76.15544334291441
3.8436030136180426	66.18979764633869
3.2199535479547574	49.46750724991924
4.039416249071291	71.18479270967806
4.111587068486299	77.70276859590302
3.6049056359044913	78.07566927412687
2.889675750482276	45.0267821069964
4.089915480175007	68.98056158336165
3.339550324642548	73.37969781766694
3.8202964083773594	74.89263851124997
2.531569925440519	41.34687782145448
2.9455308143697643	49.252856243871946
3.4362042281078207	59.85696439965545
4.723893512385501	89.26067966543127
4.4787051676106895	83.19550462838137
3.743494553646738	61.70254306389784
2.392743687249295	37.20053863775084
2.4790837572218978	36.694955094517724
2.5470973945135573	38.54189158633288
2.950340171346606	71.42403800886143
3.046812506264441	61.88733940607109
2.5476247648343744	45.16575428043732
2.8333595669579017	58.97358905157502
3.8615288236567515	66.13084728282742
2.986771796418222	35.683223055517345
3.54049464094441	82.67550938674965
2.530665674341556	37.269695873102
2.4752808841086447	28.304238139997718
2.9907003851194895	42.660165005945096
3.1349396596948953	65.71447912012303
2.988054030422532	65.0485470425942
3.874460022156318	78.1164169346833
2.740027985374882	91.28318068879679
3.0018682487177832	52.820543097231344
2.4547377639144132	49.675372457199614
2.8873404705388332	55.14729922518002
2.4908473713294255	32.41811539876057
