3.1875
2.5584
2.5404
2.4663
1.9873
3.3634
1.9530
0.3171
1.2519
0.5794
1.4254
2.9088
0.6560
1.7555
1.6924
0.7742
1.4643
2.6716
0.9211
1.3239
2.1778
0.7091
1.7388
3.1894
3.8552
0.3515
2.6000
2.3497
1.6075
1.9692
0.7728
1.9567
1.2156
1.3776
0.5794
0.6641
1.7083
2.0772
1.3872
1.8879
1.1076
2.1909
2.2932
2.1239
1.3638
2.3999
3.0691
1.8759
1.8308
0.6245
1.4531
3.5609
1.8840
3.3455
2.0017
3.3033
2.0123
2.0026
2.5741
3.3052
1.4941
1.1224
2.7292
1.5629
0.5630
0.6429
1.8493
0.6593
1.4920
1.8378
3.5287
2.1184
2.0879
0.4266
0.6562
2.3243
2.2345
2.0050
0.7526
0.5561
2.1784
2.1987
0.7251
0.6811
0.3171
0.5044
0.7931
0.6751
0.6539
2.5674
3.3391
2.8883
1.4489
1.5286
1.8488
1.8356
2.1714
1.9328
1.5031
2.9470
2.2507
1.8822
2.0669
0.6903
1.9510
2.7938
1.8468
2.7675
1.5507
2.0005
0.4975
1.5124
0.5951
3.7710
0.3292
2.2191
1.8752
1.5041
2.6370
2.0998
1.7008
2.1549
1.3395
1.3861
0.5786
2.1535
3.1652
0.8101
2.5741
0.3407
2.0620
2.3572
0.6761
1.8146
0.6333
2.4905
1.1315
0.6943
2.2618
3.3591
2.7269
2.5682
0.5539
0.8001
0.5894
2.4393
2.0571
2.1229
2.8510
1.8599
0.6661
1.3743
1.5732
1.2527
3.2387
1.4406
0.3716
0.6396
1.5415
0.7177
0.7146
1.3608
0.7697
2.2832
0.5581
1.2442
1.5771
1.4130
3.9555
2.2560
2.3039
1.6750
0.5403
0.6524
2.1149
2.9343
2.3741
1.6626
1.9882
0.6565
2.6569
2.1186
0.5588
1.1641
0.7173
2.9876
0.3808
1.8963
1.3128
0.4701
1.5935
1.6815
2.5085
0.6213
0.3808
1.4328
1.6003
0.7385
1.6748
1.5863
2.6885
0.4957
1.6879
2.1210
0.6018
0.6688
2.0002
2.8403
2.1315
2.9154
0.3808
2.5774
2.7337
2.9885
2.5764
1.3348
2.9248
2.8305
2.9812
1.7995
0.7638
0.3716
1.4601
3.6988
2.5079
2.0858
2.0544
1.9184
0.3171
2.8484
0.3171
2.3039
1.9327
2.2632
1.6588
3.7919
1.7726
1.7572
1.3910
0.5951
3.0008
0.7085
3.0083
1.8453
0.6063
2.8008
2.1569
1.9614
1.2750
0.8022
3.4233
2.7633
2.4392
3.3543
2.2682
1.0801
3.4430
2.6670
3.6515
3.1816
3.6713
2.3190
1.9115
3.6944
3.9822
2.4241
1.9868
2.4356
1.1615
3.3340
1.6878
2.6864
3.5606
3.1241
2.4531
3.8067
3.3401
3.7345
3.1187
2.1784
2.1777
2.7334
3.6478
3.2290
3.7605
3.2738
3.0315
3.4793
2.4595
4.1238
2.2050
3.3626
3.1850
2.2542
3.7156
3.7254
3.0130
3.0680
2.6416
2.3339
2.7195
3.3544
3.0811
2.1250
3.2304
3.3964
1.9045
3.3414
2.1049
2.9749
3.5205
3.6763
4.5154
2.8458
3.3333
2.1730
1.3308
1.0655
2.6273
4.1122
2.0034
1.0446
3.2657
0.9825
3.1349
2.8520
2.5166
0.9661
3.2067
2.9873
3.6452
3.2825
1.9632
2.6117
3.1296
3.2548
3.4686
2.5510
2.5389
2.0010
2.9356
2.9831
2.7801
3.4642
1.6386
3.5318
2.0631
1.9882
2.6960
3.0184
2.9021
3.5647
4.2203
1.6169
3.3497
3.0368
3.0430
0.9825
2.1443
3.4769
3.5207
2.5971
2.4250
3.5613
2.0394
1.9744
2.1784
2.9600
0.9825
1.1253
3.9481
4.4343
4.4657
3.0532
1.9457
3.2033
3.0017
3.0834
3.0760
2.1757
2.9632
3.1816
3.7686
2.1910
3.2346
2.9499
3.2820
2.7145
2.0764
3.1634
2.2250
2.3875
2.2447
3.4876
1.7161
2.7593
2.8165
2.1627
3.3128
2.7838
3.5726
3.4022
3.0808
3.6129
2.5764
1.5393
1.7715
1.0446
3.1221
1.9580
1.9110
1.5687
2.7145
2.2421
1.2336
2.0717
3.8811
2.3841
3.7671
3.0493
3.1302
4.2720
2.3746
2.0440
1.7924
2.4909
1.8248
2.7781
2.6631
3.4364
2.0172
1.3262
3.8338
2.6186
1.3997
3.3757
1.5249
3.9219
3.5899
3.0673
2.9454
3.6726
3.3631
2.2137
2.2507
2.1051
3.1199
0.9885
2.6683
2.2514
2.4356
1.9969
3.3894
2.6056
3.9840
3.3885
3.8558
0.9885
2.2851
2.9763
3.0543
2.4135
2.8226
3.3519
3.5651
3.7655
2.8332
3.1574
4.3717
3.4938
3.8060
3.0174
3.2507
4.2335
2.3028
2.2507
4.8231
3.1742
4.3543
3.5647
3.4760
2.8468
2.5355
2.2326
1.2156
2.9332
2.1545
1.6119
1.9882
2.3630
2.3630
3.1593
2.6244
2.0656
3.1799
2.4832
1.5257
2.2964
2.4485
4.3484
2.1434
3.3917
3.7274
3.1830
2.3232
3.4253
4.1166
3.5713
4.3176
2.8590
3.5937
1.8043
4.1691
3.1765
3.8811
4.1245
3.7058
1.9007
3.0149
3.6162
3.5613
3.9110
4.7527
3.2734
1.9900
3.5144
1.8268
3.7912
3.1033
1.4385
3.7099
3.8873
2.9419
2.3359
3.7743
3.2734
4.1826
3.5613
2.1459
3.2979
3.6869
3.2209
3.5484
2.9632
4.0277
3.9871
3.1723
4.1142
3.5459
2.9632
2.1459
3.2022
2.4647
3.1423
3.6615
2.1434
2.1434
3.4228
4.1252
3.2886
2.1459
3.7441
3.9812
3.9106
2.1502
2.9588
3.5124
3.4599
3.7946
4.2471
1.8113
3.5634
3.0940
3.3382
4.1171
1.9007
3.4998
3.3631
4.4848
3.7163
4.3112
2.1683
4.5183
4.2055
3.6344
3.3692
3.5910
2.3537
1.4543
3.2734
3.6041
3.2845
3.2996
3.9160
1.9110
3.5005
3.3692
3.3917
2.9364
1.0801
2.0714
5.0000
3.3127
3.4582
4.4498
3.2261
3.1572
2.5383
3.2845
0.3171
3.4830
3.3755
3.0656
4.0771
4.3599
3.0739
3.4599
3.8063
3.4760
3.3673
4.1142
3.6272
1.9900
4.0599
3.9561
3.9504
2.8963
3.3068
3.2905
4.1045
3.4760
4.7751
4.0043
2.5234
3.8459
4.4029
3.0432
3.6022
2.9895
2.1459
2.7831
2.8834
3.4340
3.6162
3.7513
4.1221
3.4406
3.9963
4.9037
3.4699
2.8722
3.5910
3.6785
2.9419
3.0665
4.3696
3.2734
4.2329
3.7042
3.1454
3.8058
4.6453
3.1598
4.3718
1.0978
3.5484
3.2996
3.8258
3.6566
3.4495
3.7610
2.2171
3.4662
3.6736
4.1110
4.1155
4.6633
2.8790
3.1520
3.5910
2.2960
3.8671
3.3692
2.2674
4.7364
2.8941
1.1964
3.1574
3.6441
3.5513
3.3426
3.8300
4.0308
2.3537
3.2617
3.4998
4.1532
4.1142
3.6312
3.9339
3.6961
3.3886
4.4239
3.5882
3.0344
4.0002
3.2575
3.2485
4.1273
3.9792
3.8872
3.6266
1.9007
3.6272
3.5910
3.5459
3.5613
3.8300
3.5559
3.9633
3.7771
3.1723
3.9526
3.6887
4.3279
4.1589
3.8576
3.6162
3.2485
3.8063
3.4807
3.7527
3.7492
3.2399
3.2241
3.5137
3.6248
2.0714
3.0182
2.5744
3.4466
3.7262
3.7856
4.0325
4.0878
3.2220
3.9153
3.0737
4.1142
1.6965
