4.0043
2.7900
3.2960
3.7771
4.0086
4.3014
2.5291
2.8498
2.9406
4.0086
2.8498
3.0162
2.0143
3.0027
3.1028
3.4599
4.4939
4.1826
3.6736
3.7870
3.0598
2.7603
4.0877
2.9419
3.0733
3.6272
2.2942
3.3733
3.1572
3.3692
3.1262
2.8876
4.0086
3.7858
2.6716
3.3917
3.3917
2.4826
3.2734
2.9471
3.2734
3.2734
3.1861
3.4397
3.7323
3.6687
3.7870
4.0086
3.2734
3.2734
3.1586
2.6335
2.9367
3.2002
2.6188
3.1830
2.7871
2.8120
3.1574
3.0799
2.1980
4.0086
2.7431
3.2346
2.9277
3.3917
2.9160
3.3917
1.6950
1.6446
2.8421
2.8222
2.8097
2.8097
2.7673
2.5449
4.0086
4.0086
3.3917
2.6518
2.8120
3.0091
3.0091
3.2346
3.0784
3.1830
3.2356
1.3240
2.2942
3.5386
3.1126
2.6704
2.7971
2.8527
2.8527
2.9186
2.9186
2.9186
2.7980
3.4434
3.3917
3.2845
3.3801
2.0143
2.2942
3.1572
3.0744
3.1674
2.6480
3.1870
2.9574
2.9212
2.4228
2.9884
3.3917
3.5049
3.3917
3.1599
2.5697
3.0744
3.1185
2.0775
2.8560
1.5959
2.9212
1.5479
3.3673
2.9652
3.0130
3.7108
2.6995
4.0382
3.1599
3.1909
3.1599
2.0143
2.2942
3.3301
2.3534
1.9627
2.6159
2.9721
1.6472
2.6335
2.7251
2.5481
2.8636
2.8591
2.8422
4.0086
1.9397
2.9471
2.9988
3.0744
3.2346
3.1572
3.8414
3.8314
2.7489
2.9309
3.4055
2.8682
3.2886
3.3917
2.1705
3.1870
3.2777
3.3875
2.4526
1.6317
2.9749
1.5075
2.7300
2.0273
2.9412
2.0623
2.9388
1.6034
1.6034
2.9794
2.9794
2.0143
2.2942
3.0750
2.6367
3.2356
3.1654
3.4434
1.6045
2.1683
2.1437
1.9898
4.0357
1.9692
3.6934
2.9069
3.1710
2.1013
2.8947
4.0271
1.5514
1.6162
4.3156
2.7443
2.7733
1.6034
3.3917
3.1385
1.8230
3.4310
2.9678
3.9101
3.0455
3.0412
1.9386
2.6966
3.8903
3.3917
3.2777
3.3917
2.6861
4.2230
2.7790
3.1880
4.2651
2.7834
4.0437
2.7808
1.9877
1.8999
1.9342
3.3985
3.1572
3.7870
3.5144
2.7952
1.3471
3.1186
1.8967
2.8248
3.8480
2.5378
2.7467
3.1344
1.7931
2.0307
1.9159
1.5592
1.8466
1.9802
2.3894
2.5436
3.1572
3.2122
2.6048
2.7683
3.5647
1.6588
1.9653
1.3875
1.3911
2.1396
2.9019
3.3755
1.8179
1.4337
2.2672
3.1913
3.2048
3.5403
2.8435
3.1674
3.3755
3.7870
3.0639
2.3018
3.6966
1.8102
3.0677
3.1599
1.4634
1.9304
3.1430
2.5411
4.1288
3.2461
2.5120
2.8999
3.0733
3.1174
2.6557
2.9678
2.7030
2.8682
1.8175
1.6645
1.6974
2.8290
3.3455
1.5370
2.6722
2.4005
2.5521
3.5232
2.9428
3.4649
2.2758
1.4150
1.9278
1.9498
1.9330
3.0942
3.0455
1.4346
1.4382
3.9297
2.0273
1.5850
2.9763
2.9755
1.9762
3.2896
2.1045
1.3348
2.0568
1.4128
1.3436
4.0357
1.9640
2.0273
2.0273
1.8811
3.3217
2.0959
1.0362
1.7328
2.0273
1.7733
2.8457
3.6039
1.9575
1.8450
1.8502
3.0433
1.9196
1.9209
1.4434
4.1539
3.3301
1.9086
1.9133
1.2854
2.0175
3.7151
1.5994
2.7698
2.0131
3.8524
3.0162
1.2951
2.6138
1.9306
1.3184
2.7108
2.6667
3.3917
3.1297
2.8013
3.5624
3.3917
4.7337
3.3917
1.1224
1.9084
1.8990
3.1913
1.5597
3.0130
2.0468
3.3217
3.5978
3.2000
1.5280
1.3848
2.5492
2.0731
1.9268
1.4240
3.3867
2.5766
1.4151
1.3839
2.0073
2.0255
1.3684
3.1957
2.0783
3.9736
2.6331
3.1474
2.6293
3.1710
2.9273
2.8923
1.8094
0.6994
2.5075
1.7913
1.3813
1.3557
2.1045
2.7680
1.4487
1.8414
3.3302
1.4525
2.3907
2.4788
1.8617
3.3806
3.4998
2.9382
1.4499
1.4276
1.3282
1.4111
3.0720
1.8603
2.6738
2.7737
3.9055
1.9097
3.2306
2.9021
1.7354
3.0569
3.1107
2.0199
1.9355
1.3177
1.4699
3.2916
2.0244
1.3477
3.5921
2.9800
2.9881
2.9421
3.1474
3.5096
1.4100
2.0162
4.2067
2.1755
1.9746
1.8627
1.9970
1.4987
3.1955
0.5656
1.9425
1.3683
2.2018
3.2620
2.0373
3.2537
3.1217
1.5687
0.6214
2.4198
1.4272
3.1510
3.2410
1.4431
1.3977
1.8291
4.8407
1.3641
2.6705
3.1293
3.2387
3.3859
2.0809
1.8466
1.4421
1.6880
1.8087
1.3731
4.7463
3.2657
1.4545
3.1957
1.5390
1.8272
2.0739
1.8375
1.8603
1.3474
1.3374
1.3963
1.3479
1.3124
1.4693
3.1863
1.3808
2.9478
3.1302
3.3966
2.4758
2.0343
1.9522
2.1187
1.7522
1.3865
3.9852
1.8130
1.9639
1.8052
4.1045
4.2335
2.9297
1.4047
1.3165
2.0074
2.0374
0.6134
1.7995
1.2216
1.7783
1.7174
2.7216
3.0820
2.2992
2.1499
1.8432
1.5855
1.3443
1.2771
1.4076
1.5056
1.4514
1.5673
2.6753
1.9534
1.9952
2.7047
1.2829
1.3832
1.9115
2.6929
1.4737
1.8003
1.7252
3.9254
3.5928
1.9416
1.9556
3.3335
1.8186
1.3018
1.3220
1.7225
1.9535
1.8880
1.4422
1.5720
3.2485
1.3810
1.8374
2.6879
2.9566
3.0942
1.4895
1.9898
1.4983
1.2997
2.7800
3.2122
2.6973
3.4772
2.8106
3.3335
2.6310
2.9763
1.9230
2.2618
1.2434
1.9688
1.9058
1.8473
1.5868
1.4825
2.9117
2.0073
1.8848
1.9206
1.3512
1.2599
2.7642
1.9399
3.1957
2.7303
1.7743
1.9270
1.9328
1.8885
2.9873
1.9279
2.9043
1.7588
0.5920
1.3850
1.3443
1.4200
0.6866
2.8715
2.9346
1.8149
1.9537
2.9823
1.8891
2.0181
3.4639
3.1585
3.2485
1.6655
1.3690
1.4492
1.8470
1.9402
2.0158
2.6671
2.3623
2.1311
0.6806
2.0371
1.4085
2.2908
0.6448
1.3159
0.6140
3.0222
3.0552
1.4332
1.2169
1.3756
1.3792
1.7926
2.5205
3.0305
2.5861
1.3244
1.9518
1.2901
2.1859
1.4947
2.5778
0.5436
2.5495
1.8590
2.1078
1.4495
1.3804
1.3956
1.8461
2.0362
2.3693
2.6480
3.7821
1.9102
3.0266
0.7275
1.7712
4.7163
2.5040
1.9446
1.6691
2.5633
3.0365
2.0104
1.3766
0.4715
1.2740
1.7413
1.3566
1.9541
1.4588
1.9134
1.7960
1.4884
3.3502
1.8764
2.0420
1.3437
1.8544
2.1078
1.3721
1.7637
3.2751
1.6683
1.1938
2.0025
1.3665
1.3045
1.3909
1.3690
1.4013
0.6151
1.8268
2.7213
2.1184
1.5024
1.5594
3.5706
4.1127
1.5452
2.0636
1.8711
2.6353
2.6037
1.6138
1.9460
3.5781
1.8048
1.4449
0.6114
1.2322
2.4049
2.2420
0.5993
1.9126
1.4195
1.8706
1.8743
2.3295
3.7736
3.0383
1.8715
2.8668
1.7031
1.3357
1.3595
0.6388
0.6253
0.5552
1.2792
2.0347
1.3692
1.3737
1.3559
