4.322	100
2.376	100
2.99	100
2.418	100
2.09	100
2.562	100
1.613	100
1.695	100
0.77	100
1.379	100
1.617	100
3.449	100
1.586	100
3.301	100
3.126	100
2.34	100
2.538	100
3.813	100
1.12	100
2.938	100
2.027	100
1.549	100
2.409	100
2.283	100
3.063	100
2.244	100
1.662	100
1.065	100
2.704	100
1.985	100
1.597	100
3.169	100
4.023	100
2.636	100
2.099	100
1.355	100
3.435	100
2.505	100
2.113	100
2.603	100
1.358	100
3.182	100
2.253	100
2.934	100
1.766	100
2.416	100
3.733	100
2.717	100
3.012	100
1.035	100
2.559	100
2.855	100
3.354	100
1.878	100
3.224	100
3.585	100
3.046	100
2.483	100
2.68	100
1.103	100
1.711	100
2.326	100
2.06	100
2.379	100
0.881	100
1.628	100
2.535	100
2.264	100
2.117	100
1.957	100
3.392	100
3.092	100
1.802	100
2.121	100
3.198	100
2.847	100
2.886	100
2.481	100
1.523	100
0.947	100
3.564	100
1.821	100
1.815	100
0.415	100
1.612	100
2.126	100
2.16	100
1.411	100
1.938	100
2.185	100
3.739	100
0.426	100
2.183	100
2.502	100
2.609	100
1.895	100
1.766	100
2.756	100
3.062	100
2.562	100
1.575	100
3.321	100
3.169	100
2.097	100
3.172	100
2.549	100
2.941	100
2.743	100
2.208	100
2.504	100
2.184	100
2.848	100
1.672	100
3.115	100
1.511	100
1.277	100
2.708	100
2.457	100
2.315	100
1.92	100
2.808	100
1.24	100
2.708	100
2.944	100
1.903	100
0.149	100
2.704	100
1.901	100
1.096	100
1.088	100
4.028	100
2.915	100
2.832	100
2.314	100
2.461	100
3.221	100
0.127	100
2.609	100
2.273	100
1.922	100
2.716	100
1.334	100
1.458	100
0.978	100
2.2	100
2.831	100
2.62	100
1.404	100
2.769	100
2.657	100
3.36	100
1.317	100
2.504	100
3.113	100
2.799	100
3.548	100
2.259	100
0	100
3.06	100
2.331	100
1.05	100
3.102	100
2.028	100
2.005	100
1.324	100
2.356	100
1.423	100
2.852	100
3.713	100
3.07	100
3.195	100
2.849	100
1.953	100
1.449	100
1.626	100
3.328	100
3.091	100
3.163	100
4.211	100
1.993	100
3.13	100
2.979	100
0.606	100
1.672	100
1.07	100
2.458	100
0	100
2.187	100
1.877	100
3.696	100
1.238	100
2.983	100
3.266	100
2.375	100
1.27	100
2.246	100
2.309	100
2.704	100
3.239	100
2.463	100
3.596	100
1.801	100
0	100
2.813	100
1.299	100
2.154	100
2.456	100
3.93	100
2.771	100
2.051	100
0.966	100
3.519	100
2.85	100
1.313	100
3.134	100
2.369	100
3.053	100
3.039	100
3.464	100
2.837	100
2.173	100
1.278	100
0.763	100
2.943	100
3.996	100
1.796	100
3.501	100
2.392	100
0.258	100
2.562	100
0.717	100
3.243	100
2.827	100
2.204	100
1.696	100
2.389	100
2.766	100
1.796	100
2.092	100
0.585	100
3.299	100
2.461	100
3.664	100
2.084	100
1.395	100
1.096	100
4.3	100
2.796	100
4.512	100
0.783	100
4.078	100
4.065	100
1.347	100
3.568	100
3.865	100
4.077	100
4.026	100
2.675	100
3.303	100
2.825	100
3.177	100
1.871	100
3.335	100
3.796	100
3.237	100
3.469	100
3.484	100
4.149	100
2.287	100
3.18	100
2.942	100
2.966	100
4.2	100
3.8	100
3.878	100
4.529	100
3.083	100
3.814	100
4.168	100
2.448	100
3.147	100
3.348	100
3.279	100
3.284	100
1.668	100
3.002	100
3.244	100
2.902	100
2.362	100
3.943	100
3.232	100
3.917	100
3.601	100
3.515	100
3.075	100
4.431	100
3.281	100
3.523	100
3.729	100
2.725	100
3.996	100
3.576	100
2.17	100
3.104	100
4.219	100
3.68	100
3.279	100
4.259	100
3.403	100
4.466	100
3.777	100
4.5	100
3.721	100
4.29	100
3.871	100
2.238	100
4.401	100
4.076	100
3.576	100
4.12	100
4.495	100
4.145	100
3.459	100
4.441	100
3.933	100
3.874	100
3.047	100
4.256	100
3.886	100
3.316	100
3.598	100
2.667	100
2.955	100
3.203	100
4.382	100
2.763	100
3.911	100
3.836	100
3.495	100
3.493	100
2.562	100
3.932	100
3.509	100
3.52	100
2.529	100
4.478	100
4.4	100
4.387	100
4.145	100
3.647	100
3.736	100
4.218	100
3.664	100
3.406	100
3.3	100
2.922	100
3.228	100
2.258	100
4.137	100
4.182	100
2.821	100
3.5	100
3.133	100
3.819	100
4.432	100
2.401	100
4.443	100
3.011	100
3.308	100
1.37	100
4.047	100
4.47	100
4.504	100
2.99	100
3.295	100
3.967	100
4.066	100
2.698	100
4.428	100
3.782	100
3.141	100
3.406	100
4.224	100
4.211	100
4.378	100
3.708	100
4.153	100
2.743	100
3.265	100
3.708	100
2.761	100
3.333	100
4.401	100
3.797	100
2.814	100
3.032	100
3.125	100
3.836	100
1.479	100
3.697	100
3.105	100
3.704	100
4.228	100
3.497	100
3.945	100
3.67	100
3.585	100
3.587	100
3.864	100
3.687	100
4.239	100
2.909	100
3.242	100
4.477	100
2.508	100
2.775	100
4.216	100
3.581	100
3.482	100
3.924	100
3.947	100
3.219	100
3.491	100
3.301	100
3.373	100
4.124	100
4.607	100
3.457	100
4.221	100
4.173	100
3.275	100
3.446	100
3.259	100
3.945	100
3.869	100
4.099	100
2.431	100
4.253	100
3.112	100
3.377	100
2.657	100
3.405	100
4.117	100
4.049	100
3.653	100
3.475	100
3.342	100
3.622	100
3.716	100
4.498	100
3.721	100
1.493	100
4.046	100
4.383	100
4.212	100
3.674	100
4.023	100
4.23	100
2.273	100
3.023	100
3.118	100
2.945	100
2.579	100
4.311	100
4.152	100
4.11	100
3.891	100
4.383	100
3.686	100
3.353	100
3.655	100
3.596	100
2.528	100
3.281	100
3.52	100
3.798	100
4.051	100
3.419	100
3.384	100
3.631	100
3.904	100
3.708	100
4.231	100
3.65	100
3.618	100
3.579	100
4.077	100
3.211	100
3.938	100
4.133	100
3.287	100
3.435	100
3.207	100
2.592	100
4.443	100
3.564	100
4.564	100
3.909	100
4.45	100
4.034	100
4.241	100
3.59	100
4.482	100
4.401	100
3.662	100
4.133	100
3.698	100
4.183	100
4.279	100
4.424	100
4.153	100
4.2	100
4.433	100
4.29	100
3.6	100
4.451	100
4.141	100
4.002	100
4.023	100
4.649	100
3.644	100
4.478	100
4.294	100
4.174	100
4.393	100
3.995	100
4.429	100
4.215	100
3.735	100
3.288	100
3.784	100
4.37	100
4.216	100
4.518	100
4.433	100
4.351	100
4.217	100
3.225	100
4.078	100
3.702	100
4.124	100
4.124	100
3.833	100
4.41	100
3.779	100
4.352	100
4.336	100
4.438	100
4.275	100
4.46	100
3.981	100
3.971	100
3.574	100
4.398	100
4.147	100
4.599	100
4.432	100
4.626	100
4.443	100
4.037	100
3.981	100
4.131	100
3.892	100
4.159	100
4.237	100
3.679	100
4.376	100
4.591	100
4.049	100
4.283	100
4.453	100
4.169	100
4.23	100
4.526	100
4.27	100
3.367	100
4.395	100
4.203	100
4.403	100
4.453	100
4.475	100
3.218	100
3.842	100
4.195	100
4.228	100
4.586	100
4.415	100
3.746	100
3.925	100
4.513	100
4.233	100
3.924	100
4.25	100
4.279	100
4.101	100
2.24	100
4.318	100
3.18	100
4.171	100
3.94	100
3.565	100
4.311	100
4.187	100
3.929	100
4.232	100
4.245	100
4.402	100
3.947	100
4.192	100
4.377	100
4.321	100
4.169	100
4.498	100
3.944	100
4.177	100
4.222	100
4.358	100
4.3	100
3.599	100
3.434	100
4.584	100
4.412	100
4.507	100
4.274	100
4.384	100
4.311	100
3.614	100
3.332	100
4.241	100
3.956	100
3.791	100
4.028	100
4.352	100
4.47	100
4.448	100
4.029	100
4.038	100
4.512	100
3.977	100
4.135	100
4.494	100
4.413	100
4.327	100
4.461	100
4.583	100
4.485	100
3.761	100
4.215	100
4.516	100
4.132	100
4.062	100
3.956	100
4.352	100
3.377	100
4.006	100
4.315	100
4.528	100
4.341	100
4.146	100
3.733	100
4.139	100
4.399	100
4.138	100
3.813	100
4.258	100
4.112	100
4.127	100
3.762	100
4.359	100
4.089	100
4.114	100
4.287	100
3.252	100
4.119	100
3.898	100
4.005	100
4.501	100
3.765	100
4.012	100
4.197	100
4.562	100
4.226	100
4.562	100
3.524	100
4.454	100
3.73	100
3.756	100
4.257	100
4.229	100
3.955	100
4.392	100
4.624	100
4.377	100
3.966	100
4.465	100
4.162	100
3.786	100
4.449	100
4.004	100
4.538	100
4.316	100
4.424	100
4.486	100
4.024	100
3.676	100
4.365	100
4.361	100
3.466	100
3.995	100
4.465	100
4.112	100
4.411	100
3.509	100
4.351	100
4.394	100
4.441	100
4.524	100
4.315	100
4.088	100
4.254	100
4.511	100
4.513	100
4.021	100
4.593	100
4.301	100
4.238	100
3.992	100
4.056	100
4.894	100
3.644	100
4.011	100
4.191	100
4.317	100
4.57	100
4.254	100
3.439	100
2.829	100
3.625	100
3.625	100
3.889	100
4.509	100
3.958	100
3.945	100
4.289	100
4.416	100
3.881	100
4.112	100
4.291	100
4.707	100
4.155	100
