2.17294355092
2.79866810847
2.89145650332
2.5839348954
1.88875784502
3.07517195622
3.75375758442
1.8768665102
1.08070933182
1.9343830773
2.17560817162
3.02663137974
0.214653260097
2.44889282947
3.0326853515
3.8264473796
4.0772537145
2.8229355328
4.3195048663
1.48836275532
2.9533459088
2.16670493762
3.40089561392
2.378908873
2.12461924839
4.20316877202
1.6284537725
3.26929240574
3.6765112608
2.51315657962
2.68561300042
2.8519168243
3.5014336203
3.0490956886
3.3765922496
4.60263660659
4.60263660659
3.13128798001
3.4598121671
1.9346265377
2.97097746392
3.3292069933
1.8246504281
3.6491279422
2.80483599632
2.78248409172
2.0183788008
2.15999878239
2.1760593382
2.1760593382
3.8209213439
0.587881817717
3.12640140682
3.98118998172
3.74115481522
3.95156454842
2.18308040141
2.19319623299
4.50561281026
1.1338587258
3.1707745226
2.84810260742
2.98473723632
2.44628258122
2.66657989712
3.99498912249
2.37875821052
3.7795929478
1.6937377412
1.18541311182
2.5717959521
3.11691699722
2.91470016682
2.64752677712
2.65853070719
3.30704211762
3.50493337942
2.1953480345
2.77587504682
4.45271368222
1.54369524949
2.0384767748
2.7117718935
2.06581812582
3.177285166
2.77716855852
1.75865309712
1.9678481316
1.3240622551
3.4449327094
3.55454193172
3.26435746982
2.02492384112
3.19286773552
3.19286773552
1.9346265377
1.9346265377
1.9346265377
3.6999340323
2.8838996865
4.36634427872
2.5815640324
2.6833450869
1.8357616757
1.2044121573
2.9289069587
3.89288771382
1.9811657054
2.3444805103
2.20123692529
2.0538473096
3.37211635159
3.39183407352
3.69937835531
3.75272317902
2.80982630972
2.0276580742
2.68470498342
2.34279056132
3.40854642562
4.60865172559
2.7629862326
2.22019407002
2.17585080402
3.12789308832
2.23015502214
3.18691067242
1.9346265377
3.7637552973
3.0729238711
3.44482073971
2.91072482612
3.06717983252
3.5414757239
3.158294297
0.787984795697
2.1415005606
2.97364517422
2.50885844302
1.67907069452
2.4086476626
1.68324748482
2.50025000812
1.08488268242
1.32553038442
2.06953101042
2.407418692
2.29746100682
2.67988490632
3.27084745702
0.429985765397
2.3668624417
2.1481047643
2.8817376448
1.4117243484
3.52582429922
4.33899830742
3.15403389152
2.3281659496
2.93423470877
2.79326134414
1.7026775914
2.4098802636
3.96425329932
3.2946256509
1.68463659969
4.76105743622
2.8121426868
0.790690399117
1.80738782112
0.728055328697
1.72617956482
2.4052481978
2.25246025
2.02385147712
1.0160515286
2.51436152022
0.964204689697
1.0879959304
1.8277383919
1.96408412842
1.3240622551
2.1171216707
3.10822313862
2.81208824919
3.9299162202
3.8195400066
3.42821938352
2.3897152355
3.3102746414
2.62414734992
1.21380581322
3.7163518858
1.6529688136
3.46492364662
2.3960197716
2.0795816428
2.6107908071
3.8063388098
4.31146281182
2.08211088462
2.02099086702
3.3845728709
2.15474969092
3.08826096632
1.0879959304
3.3139466539
3.4949388538
1.31431229352
3.24356289952
3.4864547785
2.1448874399
1.29587523752
3.48346036012
2.49091617232
1.79383744312
1.8413231333
2.81907336772
3.31287692702
3.48911255967
3.755933529
3.7104833359
1.71142004782
1.8946038138
2.94322821402
2.5755775125
3.2791777288
3.06387912602
1.56245393362
2.4754227195
1.90109769252
3.5661694607
3.56236373982
2.944957202
2.9735247286
3.23948770292
1.75335979112
1.53898814152
1.19812693672
2.16420249752
3.8840917063
3.1167752986
2.5140170702
2.81778304582
0.956927845997
2.6158470308
2.0880408519
1.32044779007
1.3592268467
0.926177302717
2.67820449792
3.4353955935
3.1717593574
3.9135073216
2.9796064885
3.8800303396
3.4271040793
2.8272403708
1.64175684992
-0.158740301083
0.891039054817
5.1191924178
1.98119549842
3.94129066279
0.666692717797
0.581176933497
2.17728183712
2.1586893262
2.62965532942
1.82942530062
1.57034976892
3.04245407552
3.0559911039
2.2819731151
2.80385137252
1.30640924682
2.2397571701
0.836310671397
3.2352747473
2.4658241863
-0.338668580003
1.6987583218
3.4131194196
2.7058137202
1.8773717089
3.1004662631
2.9485883473
4.10192503292
4.19105097482
2.6460099314
3.37259168972
3.13110488067
2.7628283151
2.05267914152
1.9811782978
0.431856993897
0.931872970897
3.51877035812
3.0348743478
2.69391119222
2.99468492472
2.6357178084
3.10882346242
2.81039498672
1.8395263433
3.84058585702
2.1558009508
0.474405295297
1.8454720358
1.5930082319
0.371426515117
2.3626517808
0.709956120087
1.8022562509
1.4093376367
2.76679971
0.498761394597
1.99344548769
2.99836331042
4.32121231072
3.50493653012
3.76714532701
1.7098259259
2.01495166509
1.5576865186
0.392580258997
1.1226775406
3.0405981816
0.174623952917
1.813087195
2.58921608
2.8134609108
3.3438989401
1.46460754702
1.21575565502
1.59196565002
1.7418251255
0.535542575397
2.70378285442
1.8763875794
0.995949781997
1.62628043532
1.1190274073
3.7114328551
0.831789530597
1.626847853
0.363442692197
3.6877972559
3.4786370396
0.730258611717
1.03552382012
0.439174582317
1.5178953698
2.8567144436
1.0654346278
2.99979082532
1.50831870052
3.30755098552
3.31292408642
2.14690660252
1.81008459572
2.4040605252
-0.039190367383
2.2886551153
2.3898523659
2.3601142906
3.31308696679
2.97799670432
3.38843154372
3.61221205147
2.4644546243
2.8269384507
2.45857339007
1.72910124422
1.91326992742
2.9596067621
2.67882299572
3.19165419452
0.807869178897
1.94721236062
1.8966011019
3.6066440279
1.64677057607
1.4315191021
3.6387199979
1.66247521092
2.6902797444
1.0826031245
2.40908155752
2.23516431879
0.785469970317
-0.387301540503
2.93723876332
2.9450704318
1.27907685132
2.46389317612
2.170203274
3.4637009139
1.9701506808
2.2508919022
2.36188753722
2.38653729012
2.5546111988
2.8815433571
2.5906810692
2.8704075728
1.40920935792
3.3736181107
-0.499935625883
0.294118370017
1.62903049972
1.26196729872
0.895540271217
1.929957665
2.7156734298
0.030936427597
3.3489642281
1.381933198
2.20491876392
3.8440729332
2.9789614317
1.4536861071
1.4518694963
1.10889402812
1.6221548632
0.523242081597
1.98227827142
2.92930573194
2.74026043552
3.84615583562
3.94990120109
1.16528943872
3.28222178872
3.6095226022
1.35065767729
2.3910005487
3.09338538852
1.48130841702
2.5433086742
0.124948325097
1.00155923622
3.3238068398
1.378047297
0.861489746217
3.1998485884
2.1383421623
3.33180234619
2.81977109392
2.8211639745
2.75684055712
1.878485117
3.1861125062
3.70296654972
2.91795590182
2.65196653252
2.08076746682
2.6765526263
1.54139614932
3.11371284072
0.969161258297
1.22625537902
0.158246420317
3.21818349462
1.87514045722
1.89950691407
2.41592983472
3.4013719842
2.22425478442
0.503655428997
0.942961637517
1.58229403171
3.43645092872
2.73727475641
0.654088998417
0.445257489417
1.88853198422
3.31800122172
0.460929796617
2.0271926004
1.43028781479
2.727179192
2.55593295112
1.2902390954
0.759508076197
-0.052878292383
2.6226470342
2.9301710049
0.439776796817
4.21488477562
1.54641513052
-0.004018479703
2.63380707202
2.28185762549
1.66538928832
1.8542461483
0.730515654517
0.980982307317
0.214928093497
0.103556830417
0.213433169517
0.848161335717
0.002710280767
1.00640490772
3.03078620952
1.1974619833
1.16015536512
2.25240949662
0.967347919287
2.9270632029
2.8205496129
2.1598557487
2.81121771592
0.755878866217
0.963360548217
3.3055799748
2.0561475528
1.73514312442
1.3890076911
2.54084121119
4.1954564694
2.748678218
0.409922660317
1.08835982019
1.8390839302
1.80290832329
1.53328577872
1.56478588022
1.93408087982
1.5098018809
1.72032932382
2.54459124552
1.9839578756
1.89464935522
2.7079301427
0.922898740497
0.995624898017
0.478761157367
-0.060219923883
0.511609203997
2.50265011287
2.44795540031
1.4041598487
2.0579352796
2.3611107661
2.433374085
0.537969505517
0.567735352917
0.974416367287
2.05474284192
2.95607218852
2.25782974342
2.6975833236
2.05090847312
3.9280160758
2.52959441069
2.62343221042
3.11848348122
1.83661988472
0.934775662497
0.903400877397
1.3131094655
2.05209253699
1.67763603052
2.33033006999
0.276965165517
2.2024001317
3.7747597782
0.207406458397
0.437019629317
3.90955485842
1.9039045181
0.882242281797
2.5369383638
3.06523962812
2.1856058596
0.343593884887
3.59843317544
1.8331415224
2.67986503602
3.0592136042
2.63535577222
2.8811411445
2.5975055613
2.35922319349
1.3253987836
1.57237690542
3.2858835318
2.1745456462
2.1569101198
2.40354650352
0.872309784517
2.40767697272
2.85989585252
3.0186712038
2.06759334652
2.6079921299
0.932987983997
1.5207561095
1.54021204197
1.49837658052
2.7830235504
2.63854048292
3.52147825319
3.38282974869
0.853609348797
1.58540313752
2.88805361312
1.90324793449
3.33856780842
0.878247466197
2.50449494859
1.84784711722
0.434982030117
1.79877746529
2.05585812372
2.2403736676
3.107884691
1.31648935832
2.429339512
2.3930118583
1.50533147012
0.891695491497
2.42888159564
3.27599242332
3.2867662035
1.5586303342
0.641325606517
0.801567050997
3.00114820892
1.59502287222
2.76948240542
2.92958907422
2.0406393086
2.3864226144
0.747018291917
2.49860806572
0.384678385617
3.36875739632
0.532880058917
1.07559673426
0.995575988417
3.392589686
2.67697155263
1.23828437972
1.45483470169
0.158237732997
2.1882602449
2.571673527
2.14167498082
1.8705455707
1.93864649202
1.53881859032
2.0284050498
2.61143357162
3.04813448052
1.07767270632
1.587478129
1.94726852412
1.57137960169
1.3848385623
2.37529621639
2.67954753282
2.9499858953
0.930503352717
2.5039927629
2.35963538477
1.9845411147
3.07038220347
3.45108448942
2.9943610322
3.6873272595
2.1156207842
0.561234522597
1.84953293682
2.503330194
3.05408043392
2.5302276527
2.11916731239
2.24823387764
1.4400167872
1.9784186916
1.4415456628
1.04880385869
2.6298859846
1.44669004052
1.28745188552
0.106846044597
4.08439710248
1.9854475069
1.216754014
2.7539095327
1.7332738487
2.63110651862
1.44749857912
0.974247663217
2.9795279872
1.13225515802
2.2562531936
2.4659867565
2.0979593284
2.62945521562
1.95403903242
0.384738164497
0.972297148017
1.34464074042
1.35629961227
2.28156583222
1.6349202718
1.89852849117
2.6942277764
1.8090633849
1.58773004342
1.2470468236
3.1185760971
4.1627987384
0.434664442807
1.42699130582
1.77977902072
2.541832446
3.18635558512
0.550147191397
1.60580162564
2.8657000121
1.872059928
1.6332507366
0.944876609897
0.388247348717
2.8364081376
3.31770801161
1.54638876797
1.9341618672
0.766807305317
3.5733406244
1.71620485062
1.93167886132
3.53095365527
2.881958085
2.279403114
0.761541724897
1.49400378757
1.4441902933
1.4419940036
2.39244473572
1.47255965792
1.72467326952
0.718202076567
1.8665107616
1.16108017129
1.44065054047
0.845879787917
