0.682744490595
0.43635739724
0.366240924354
0.518252315325
0.309968697046
0.362352796707
0.351261500914
0.173187801376
0.0614887071235
0.0899780666547
0.398142025631
0.291080446833
0.0749287370481
0.552315476679
0.548206249004
0.0753618627245
0.325246227083
0.527076065258
0.131051447246
0.535904800853
0.295945861663
0.0989553456705
0.412552776015
0.532221093525
1.0
0.0837273464382
0.537775532206
0.0164390081352
0.512468553629
0.187152125369
0.102000478588
0.381989293526
1.0
0.212991041296
0.0327728696458
0.106079183478
0.0829189270544
0.274097404442
0.348965193736
0.444020426327
0.292404259099
0.399318789831
0.288980584222
0.388338760081
0.523814962138
0.621622157982
0.682880221156
0.300431540554
0.236226526309
0.0782647260119
0.376106511004
0.802333845347
0.366714223831
0.719324312479
0.303747904889
0.690963189343
0.381148025786
0.511942484552
1.0
1.0
0.121025226568
0.519264349756
0.544456504181
0.215742413918
0.0669673327721
0.0909707374196
0.282768428884
0.0621810880241
0.30886313287
0.240556238166
0.622982013516
0.30767209813
0.41020200629
0.0636351582623
0.109764805196
1.0
0.079979755437
0.546439466764
0.0676748857552
0.0265240649386
0.678356836843
0.50857377635
0.0562086619417
0.0881393460953
0.0974117301401
0.0256706074153
0.0855420571874
0.0867906394154
0.0562636901577
0.00898652734215
0.0
1.0
0.596875995728
0.422698114644
0.431704161195
0.377148066542
0.304880915876
0.537935645178
0.510407662632
0.550946854796
0.355008799106
0.382399307462
0.351204381636
0.0583025038679
0.366404752062
0.536257583832
0.235577991213
0.407410511876
0.25734900115
0.137690460135
0.0336481085848
0.351218564545
0.0502128953559
0.596558116051
0.0587553401995
0.525092958721
0.514847230636
0.53611234084
0.28226977807
0.30323522187
0.533423489183
0.322160679269
0.103266996675
0.36153133204
0.0435397706508
0.697506091279
1.0
0.0752861003582
0.518099835171
0.0849073151418
0.447350688558
0.501443984033
0.0578962844302
0.12070399299
0.0715729571255
0.430215139281
0.0693270085357
0.0826702955777
0.337775399199
0.313613674813
0.684324173953
0.570714056652
0.0483273628453
0.0637476509557
0.0881647824918
0.221483796112
0.126015311795
0.297164918938
0.55144081787
0.479077417933
0.0474808312305
0.533561053908
0.366967927043
0.0353739390554
1.0
0.690468128114
0.0622785463558
0.0
0.386723988458
0.0692771961931
0.0722480028805
0.280941697761
0.0616471852956
0.621632925587
0.0408079295744
0.379069843292
0.304803587649
0.401385534368
0.622137968365
0.534306801902
0.534218371091
0.335596005755
0.0549672323221
0.0576007960709
0.0
0.530765325788
1.0
0.51557613089
1.0
0.0924896330443
0.0
0.69282622339
0.0481203159099
0.067565118093
0.0513509737439
0.0971804439885
0.0400944387139
0.375681797448
0.374283020438
0.0463037534534
0.0344467299298
0.0677272011081
0.44250397559
0.0567012323087
0.0778337970029
0.280772531917
0.310680436785
0.0787894746049
0.298626840876
0.122805451117
0.514859488773
0.0554835299243
0.116296271258
0.546955700363
0.0774625708653
0.0753452070017
0.72227823169
0.40116081415
0.524503734465
0.5
0.0516468762461
0.640892357412
0.639050909952
0.570714056652
0.537714864313
0.360057754775
0.541967527923
0.625677257924
0.690272693819
0.574915657504
0.0481035208858
0.0374357570768
0.5455869269
0.575267682181
0.390827412193
0.284068071527
0.368497192616
0.369149537603
0.0654153639049
0.436774127101
0.0933739499267
0.0457959595146
0.559842242413
0.594143476609
0.195866836299
0.699605737597
0.162410668858
0.234171491166
0.309747830707
0.028886920111
0.550539745629
0.0657262922667
0.0
0.289967494465
0.068945522996
0.0
0.540031536704
0.546876493961
0.357810402565
0.0956554890988
0.527228001527
0.754909644531
0.0971207477189
1.0
1.0
1.0
0.800570441378
0.67363513254
1.0
0.680922732358
0.75612814315
0.541333886318
1.0
0.860508913689
0.801007399746
0.675530295109
1.0
1.0
0.537633039626
0.579717893404
0.674700729991
0.44224728796
0.754111229452
1.0
0.676659350213
1.0
1.0
0.766224731453
0.515246967197
0.68533853874
0.403285729817
0.764387028285
0.842756723163
0.679821101175
0.75895343726
1.0
0.423492007683
0.804161419809
0.509244914877
0.770279880753
1.0
0.820809883826
1.0
0.51870497713
0.414512490241
1.0
0.530470863992
0.666666666667
0.323463335465
0.624052726628
0.623785879785
0.755806848056
0.677731557545
0.294999833667
1.0
0.781643901632
0.670277748979
0.672335990818
0.5
1.0
1.0
1.0
0.633838844114
0.696356775907
0.639502511296
0.559651186469
1.0
1.0
0.52044088904
0.712248674643
0.674199292494
1.0
0.703146679218
1.0
0.759994239089
0.694488603846
0.532592690447
1.0
0.5
0.675368183815
0.708294592045
0.681424315247
1.0
0.62313886778
1.0
0.545262131126
0.677255321399
0.5
0.75
1.0
0.547926310972
0.756556534226
0.751451209756
0.545503483288
0.512180997957
0.736804168732
1.0
1.0
0.534218214098
0.651906234473
1.0
1.0
1.0
0.701296904955
1.0
0.6939598764
0.580257940836
1.0
0.341838456569
0.549961257057
0.525395064079
0.800298848306
0.422119814857
0.500003624509
1.0
0.414523938715
0.677183703525
0.533852377414
0.591539386087
1.0
0.677682414187
0.757767573738
1.0
1.0
0.728346726426
1.0
0.760719083647
0.40476974426
1.0
1.0
1.0
0.373710113158
1.0
0.712985236493
0.699974171371
1.0
0.547289295961
1.0
1.0
0.671311697244
0.522474089948
1.0
0.713834809041
0.763321586232
0.558433878561
0.309951471632
0.722391165672
0.653151693489
1.0
0.534080142806
0.809841402142
0.419500011739
0.675148160276
0.767300012419
1.0
0.681281715549
0.456765177966
1.0
0.630434822779
0.374945327592
0.694453710267
0.517830740613
1.0
1.0
0.537364835703
1.0
1.0
0.355123555193
1.0
0.804901014887
0.695022297135
0.756788449508
0.517152319233
1.0
0.692957314463
0.5
0.535965726491
0.303112128442
0.623635752921
0.688573145086
0.533466001786
1.0
0.809521100475
1.0
0.68564940075
1.0
0.575243220774
0.839810772363
0.769829557002
0.624899278255
0.825966093042
0.630340942413
0.442110231279
1.0
0.382489017341
0.428016222105
1.0
1.0
0.479666979989
1.0
0.399903188305
0.31314872751
1.0
1.0
0.39061642133
1.0
0.502089185158
1.0
1.0
0.815775780949
0.575850862915
0.603112285559
0.625140293375
1.0
1.0
0.656395427454
0.775722178172
1.0
0.752182999134
0.541268263676
0.56824126764
0.68343350237
0.695919133558
1.0
0.556890595334
0.678050760537
1.0
0.383687703366
0.755896153853
0.394520498196
0.775152009714
0.530508300742
0.536772306943
0.530725442167
1.0
0.796744594677
1.0
0.0608737901946
1.0
1.0
1.0
1.0
0.233761607456
1.0
0.553066314975
0.624758775209
0.701028255805
0.506140553961
0.519465226557
0.841439061372
1.0
1.0
1.0
1.0
1.0
1.0
1.0
1.0
1.0
1.0
0.841144840443
0.564303019814
1.0
1.0
1.0
0.8200120479
1.0
1.0
0.75
1.0
1.0
1.0
0.433823769299
0.798025032979
1.0
0.733217322485
1.0
0.68898315661
1.0
0.542154367135
1.0
0.729662403289
1.0
1.0
1.0
0.789038303539
0.830290006766
1.0
0.518767968985
0.700535606381
1.0
1.0
1.0
0.75875776288
0.859933101297
1.0
1.0
1.0
1.0
1.0
0.522208512193
0.67632897353
0.754826246108
1.0
1.0
1.0
1.0
0.78913793181
1.0
1.0
0.684837597457
1.0
1.0
0.914637976165
1.0
1.0
1.0
1.0
0.766689924996
0.8121402641
1.0
0.808739641308
0.524675785389
0.731379283794
0.908954131745
1.0
1.0
1.0
1.0
1.0
1.0
1.0
0.849635834219
1.0
0.801484309421
1.0
1.0
0.666666666667
0.00470696155977
1.0
1.0
1.0
0.625611351811
1.0
1.0
1.0
1.0
1.0
1.0
1.0
1.0
0.809746363703
0.763061890155
1.0
1.0
0.869359845972
1.0
1.0
1.0
1.0
1.0
0.684419736148
1.0
1.0
0.842530688817
1.0
0.797353310518
1.0
0.757314616596
0.77241825294
1.0
1.0
1.0
0.806402784542
1.0
0.893193645518
1.0
0.70381156385
0.60344198054
0.865681573789
0.767709772155
1.0
1.0
1.0
0.840599556592
1.0
1.0
1.0
1.0
0.67189085609
0.805861106948
1.0
1.0
1.0
1.0
1.0
1.0
0.76979980496
0.943039146604
1.0
1.0
1.0
1.0
1.0
0.834250081426
1.0
1.0
1.0
1.0
0.444431289601
1.0
1.0
1.0
0.765328844503
1.0
1.0
0.809683842414
0.718537705618
0.8
1.0
1.0
1.0
0.690538133646
1.0
1.0
0.733030237485
0.829885740655
0.763163398409
0.76278182151
1.0
0.738458689624
1.0
1.0
0.680615729371
0.880449667444
0.75
1.0
1.0
0.756134726417
1.0
1.0
1.0
0.833333333333
1.0
0.86353236456
1.0
1.0
1.0
1.0
0.871965265899
1.0
0.815775780949
1.0
1.0
0.771792394738
0.816727796094
1.0
0.760983531739
0.835584075547
1.0
1.0
1.0
1.0
1.0
1.0
0.75
1.0
1.0
1.0
0.857142857143
1.0
1.0
1.0
1.0
0.762062481541
0.843773537013
0.817414225321
1.0
0.755948491756
1.0
1.0
0.833333333333
0.706572617512
1.0
0.811661093175
0.756867135015
0.758748128311
1.0
0.761576397586
1.0
1.0
1.0
0.312230062085
1.0
1.0
1.0
1.0
1.0
1.0
0.531387677048
