1.0
1.0
1.0
1.0
1.0
0.8
1.0
0.745797784482
0.745797784482
1.0
0.745797784482
1.0
0.508606357725
0.749424720513
0.624870926914
1.0
1.0
0.804520940588
1.0
1.0
0.791793374254
0.688397923976
0.811906561811
0.723437809237
0.673247056422
1.0
0.506479187491
1.0
1.0
1.0
0.770868388231
0.706474341078
1.0
0.826282574052
0.677511563142
1.0
1.0
0.699531264266
1.0
0.732535908152
1.0
1.0
0.737591991097
0.767113988259
0.855987480317
1.0
1.0
1.0
1.0
1.0
0.755519326712
0.421144874602
0.725445521814
0.860113844429
0.699531264266
0.725736938908
0.69855771392
0.480590055823
1.0
0.759979133862
0.698481190009
1.0
0.682674048072
0.734792271341
0.751126853999
1.0
0.710009037257
1.0
0.514380362365
0.478333692634
0.796686432789
0.73591187329
0.710470956753
0.710470956753
0.716711683732
0.511340864356
1.0
1.0
1.0
0.720370818902
0.480590055823
0.734133799373
0.734133799373
0.734792271341
0.74727578788
0.725736938908
1.0
0.357790740423
0.504203570764
0.767113988259
0.801933904967
0.67642007919
0.688552342361
0.690630627611
0.690630627611
0.723724515356
0.723724515356
0.723724515356
0.672681493596
0.677754416085
1.0
1.0
1.0
0.507070890473
0.52892836514
1.0
1.0
0.734792271341
0.525584927504
0.766264425195
0.73904481466
0.782067091974
0.666666666667
0.781763641593
1.0
0.686916692667
1.0
1.0
0.623046247115
1.0
0.66888174537
0.745797784482
0.732535908152
0.574118440289
0.714646359553
0.745797784482
0.687090886295
0.724228975813
0.678075430467
1.0
0.686462140351
0.725736938908
1.0
0.775439102135
1.0
0.513296680056
0.504335748613
0.679181069317
0.0592455340506
0.385256260371
0.670805004267
0.706474341078
0.469099391439
0.512062209678
0.512062209678
0.666666666667
0.716711683732
0.693052602764
0.75369364694
1.0
0.355407640539
0.732535908152
0.768582577883
1.0
0.70567761179
1.0
1.0
0.78438919415
0.518762898679
0.758725176192
0.784338213304
0.708605739274
0.734792271341
1.0
0.401388971808
0.712518925533
1.0
0.736133023145
0.675682027326
0.491156569973
1.0
0.436428412093
0.381290287712
0.507572044943
0.825305035036
0.353749475789
0.692625063147
0.166451666071
0.149471871362
0.747581263643
0.747581263643
0.505664565985
0.525827501171
0.782853217565
0.564769068587
1.0
0.766414256771
0.700514214161
0.42356408618
0.394392341202
0.745797784482
0.533228889998
1.0
0.392672996869
1.0
0.682034195608
1.0
0.38468590065
1.0
1.0
0.506235767794
0.432906633379
1.0
0.592952984199
0.797076028405
0.147625041863
1.0
1.0
0.345591641625
0.770445820004
0.734792271341
0.808921868323
0.718284030301
0.788950227102
0.701574888149
0.710470956753
1.0
1.0
1.0
1.0
0.680619975189
0.795232142729
0.679533607995
0.674103368495
0.809877704508
0.709035831504
1.0
0.671950301596
0.641234018514
0.370924165535
0.337656940178
0.631181844005
1.0
1.0
1.0
0.560408875182
0.510981866035
1.0
0.344761206139
0.732535908152
1.0
0.69978475739
0.725096222792
1.0
0.350047319655
0.540338661783
0.390547653063
0.161030723056
0.409981948415
0.370646590733
0.507844416875
0.569903935097
1.0
1.0
0.533909771474
0.672094841222
1.0
0.459895677266
0.358272539213
0.104341889172
0.618696676724
0.749424720513
0.678877088279
1.0
0.343833693513
0.118662296057
0.596144971786
1.0
1.0
0.575965019886
0.551116045727
0.532770862395
1.0
1.0
0.73033149241
0.523965356138
0.758698413453
0.35888256206
0.798571583446
1.0
0.0969002056773
0.364492247229
0.764279922633
0.68477043332
1.0
0.660781066001
0.537257822118
0.723043345835
1.0
0.570356385565
0.604702913889
0.482795643708
0.585314365587
0.708605739274
0.352657823227
0.343270965808
0.351677381279
0.527995182033
0.680973550163
0.38183617528
0.537970367726
0.532849233194
0.546001111265
0.54962905855
0.732156566448
0.796798879886
0.547569048626
0.10437102086
0.351934058624
0.367478113379
0.347770904553
0.734792271341
0.758049400753
0.430267895623
0.0481422416235
1.0
0.530775194638
0.447982434433
1.0
0.666666666667
0.722391165672
0.683700219671
0.511525806047
0.243333674648
0.365254814867
0.138849298069
0.507247481933
1.0
0.355828499165
0.513957221326
0.539989276377
0.3200749903
0.692423133745
0.583034006456
0.0278426068199
0.346741340944
0.526278812864
0.395566110213
0.719565241259
1.0
0.349543520365
0.350487648159
0.344125032676
0.749424720513
0.377955481959
0.368215999135
0.168228112307
1.0
0.371098139235
0.363693475623
0.3491764375
0.047249394307
0.359722347957
1.0
0.44029215452
0.741102057695
0.382350659446
0.709355699522
1.0
0.512482444836
0.674120115791
0.354047739395
0.0891768837627
0.397578824651
0.666666666667
1.0
0.687016292658
0.790099546807
0.760444210048
1.0
1.0
1.0
0.517450352383
0.357061621429
0.364316312865
1.0
0.374872360089
0.68017383996
0.359946603274
0.699157933184
0.574938491565
0.765093535512
0.542873812888
0.0219890845368
0.770936479713
0.524221972623
0.351790366771
0.117457572039
1.0
0.426476136246
0.091117679659
0.10203469371
0.708605739274
0.685004765994
0.14725672249
0.679284754888
0.369381236664
0.81538281443
0.714437633749
0.540178427561
0.703559223236
1.0
0.734792271341
0.769381284656
0.373475420781
0.144761742678
0.386328404626
0.270459114336
0.0916778116651
0.112335138494
0.530579011603
0.36990839957
0.147043187389
0.356654419615
1.0
0.106301931108
0.562809422846
0.708605739274
0.349554082227
1.0
1.0
0.684402560466
0.101727371301
0.0877487556428
0.378202160465
0.103979917317
0.624443565838
0.510488480175
0.714290447969
1.0
0.431382458669
0.405232389402
0.737892374046
0.649439031962
0.340658676004
0.711516285277
0.678811755982
0.477498792797
0.403583624671
0.0930781539699
0.0869836372631
0.524905666346
0.52502197465
0.0943562688657
1.0
0.700103761632
0.738997640991
0.65314384754
0.537102771528
0.610168557926
0.56290860891
0.523979560591
0.754030118069
0.412908131473
0.441449669746
0.457079641785
0.414216845744
0.43604513088
0.4518920704
0.169957881123
0.362055418943
0.0990060578191
0.724640274354
1.0
0.488099313403
0.43838105273
0.710623856089
0.431649085109
0.10309520153
0.364617760699
0.103573457766
0.521668010676
0.726876918381
0.0440231581511
0.10245760972
0.296323137489
0.817210723237
0.107605140329
0.440296466033
0.782943547767
0.691986642486
0.522144516324
0.413595602952
0.387891866126
0.0394381466206
0.329398412491
0.373497784729
0.0957508772962
0.879877496643
1.0
0.169725111748
0.679995691235
0.468261557323
0.383147955234
0.303221581456
0.34785611376
0.285953881808
0.103300039008
0.0518953190705
0.0912396063908
0.129992520562
0.0981746469722
0.102724211055
0.796853097451
0.369961536724
0.690514853616
0.684077555847
0.683261959948
0.357434087731
0.728395390093
0.607276170177
0.370464300059
0.353230768841
0.0520529117311
1.0
0.279310102001
0.359207656602
0.357445205099
0.698451549387
1.0
0.399869652845
0.130552000559
0.506086768575
0.377415316367
0.506040361043
0.112414336232
0.340156665769
0.354011203639
0.289049648346
0.279260648649
0.537740916598
0.559472471694
0.383598858067
0.531241607665
0.376086074581
0.117805099539
0.090625031082
0.0909291598269
0.107494165529
0.383905479323
0.319615964206
0.424166802138
0.723437809237
0.387984219879
0.339768406047
0.351878219638
0.0434150849739
0.0906009585663
0.546054313973
0.526905476553
0.379169443001
0.297642586074
0.235913406207
1.0
0.765905629482
0.522781676847
0.442999025096
0.679435732868
0.343183019829
0.108923751787
0.0313597496783
0.514380362365
0.43447112346
0.537434531001
0.057191236577
0.318829840211
1.0
0.118407415148
0.272600324823
0.734506606316
1.0
0.687964430877
0.18307497742
0.569024528279
0.0723479960572
0.0891198893114
1.0
1.0
0.591685844909
1.0
0.740071488611
0.688815654582
0.580836278558
0.376073573565
0.462574922136
0.231415167086
0.354407237156
0.35882772128
0.366390020338
0.314898989009
0.256376365632
0.0549108141215
1.0
0.708605739274
0.343966577108
0.375934196853
0.0511785104821
0.0508366887076
0.573134536627
0.445249536289
0.689266819228
0.382082949722
0.362796199828
0.686973402946
0.362464861909
0.370454382253
0.442453244354
0.436635569143
0.778552031158
0.33980132487
0.123220361469
0.167378195941
0.106186797919
0.0281763796383
0.0975424648995
1.0
0.786337912001
0.418776747516
0.430162837881
0.692034328189
0.379528119583
0.343827407548
0.688181995577
0.667598800009
1.0
0.404721627941
0.0819134122653
0.0637807616925
0.322684026552
0.428485630738
0.27436235778
0.683590172507
0.296025323914
0.434153595476
0.0925982921867
0.377858233429
0.0459317186955
0.55529062511
0.102931270801
0.0467457693831
0.147857602285
0.67956221028
0.314050893608
0.0707534860092
0.0120819365713
0.171753651439
0.0654488485988
0.254029178405
0.728395390093
0.509356779072
0.584519604034
0.0552063709525
0.373701468688
0.0334703959854
0.734601878519
0.102456103278
0.69855771392
0.0288978915509
0.434023816508
0.29779560332
0.51237509395
0.381669727858
0.549274615938
0.0833116361363
0.466311169772
0.403480258037
0.327326564329
0.437035555865
0.759599070922
0.289252442175
0.445037791315
0.089042259718
0.360523893733
0.774539542894
0.279290080375
0.320005109179
0.448860593836
0.514014198904
0.673493541597
0.590315377571
0.0744176350661
0.046529310131
0.0311117059658
0.365192251429
0.0726750840818
0.357889356276
0.0640588443357
0.443398010614
0.344623830844
0.138895767826
0.688102614486
0.477488365253
0.385238797261
0.0269588975387
0.373695690942
0.521848982399
0.133831842629
0.334780842204
0.433230377399
0.119792742946
0.0216436079043
0.447428831949
0.0524819850796
0.0558019648221
0.100794403513
0.0502356956475
0.0957178614924
0.0881529056109
0.394986478259
0.716471174496
0.375216767692
0.178190953599
0.119415329147
0.774677192806
1.0
0.178957195557
0.518232532882
0.511139310519
0.521661161931
0.666666666667
0.105489614062
0.518722329804
1.0
0.371974034519
0.0501404612522
0.110525089593
0.0549679362761
0.687638077481
0.464160533503
0.0422377037983
0.300251291341
0.0756611304519
0.439455063549
0.301231278819
0.279236695833
0.760318724817
0.457397913059
0.386940067557
0.523778204858
0.368422158692
0.119303955915
0.373381959364
0.0975873708967
0.0971943028436
0.0587721164611
0.0343747676886
0.372794980354
0.0383798575889
0.0697854258391
0.0541442024545
