2.6113278818
1.0637913823
3.5872775446
1.2337591876
2.3493705778
4.1834327066
4.1176528223
2.1287843529
3.0258297128
2.8762058055
1.6510353308
4.8174649360
0.0367739018
0.9334598183
3.9593910919
0.8393651740
4.5427674217
4.5932562841
0.4723587717
2.4490360640
2.8964793802
3.9971172451
0.4396692397
0.5040061776
0.8091665009
3.3867181200
0.0355013965
2.2743370100
1.3710638656
3.9888145048
2.4712952002
3.8643434969
1.7039602960
2.5390915009
2.7243791557
3.3316001388
4.3530657769
4.7909069163
4.8236356486
4.0168695601
4.2784864799
0.3510735449
1.9331749749
2.4019236133
1.1336226150
1.0680235127
3.4290942929
3.5343226277
4.2086345664
4.5821772024
4.2269625743
1.6961464101
4.1524476270
4.7264833417
1.2584235172
2.2476264486
3.1878741998
2.2574132771
3.9495968652
2.0999327538
3.7132386382
4.0018140681
2.0727612205
3.9204662145
2.7929330175
3.3497096364
2.4427198035
0.2584685594
1.3217761315
0.1122696076
3.6425112625
1.3112823077
2.4876819497
1.9307494970
0.5875821372
3.9979927816
3.3283817153
1.5773763322
2.0866624833
3.5364086495
3.5958248772
4.8721684831
3.2104830522
4.4534568843
1.1120721878
0.3679202019
4.8308678332
4.2232777665
2.2692786359
1.0745579660
2.0029812781
4.7999259567
3.1306584622
2.0274199876
1.3085817068
3.6740600086
2.7066684158
3.5034800091
4.9996327834
4.6699053126
2.7792026852
3.7850145641
2.9367801399
3.1477996614
2.1351526648
2.0197070506
0.3288617487
1.1795967233
4.1486609404
0.4658250644
2.0862650902
4.4130560100
1.3588306743
2.1051572734
4.9066730690
1.9841587489
0.4572029914
2.6972354988
3.7362805842
2.9232527235
3.9982750787
3.1065044215
4.9782662009
2.9353659405
2.1386145832
0.5081682540
3.2541450774
3.3233842423
3.8982705714
4.5451986332
4.9292117308
2.7246320035
3.3153518809
2.9233137024
4.2728309343
1.5094231606
3.5646291961
0.3756426794
3.5857036040
4.3601823213
1.6582316888
0.5654059607
1.9528985004
3.1307179130
1.9059916390
3.8125258008
3.3025015163
3.4492315524
2.4404051551
3.5960196528
4.0099187987
4.2508653830
2.0028130062
4.4938251559
1.4975295325
1.0343423272
2.9301767292
1.5489953423
4.7644954459
0.8639883652
4.1032706375
0.2977427016
1.9336985598
4.1677113803
3.1353942028
4.7404841131
1.1292229478
0.1010431253
0.5546205662
3.0898531402
3.9713718632
0.4979497713
3.3115497257
3.9757345891
3.8853950937
2.2547276151
2.9185682993
1.0409963823
2.2189943784
3.8909941549
2.5763957531
1.2151284976
2.8220037327
4.2017562110
2.0905086541
4.9269557820
1.4947581326
1.5101063770
1.4357939409
3.7106036901
0.3105447789
1.4077121579
4.8450284512
1.9977212205
2.7787776535
3.8394889839
4.0186790692
2.8784863519
4.6713748520
2.4623842129
4.8638549236
3.5871439196
4.8831008043
2.8518645451
3.3434341372
1.8358869387
2.2508385257
2.0124392944
2.9674717664
1.6230476846
3.8959820469
4.8924370034
4.9936368337
2.0951971960
0.4731127158
0.0334782577
4.9679138145
4.5933690846
3.0671966976
3.8799735765
1.1680516514
0.3848584260
3.2566913044
2.6149672261
1.2877903946
0.3256568945
4.6927763029
2.1103160487
3.1879059752
0.9444539806
0.0926596581
1.8192322246
0.2493764661
1.1452689313
2.7303968245
0.2884506033
1.1939025360
1.9283117725
0.7703852612
4.7196501701
1.7276497214
1.5918622336
0.3307528848
0.4123356573
4.9460846867
1.7441854065
4.2059772464
4.4233645893
4.6824408847
4.8942803431
0.2056028885
4.7850074760
4.3515850167
2.2522153483
2.0798441700
3.7402997444
0.9374035065
1.8306992610
2.7697713968
1.7410536531
2.5884518851
0.7542543580
1.0219059384
0.1729421620
3.4572986152
4.4339014636
2.2922466926
3.6393648582
3.4681625163
1.6147742311
0.8964923576
4.0703038712
0.2901286509
2.2408051746
4.8706130412
0.2961455639
2.9850953616
1.1719536986
1.3336873379
0.1146769698
0.2869441662
0.4308839040
3.9034087076
1.3104847780
2.8381484953
1.3211801534
4.0298543510
0.7912344510
3.6896858433
2.2498690753
3.8766023607
3.6693581195
1.0778548749
2.7830806810
4.4973052964
4.1282275341
4.6862134395
2.5731363764
1.7032320509
1.6097528868
1.9317593586
3.6043306864
3.8815514978
1.7894750558
4.0717123342
0.3274342815
1.5593525156
3.9626780835
3.2914864344
1.8818712193
4.1843021141
2.5510357922
3.2269574133
4.7601210026
4.1447881251
0.1071416748
1.3068416787
4.0497989144
3.7313518088
0.3003998915
0.7264530908
4.2218339449
4.5637903467
4.2217476651
2.0254540253
1.3230752756
4.0067260876
4.9592309135
0.0232573288
1.2115235487
4.5685501669
3.7373858937
0.0408799853
2.0533348449
4.0379292737
4.1496352804
0.8223365789
3.9220412168
4.7376174726
1.7665577650
3.6677550256
1.8194546089
4.3618666551
2.9991312603
2.9505876319
2.4199788358
0.2716309563
4.8132014363
0.2494913713
1.0491798095
4.2269888989
4.2109349129
4.7592014252
1.8952152149
0.4803636729
1.2514503019
3.8221855637
1.8479841379
3.0944333904
0.4138757432
3.3528329176
1.1236325758
1.7079409356
2.9025789236
0.5078131653
1.4974751012
0.6894137189
0.8502001188
1.2300802075
1.4007240415
1.3971888060
1.5364608714
4.6904520679
4.7780381670
3.8238350928
4.6597158207
3.2410651287
4.7243208840
2.2294229889
4.2771832481
1.2411899204
0.8690461009
2.9620900291
3.3751764081
4.1204466244
4.9314261022
4.7925895125
1.7020329874
0.8005352572
3.0848427253
2.0342152266
0.7564993935
0.2379872591
1.8271487164
0.0285201313
4.8888903248
1.4015659694
1.1158431418
1.3140670925
3.7603575315
4.6238322938
1.0829909748
3.7891669535
2.7891351548
0.5227128235
0.7614752689
0.2748999567
4.2668778438
1.7719498097
1.8272484835
0.1920323591
4.0814922992
1.9959897964
0.3653203625
0.2107075680
2.1666283099
3.2027194298
4.4020410805
3.1066118339
3.0968120249
2.0646470551
1.2926929971
0.0689150324
1.5487674682
1.2744462493
2.7195000900
1.0265189093
2.4946024617
3.2836364751
1.8270337981
3.3784849121
3.0251774844
2.2736156492
4.0138954038
4.7860629612
1.1192008822
3.8869436518
4.8038710309
4.3772277695
1.6755965561
0.3849937289
3.5569936491
0.0654021796
3.8667911200
3.7077544228
4.1497399594
2.4430840028
1.7052118350
1.7452171568
3.0806965152
2.3949955893
1.4540447138
0.7305879812
4.2483317059
0.7163703788
0.6688693617
2.4173053003
4.2340161243
1.4179295584
1.6949836777
4.8789427219
3.7172761507
2.3634612366
3.0350028187
0.7885665590
2.3907021431
3.4977957977
0.2647331106
2.6976650268
1.7463462271
1.2771008932
4.9375782213
3.5906598877
1.5193431456
2.3701494156
2.9571521703
3.1761652564
0.6215037757
3.1345203477
4.1957969782
0.4681115570
2.6295225478
1.4271771551
3.1279022502
1.0767692769
2.4390899384
2.6417579423
2.0689950650
4.7803762645
1.5156172522
3.3980575024
2.3553315083
4.7819079164
1.3005958820
3.4810602001
0.7581213691
3.1125707686
1.1340849451
3.6415959191
4.3486252126
0.8545108052
4.4708324547
3.9479656243
3.3653735724
2.7912972830
4.9705938107
2.0030700124
1.7859916770
2.2178851173
2.0809501932
3.5156508023
0.8800152568
0.5545129290
0.1801062312
0.2038210205
3.0752238770
1.1045237932
4.9626439068
3.5963447258
3.7710932233
1.4081906084
3.1160358592
2.0299795522
0.9947971438
1.6977018871
4.1110088803
4.5830937946
3.9367193336
4.6175557202
0.1038552590
2.1658150829
2.7957336515
0.6953837433
3.0908985506
0.8498865396
1.0847764929
3.7269722067
2.9600391271
1.3775502721
1.6227847219
1.8628777689
1.4252663202
0.7641236593
1.1013537044
4.4800904798
1.8089859139
0.8950827275
2.0480522844
3.0088396338
2.6338569890
4.9226455293
2.6009104415
3.5206588363
2.2085684808
2.2619084077
3.1009911421
0.7186387900
0.1267460934
2.7610059033
1.6461158925
1.7944390385
4.4592222414
0.6276424129
0.4258040072
4.6097672650
2.5996082571
0.4054070923
3.5755039486
4.6439557940
0.2419870448
4.4428844805
0.1005615801
3.8358837480
2.9262284696
1.1376884633
4.9835301151
0.6903489362
0.4076768750
2.7827780602
0.2119502605
4.0592500472
0.7986530207
4.1259866702
3.1603118418
3.7303861642
2.8223592494
3.0734634099
2.4953703921
3.1357310629
4.5265096317
2.1371625840
4.7172790776
1.0417332676
0.6635840153
1.8247267133
0.2221782511
3.3121934794
1.4744091380
4.7918164571
4.7001571697
2.6858678226
4.4573090532
4.0824987842
0.0441853071
1.8230524451
4.5899738877
0.5486894185
2.2221495380
4.6255614062
0.4472282092
3.7064584841
4.6900985915
0.3908795697
4.3549208353
3.0124759548
3.5378828699
3.7326444435
3.5962145920
1.2508475427
0.2494063258
2.2853996311
1.2777601218
0.3475486019
3.5226228909
0.0518068574
0.6338501805
4.1807050334
1.2762832716
3.2758674479
3.7390527446
0.5498226266
1.7214640815
1.0074767612
2.0845205034
0.3910813175
4.0994105774
0.0237304343
4.5988037326
0.0799650471
4.4896420207
3.5933584903
2.1373109611
0.5133928359
3.5331752119
1.2056464178
2.4804500558
3.8933788982
0.2578123516
3.9680003351
1.5519491770
2.2909306851
0.6515343821
2.9313403626
0.0570353104
1.2158702134
0.6250856744
4.2948013991
1.5342955729
1.3846374818
4.4079006496
0.8264477025
1.9825460316
3.5086317563
0.8078029869
4.1111560687
0.6603921806
2.3306185792
2.6627237721
1.4874060531
4.3350173026
3.9421540977
3.9534816040
2.9889736426
2.4798375105
1.0124552625
3.6150156055
0.8836211305
0.5678981355
1.3559011953
4.9670567996
2.7575997330
3.3872631120
0.9342391127
1.7248847188
1.6815467723
1.0022999173
1.1190641986
0.7904897287
1.1002051126
3.7149452746
4.7843482914
2.9612176840
0.3959830129
3.8351340235
0.5274337608
0.5270074977
3.9059967428
4.7700931265
0.2653380600
2.6119643168
3.7358102331
0.4867775151
2.3724077031
0.4076865659
1.3631447823
0.7171122065
4.9319194108
4.9540544550
1.5045414625
1.8667886488
2.1003774416
0.3607859702
2.4111084382
1.7881503906
3.8268512500
2.7957941761
0.9404889782
4.7973267394
1.5442131453
0.8631821825
3.8360825821
4.2944908732
1.0336731330
1.2766596669
4.4370054041
4.4013137300
0.5532941592
0.8284527162
3.9895761187
3.3068647111
1.8755571187
4.3377272695
4.1701735797
3.7360076347
1.9745077889
4.5176009154
1.8376721553
0.6745132530
1.3811588671
3.9605485429
3.2794835262
1.3325408324
0.3438661040
2.8461096695
4.8073090825
4.2608385900
1.8111996723
1.6130994892
3.8964489055
0.5881090037
