2.6280726065
0.6845070659
2.3013243593
2.4308019660
3.4164560034
1.9757768988
0.5443550211
3.1767403616
1.5617012477
1.7507463266
2.8224061512
1.7545746674
3.2317094204
2.1761087647
3.8409659957
4.9963658016
2.4237728944
3.9935811859
2.9100490830
2.3983954514
1.6922333316
1.5569744890
1.7367427356
0.5679947777
0.6032945457
2.3318648877
4.9292211006
3.4708439053
3.8445245727
1.3686554770
2.5912476305
2.2318428300
1.5798236313
0.2622165771
1.9270232740
4.6371741836
0.9694653736
1.5065762002
1.1101037644
2.9136946839
2.5280269870
1.1493058453
0.9698568517
3.1651253793
3.8200233743
3.5334446103
4.0030357074
3.5666062880
0.6838908672
1.2992841317
1.2806095795
3.0571090396
2.9102907891
3.8964809390
2.4607436582
0.5231569697
3.9018117350
4.6492792442
1.0731085980
0.9906061008
2.0199557390
1.0227488010
3.7585027841
2.9903378899
3.9343366248
2.5826270703
0.2476887950
2.3481758299
1.5714628301
1.2304853271
3.5766061658
0.1818582910
0.1001109420
2.4625223623
2.6595770540
1.8342996741
3.5615341228
3.5554598703
0.6912463178
2.0015963446
0.1706306205
4.9660282956
1.5008943991
2.0483532309
4.2843856948
2.6587736373
1.5341568179
1.7671167185
1.5026846276
3.1958923086
4.4474296013
4.9113198632
0.1708890673
1.9561454111
3.7453121412
4.1936222942
3.6709128627
0.8493735470
1.6129393740
0.0284297992
0.6860908230
0.9886113444
0.2502103572
1.7464027798
4.1136935615
2.4312950472
4.0265818454
0.9107288658
0.3769178097
1.8406996137
3.5817399104
2.5137882734
0.5956133809
0.6127916061
3.3031915614
4.4756513186
4.8425593834
4.1045235381
4.1363582674
2.9528111477
3.6110623992
4.3577320967
4.4114558325
1.3999915452
2.6119322094
1.4868695794
0.8052867765
4.2162249372
3.2060353318
1.3655528027
2.9616538025
4.7082397281
1.6557972013
0.6612394500
2.9536526485
1.2822242210
3.0790093226
4.7122461554
1.2324711767
1.4450668682
0.5355122401
4.3779383728
4.0339855283
4.7771548094
0.2368077359
1.3105070718
3.2355051144
2.4028148826
4.9960683787
1.1626843432
4.2152026913
1.2066988518
0.9276484341
3.9555469024
3.4764253469
2.6531678003
1.1479712996
3.1578460620
2.2841934597
3.2924647996
3.0511140916
4.2748428115
1.7133591509
1.0667503957
1.2506938553
1.7903000158
0.7343399981
3.2486074659
1.7535711542
0.8580982247
1.9359193644
0.0952209085
2.5098395850
2.9860299972
2.3937882074
3.1270487404
3.4576031197
0.2079477911
2.9923961987
2.8374948141
3.2308211611
4.5939751674
2.1660090020
2.8100648282
4.1453128742
2.9224481195
0.7779851602
2.8150569200
4.1337717848
3.5302655777
3.4561668137
2.8354511935
0.3178878853
3.6971533609
2.6635249587
2.9408893744
0.6275716099
3.9088668787
0.6390387336
1.0021717030
0.6876111110
1.3175825229
3.8920708426
3.8823634895
4.3652853371
0.0857887571
1.4877042596
3.6233437759
3.3235395498
3.8021432120
2.9997303621
3.3905135915
4.4589711851
0.1113944549
1.8269521851
4.3686066584
1.6683614178
4.2510843141
3.9275401252
2.1964314220
0.3187355045
0.5589815365
3.8013277227
0.8693652556
3.5714820013
4.7588079368
1.3827636730
3.7600899298
4.1990713661
3.0776868817
4.0549695227
1.6480972649
0.2421772972
3.9548787452
3.1808421648
4.4977256033
2.1849335152
1.3039016967
3.8088628061
3.4768566662
1.8166936136
3.3533266415
3.7533311239
3.1109788055
2.5306661469
3.9577651453
4.2908613956
1.9703019397
3.0544603686
3.7103465470
1.7425080592
2.2943118879
4.9768140208
1.0499380178
3.2248079907
1.0750226920
1.5311223847
0.0172568578
1.6199373388
3.4067951715
3.9130114947
0.1287406649
1.1173085939
0.1296336844
1.5798870404
2.5885859609
4.5641302560
4.6601711933
2.0295581197
3.4088722379
4.8941935603
0.3390505716
0.1477207040
1.9444140062
2.4115397894
0.9971779344
4.4059535020
4.4403110894
1.0334243030
0.8315569674
0.6792179343
1.8316049457
0.3554811206
4.1124320516
0.8215781985
4.6996289994
0.7171812491
2.9487177720
3.1185059981
2.7803216604
4.2091705379
4.0027434532
1.4418714779
1.1158347065
0.6830952068
0.0558890017
2.1283363155
3.0502248113
1.4719269148
4.0245528679
2.9327708376
0.0789950339
0.3930608616
3.9550196814
1.6655535063
4.6850138613
2.1416815143
4.6832543700
3.4868422327
1.9222647155
3.8577976874
2.9316366658
2.1234217753
4.6644765270
0.2022934358
2.2824851364
1.2064440353
2.2165888356
2.9563001156
0.5743485723
1.3538274337
4.8199707334
4.9807695788
2.1210350232
0.7824318025
2.4722246136
3.3715453733
3.7679003206
3.0161654185
4.2622709566
3.1173395650
2.1408488627
3.4313249972
3.0023620724
4.3273039579
2.6797550834
4.8647567345
4.5599686505
1.7204376195
1.8016646924
4.6095208660
4.7715059451
4.1556242849
0.1353757699
0.7829328040
0.8021242688
1.3889949767
2.4861514436
3.1100547420
0.0249139859
0.3505396020
2.5088234715
3.5994617737
0.9806262031
4.1760479356
4.9239799250
3.7655701023
3.3752696637
0.1707718280
4.1429856156
0.9817808901
1.8357197733
1.2405182577
0.9640812539
4.1305757739
0.8089000293
1.0426835392
2.3576918827
3.9905381174
1.4224272161
2.8881241551
1.5214171957
3.1967317406
3.7662323591
3.9844558839
0.3041712575
2.2012352331
2.1760874329
4.9377316868
4.6779071900
2.4068190719
4.0498159935
3.0234467722
0.2807488935
0.6513037025
3.1820020677
4.8660579381
2.7267271473
0.9762135507
2.8181185954
4.1109102490
0.6373767880
2.2547336900
1.6871823013
3.9814889236
4.4150154208
3.8050966446
3.3344388721
3.3517345209
0.0655375710
4.7414156350
1.6314485585
2.9568767150
3.7620916635
1.0703015251
2.4576606140
1.4615826701
3.8952560304
3.6246428750
1.1206431369
2.4115318589
4.6086145958
3.9226059019
0.0852057139
4.2397966512
3.0023983025
2.1777628674
1.3164735821
2.8742287105
0.4866750245
0.5834475030
3.8884266492
2.5036517288
2.0671339729
0.9097536202
1.1755124416
4.3818928742
2.4916407593
1.5344520931
3.7168117139
4.3680250767
0.2183816455
2.5695410050
0.8341368460
0.1727415015
3.5836403937
1.4238279850
0.9897591074
2.9742688225
3.5492538462
4.2801616899
1.2066991767
1.4179987617
1.1498932228
3.7755950616
3.2433087932
3.7730543824
0.5949624462
1.0064154905
3.5409778931
0.7029103616
0.7186628873
2.5807803895
2.7541038590
2.2481814944
3.6273410960
4.1934399991
0.2579654030
1.0156325545
