4.9663740074
3.0328923201
0.8936006915
2.2031878801
2.5823930390
3.3310153498
0.2152853035
3.0488331676
0.4576031840
1.5982892553
0.1544844639
4.8290384188
1.0792996352
3.4906585891
1.6019939216
3.2301440700
2.2892695850
1.4047561336
4.4465225484
3.0990644758
3.8622803012
4.1304517854
2.8293970543
3.1403607548
2.6125033173
3.2511587106
2.1927654713
1.3551906701
0.7679090820
3.3651859262
2.8128203362
4.0377361769
3.0159087468
2.2038259097
2.0503988362
2.5392290786
3.9523504952
3.1171485814
3.8851832990
0.4382116168
2.4191859731
4.3946468653
1.5994728787
3.5590021072
3.0431220465
0.7710768162
3.4316026636
4.0024312189
2.9784033433
1.8523148258
2.0816512844
3.9908425069
3.5921958942
2.2741984920
3.5928289827
3.5833066470
4.4321507406
0.1996341741
3.0862265868
2.8403028080
4.9945326809
0.3643758682
1.3454084808
1.6662180392
2.4203424482
2.7265646377
4.3472510202
1.6424767626
4.5293046132
2.8642482364
0.5486884988
1.6966327553
3.4412274479
4.4316845752
3.3634832672
3.3991556932
4.2054789295
1.1404031260
2.6122615145
0.2088687254
3.2772040785
1.1140130333
2.3819531043
0.7221129635
1.6490969638
2.8939884353
3.2821692724
2.2449245162
1.9163250404
1.4926380878
1.3962975084
3.0801300931
0.3564980720
1.4228106551
4.6701651171
3.2837435488
1.2239177937
4.6333567871
0.2026233512
2.2319483577
3.2559017492
0.3748471610
4.0575591909
0.7889752113
1.8775344634
0.6695398362
2.2285033729
1.7681500220
1.6691753341
3.7992333685
4.1936477141
3.5272409227
3.3684844237
4.9186919658
0.8048136843
1.1820436704
4.4462787513
0.9931683510
3.7784541324
2.0091085172
0.1944917984
4.0166867490
4.7854726141
2.0429484096
4.2567918132
4.2418153402
1.5704864761
3.7614236313
3.7205591763
2.6184124345
4.9367422770
3.6548420318
4.7660936586
0.0531563343
3.0924418415
2.6523420868
2.5689079030
0.5465731847
0.3156058030
3.0491585388
3.6981779716
0.9008928575
0.2212654617
2.1593525771
4.8139043725
3.0096479132
4.9358347285
4.2825907385
2.5927516865
4.8058677219
1.0436984035
3.2957742759
2.7041708053
0.6555167326
4.3807126156
4.7890739418
4.4011789452
4.3101154610
0.2344244840
3.8926592988
0.1116180617
1.7790228352
4.6629825245
1.9696970954
4.9339961379
4.5275319095
3.8711535653
2.0707252642
4.4159271018
0.9597454399
1.5554375301
1.2951080018
3.5721379194
1.9912862237
2.0394549494
3.0308885076
3.0730447654
1.7705172550
2.8196750337
2.9420495905
2.5846781561
1.9604814442
2.7998811545
4.7421638206
0.6875486093
0.9677277139
3.2458871847
2.3889845127
2.8578038211
1.6972025175
2.0908989197
4.7121418944
0.0112745995
2.7512110580
3.1831612891
1.4553356518
1.8329039182
0.9799735046
0.9233708462
1.7879509634
4.9243905207
4.2645261509
0.2876156447
4.9846904454
1.9760695765
3.7807785186
3.7858076455
3.8545544550
0.1201370262
2.4956927204
1.5447978040
4.7443872358
0.1569655209
1.6001837434
0.5243375272
4.3724317643
0.9107473149
3.1339565401
3.2331238306
1.1422221712
4.9019471865
4.4287307009
3.0873158238
2.9281345862
2.2995954843
3.7399138700
0.3867386744
0.0455854981
4.6044618069
4.6826537441
3.4317245081
2.3589065481
4.2234126702
1.7943332938
4.4890293564
1.3291563926
0.4251858678
2.7481075678
4.5769878272
2.5564992007
4.6584491483
2.8052708980
3.5821242149
2.7743557964
2.7950153832
4.9604733403
3.2615568328
3.7555127357
4.1057496321
4.6735825532
2.7130630268
2.5970770303
0.1459395099
0.9439448720
4.9085921563
4.9680351115
3.8232480673
1.9436948711
4.6539243815
1.1897842751
2.7379920808
2.2414790491
4.6393009357
1.2390485825
1.0561772843
2.3995042196
1.1310482466
2.6298893183
3.2248897000
3.0763275742
1.8859603645
1.5660179364
2.4323279312
3.7045309953
3.3775932280
4.1283872820
3.9066291050
1.9037498669
0.7513868970
2.6512700610
1.6349801746
4.4309641621
2.6840195880
1.8710523549
3.4542305624
4.1351397896
3.6375867052
2.1372197710
4.4438707175
1.8739888790
1.7626906486
4.6390648677
3.2599781285
2.0466816791
1.8235495449
3.6121921380
3.2433467440
3.5057978506
1.1656367700
2.1867613619
0.4659216663
2.4207839724
3.6106247527
4.4685368826
4.1368974662
4.7879448488
1.6986276553
3.6012696156
1.1540695748
0.9109215327
3.3736446562
1.6449256959
2.8785430094
3.3312066647
3.7600502968
1.7721108998
3.1436152480
4.4691505894
3.3569372443
4.3911686725
0.9340994332
3.0688775639
2.7996914403
3.6584220555
3.3337043431
4.4304430226
4.3365965039
2.4565813496
0.1191277515
2.1924281284
1.6403750067
2.2572702905
4.5546640013
3.0091195313
1.3338553961
2.5218791584
3.4254138737
0.0877181836
0.2345064738
0.0486039084
1.4462792256
0.0300440406
1.4091330029
0.2697714068
0.8441154549
1.4054613203
1.5379277812
0.2207024973
3.9686156834
4.6908745122
2.1923039414
0.2208722258
2.2212507031
4.7013963332
3.5750878870
1.1645604133
0.7690522646
4.0315481382
2.2119647035
0.3492412231
4.4399932539
3.7896287105
2.4423856642
1.5664577114
2.7786007867
0.5733117080
2.2749481411
3.5358119000
2.5142762886
2.0668631231
3.9506433900
2.9250429860
0.0912543026
1.2819907527
1.1170638816
3.1181612025
3.4994981303
3.5857556719
2.8430206413
3.4725728956
2.3920195285
3.6088238824
3.2970190172
0.1515188863
3.4786606177
4.5823724664
3.0412799747
2.2895234608
4.9424529725
1.8670715458
2.8376999780
0.5086106911
1.2660606170
0.4957489184
0.1711673292
4.8676085353
3.4069344056
3.6137412515
2.4324730591
0.6148746305
2.8856940973
1.2568019491
3.6967716539
1.4983111630
1.6085753804
1.0231541066
0.1288876342
1.4407850162
3.3278212540
1.7693551184
0.3540798258
2.6423538462
1.6405745662
1.4627103367
3.2781426524
1.3544641490
1.5646802306
0.0577944998
3.2155444840
0.8701040640
0.6269957287
4.6110942671
3.1959035761
4.5754569199
1.3151260491
2.5138809341
1.6403339697
2.0537316891
2.8263582481
0.4952920558
3.4185334801
3.2644888783
3.5880104236
4.0395021110
1.5690351242
4.2390052687
4.7020941311
3.7651782814
4.6585285960
2.7342236367
2.6054071926
0.6526557368
3.1069312599
1.0279344420
4.0458395327
4.3730603025
0.5639251469
0.8724807934
4.3093271700
3.3007128610
3.1065791799
2.3630360847
2.2326928694
3.5804521174
0.1686708813
4.6320708663
1.2893552750
4.2080182476
4.5082606868
4.3198220788
1.2119856662
1.8754822638
0.4844312758
3.3603490469
4.6336818653
1.0741424862
1.5259855821
0.8861769229
3.8927763411
1.9517231134
1.0290269414
0.8167848904
1.9022892599
4.8346083545
0.3770747214
4.7356137053
3.1701911970
0.3728617264
1.2126753275
4.9582903767
1.1485934999
3.4976717544
4.1449532511
0.6859672814
0.9569009486
0.9275152459
1.4104363825
1.9597440841
3.6746304595
2.7787453545
2.5376357168
4.8759038023
4.2334351789
0.9646266206
4.2377383925
3.4810945337
2.9949144804
3.8683108892
2.7584862960
4.6886960605
0.3117011796
4.1922592625
4.0155867794
3.8926210725
4.3053867654
4.6896738719
1.4411889680
4.1060344255
3.2179876918
4.5212420529
4.6630352060
2.0263759787
2.6064098313
3.4296722950
4.6174639993
1.4842134596
2.3448981297
0.5399989270
4.2867248954
0.0345267807
3.5125533817
1.9584587027
2.9839186831
1.7108546124
3.2960719274
4.1180300770
3.5507746349
0.1042630992
3.6969560235
1.9937328321
3.3135218360
2.3223957074
4.1532167154
4.4528946281
4.5050304995
3.1041276293
2.8643363134
3.5103098340
3.7175431143
3.4408982469
3.2318880930
0.5991774526
1.9256608880
1.7180761955
1.1242656838
2.9476668940
0.6053997790
4.3232938722
1.7606178289
1.1478056014
0.3793090321
4.2612671237
4.6451048582
3.2261188901
3.6127050983
4.9070116297
1.8174053800
4.2602126431
2.1604916986
4.1655254862
3.5090444318
3.4465315338
1.4719141384
3.9829980059
1.2882516849
4.7042320149
3.9716593672
4.0726230890
3.7599793517
3.4189882534
1.7853142586
1.5304620069
3.5743282500
1.8872333010
3.7163097302
2.5799603837
0.7384860967
1.8425848930
0.9267091869
1.3072478695
0.2675386074
4.1368981671
3.0577729229
0.9459317978
2.9319604176
2.0415341118
1.8459971158
1.0055583053
0.0386432870
4.6411654919
1.4597634539
1.4812012888
4.7330125621
0.6520191799
2.3799448199
1.1548214900
1.5377835096
3.5262580492
3.2695203698
3.9273102441
2.6955059704
2.5497446818
4.7828113600
0.4818153239
2.1941528657
3.5253359068
1.0303337495
0.8554851549
3.1051644905
4.6098894492
3.5820765009
4.6227328003
3.4197303138
3.5702045202
0.6174821863
3.0062078110
3.9404622238
1.5991748571
3.5373805320
1.9226926339
0.8714018865
0.4246383126
1.9800824786
0.5340560718
1.5895491764
4.6140194325
2.4348837422
4.5552696106
1.1064625636
3.1702633449
3.2410793123
1.3225185827
2.0102549509
0.9992585331
4.6846053653
0.3479394346
3.1784038267
3.9545754907
0.6585792806
2.8899321192
2.3727517781
4.6086656697
1.2049033703
0.5089031617
0.4630564770
0.9155533461
2.4839601500
4.9203855518
2.6082472502
1.6015198571
3.8761080382
0.9165766168
4.2795723585
0.6084579143
1.0656628415
0.1223797395
1.7021161788
4.7087211902
3.9244238267
4.7551005110
1.6763926913
2.5777939192
4.6423001627
1.9432279701
1.0161700644
3.0474646549
2.9575655859
2.0575472828
0.0892647831
2.9410404135
3.1446928846
3.6486268799
1.4023017263
0.1152399967
3.0151967544
2.1530709998
1.4465329488
1.9806411605
0.9836703214
4.4145230953
2.3785317034
4.5519332818
2.9200887227
3.1050669743
2.6963435309
2.7768780793
4.2389491352
4.3723461550
0.1785221015
1.6230635975
2.4200221184
2.9744780528
3.6610679748
3.8566338589
4.8841306482
1.9988735806
2.0569126212
3.1476961512
3.0958023248
1.1457048564
1.5861619789
3.6816826551
0.6838335068
3.8484392775
1.8353725666
4.7713308419
0.7773631126
4.0121475599
4.7438427962
3.5550306004
1.1812051086
3.3878917603
1.3080516968
2.0670731873
3.2577838226
3.0342271092
4.9763808338
3.1849606670
2.7575317600
2.6136540096
3.7901518412
0.9376523047
4.4241471009
4.5548040902
1.1194657518
4.7138192364
4.0903941003
2.2054320789
4.7896302689
3.1863584547
1.5345157535
4.7852337760
1.8330213319
1.4922145425
2.4627908852
3.2025648835
0.5095848575
4.9267304718
1.2619088439
0.0598661872
2.4850074441
2.2591799651
1.2828807907
0.5767029155
2.6476601747
3.7088312133
2.2990087255
1.7976203191
1.3831615052
4.6749879670
