3.09 100 
3.42 100 
4.25 100 
4.42 100 
3.85 100 
4.36 100 
3.61 100 
4.40 100 
4.76 100 
4.20 100 
3.77 100 
3.97 100 
4.48 100 
3.59 100 
3.61 100 
4.13 100 
3.58 100 
3.87 100 
3.17 100 
3.23 100 
4.36 100 
4.16 100 
4.73 100 
4.47 100 
4.45 100 
4.58 100 
4.75 100 
3.01 100 
3.10 100 
4.50 100 
4.61 100 
3.85 100 
4.06 100 
3.68 100 
4.23 100 
4.64 100 
4.21 100 
3.85 100 
4.36 100 
4.38 100 
4.33 100 
4.65 100 
4.09 100 
4.31 100 
4.74 100 
4.02 100 
3.38 100 
3.85 100 
3.64 100 
4.67 100 
4.45 100 
4.66 100 
4.72 100 
4.29 100 
4.18 100 
2.95 100 
4.10 100 
4.36 100 
4.43 100 
2.57 100 
4.72 100 
3.78 100 
3.60 100 
4.72 100 
4.48 100 
4.17 100 
4.53 100 
3.66 100 
3.45 100 
3.50 100 
4.83 100 
4.13 100 
3.01 100 
3.90 100 
3.80 100 
4.07 100 
3.37 100 
4.51 100 
4.12 100 
4.21 100 
4.56 100 
4.46 100 
4.95 100 
3.97 100 
4.81 100 
4.22 100 
4.35 100 
4.41 100 
3.51 100 
4.16 100 
3.74 100 
4.41 100 
3.81 100 
3.99 100 
4.24 100 
4.83 100 
4.06 100 
4.65 100 
3.95 100 
2.86 100 
3.85 100 
3.99 100 
3.91 100 
3.77 100 
4.55 100 
4.34 100 
4.36 100 
3.77 100 
3.56 100 
4.12 100 
4.14 100 
4.16 100 
3.61 100 
4.28 100 
4.75 100 
3.22 100 
3.85 100 
4.12 100 
4.30 100 
4.63 100 
3.14 100 
3.94 100 
4.00 100 
4.52 100 
4.39 100 
4.05 100 
4.60 100 
4.53 100 
4.82 100 
3.51 100 
3.34 100 
4.27 100 
3.62 100 
3.78 100 
2.96 100 
4.08 100 
4.54 100 
4.05 100 
4.21 100 
4.51 100 
4.23 100 
3.72 100 
4.57 100 
4.23 100 
4.60 100 
4.38 100 
4.33 100 
4.63 100 
3.93 100 
4.65 100 
4.22 100 
4.78 100 
3.64 100 
4.39 100 
3.05 100 
3.27 100 
4.43 100 
4.56 100 
4.65 100 
4.72 100 
4.81 100 
3.25 100 
4.69 100 
4.87 100 
3.85 100 
3.94 100 
4.57 100 
4.55 100 
4.44 100 
4.43 100 
4.41 100 
4.24 100 
4.67 100 
4.25 100 
4.28 100 
2.74 100 
3.36 100 
4.40 100 
4.11 100 
3.95 100 
4.29 100 
3.65 100 
4.00 100 
3.87 100 
3.97 100 
3.75 100 
4.72 100 
3.93 100 
4.27 100 
4.40 100 
4.22 100 
4.91 100 
4.32 100 
4.06 100 
3.65 100 
3.87 100 
4.46 100 
4.87 100 
3.74 100 
4.37 100 
4.62 100 
3.74 100 
4.59 100 
4.41 100 
4.58 100 
4.37 100 
4.67 100 
3.27 100 
4.07 100 
3.69 100 
4.55 100 
4.34 100 
4.63 100 
3.63 100 
3.87 100 
4.63 100 
3.75 100 
3.56 100 
3.64 100 
3.41 100 
4.23 100 
4.10 100 
4.54 100 
4.32 100 
4.65 100 
3.06 100 
3.18 100 
4.24 100 
4.27 100 
4.22 100 
4.24 100 
3.83 100 
4.32 100 
3.53 100 
3.42 100 
4.68 100 
3.93 100 
4.34 100 
4.62 100 
3.09 100 
4.39 100 
4.35 100 
4.32 100 
3.64 100 
4.51 100 
3.54 100 
3.68 100 
4.22 100 
4.56 100 
4.57 100 
3.68 100 
4.02 100 
3.46 100 
4.54 100 
4.45 100 
4.14 100 
3.94 100 
3.71 100 
3.07 100 
4.70 100 
3.99 100 
4.09 100 
3.93 100 
4.12 100 
4.21 100 
4.59 100 
4.75 100 
3.36 100 
4.21 100 
4.45 100 
3.90 100 
4.33 100 
4.65 100 
4.04 100 
3.63 100 
4.36 100 
4.39 100 
4.56 100 
4.19 100 
4.41 100 
4.22 100 
4.48 100 
4.17 100 
3.79 100 
4.14 100 
3.84 100 
4.74 100 
4.47 100 
3.86 100 
4.18 100 
3.59 100 
4.27 100 
4.54 100 
4.02 100 
4.56 100 
4.65 100 
4.58 100 
4.47 100 
4.40 100 
4.80 100 
4.85 100 
3.55 100 
4.29 100 
3.88 100 
3.03 100 
3.59 100 
2.95 100 
4.51 100 
4.75 100 
4.33 100 
4.33 100 
4.34 100 
3.65 100 
4.56 100 
3.99 100 
3.96 100 
3.85 100 
4.15 100 
3.63 100 
3.87 100 
4.08 100 
3.77 100 
4.59 100 
2.56 100 
3.68 100 
3.74 100 
4.32 100 
3.85 100 
4.75 100 
4.79 100 
4.52 100 
4.50 100 
3.88 100 
4.60 100 
4.00 100 
4.47 100 
5.00 100 
4.84 100 
4.63 100 
2.82 100 
2.66 100 
3.55 100 
4.06 100 
4.69 100 
4.67 100 
3.88 100 
4.80 100 
4.38 100 
2.95 100 
3.88 100 
4.72 100 
3.32 100 
4.02 100 
4.43 100 
4.35 100 
3.80 100 
4.43 100 
4.13 100 
3.41 100 
4.00 100 
4.16 100 
3.76 100 
3.23 100 
3.96 100 
4.67 100 
4.37 100 
4.58 100 
3.51 100 
3.54 100 
3.94 100 
3.55 100 
3.65 100 
4.23 100 
3.82 100 
4.25 100 
4.04 100 
3.82 100 
4.21 100 
4.58 100 
4.16 100 
2.77 100 
3.64 100 
4.11 100 
4.49 100 
2.96 100 
3.54 100 
4.39 100 
4.34 100 
3.74 100 
4.43 100 
4.30 100 
3.01 100 
4.39 100 
3.53 100 
2.85 100 
4.67 100 
3.80 100 
3.76 100 
4.39 100 
4.18 100 
3.48 100 
3.77 100 
3.95 100 
4.11 100 
4.19 100 
4.45 100 
4.23 100 
4.00 100 
4.25 100 
4.52 100 
3.67 100 
2.52 100 
4.87 100 
3.27 100 
4.04 100 
3.60 100 
4.38 100 
4.12 100 
3.88 100 
4.84 100 
3.47 100 
3.26 100 
4.11 100 
3.71 100 
4.62 100 
3.95 100 
4.27 100 
3.76 100 
4.30 100 
4.37 100 
4.81 100 
4.05 100 
3.68 100 
4.05 100 
4.67 100 
2.76 100 
4.55 100 
4.82 100 
3.98 100 
4.06 100 
4.04 100 
4.39 100 
3.31 100 
4.55 100 
3.00 100 
3.64 100 
4.13 100 
4.60 100 
4.12 100 
3.80 100 
4.41 100 
4.66 100 
3.93 100 
4.65 100 
4.50 100 
4.12 100 
4.34 100 
4.05 100 
4.21 100 
4.53 100 
4.87 100 
4.71 100 
4.32 100 
3.99 100 
4.69 100 
4.35 100 
3.75 100 
4.38 100 
4.63 100 
3.76 100 
4.24 100 
4.28 100 
4.54 100 
4.34 100 
4.74 100 
4.98 100 
4.14 100 
3.80 100 
4.57 100 
3.58 100 
3.29 100 
4.34 100 
4.39 100 
4.04 100 
4.52 100 
4.86 100 
4.07 100 
4.75 100 
3.99 100 
4.71 100 
4.42 100 
3.04 100 
4.50 100 
4.39 100 
3.83 100 
3.64 100 
4.57 100 
3.28 100 
2.67 100 
3.28 100 
2.83 100 
4.30 100 
3.65 100 
4.02 100 
4.50 100 
4.69 100 
4.68 100 
4.68 100 
3.67 100 
3.91 100 
3.50 100 
4.14 100 
4.45 100 
4.60 100 
4.11 100 
4.23 100 
4.48 100 
3.68 100 
4.53 100 
4.36 100 
4.77 100 
4.74 100 
4.58 100 
4.02 100 
4.53 100 
3.70 100 
3.31 100 
4.36 100 
4.26 100 
4.04 100 
2.74 100 
4.04 100 
4.53 100 
4.54 100 
3.97 100 
3.64 100 
4.91 100 
4.38 100 
3.70 100 
4.41 100 
4.23 100 
2.95 100 
4.97 100 
4.40 100 
4.60 100 
4.41 100 
3.36 100 
4.24 100 
4.32 100 
4.71 100 
4.17 100 
4.50 100 
4.55 100 
3.75 100 
4.11 100 
3.97 100 
3.35 100 
2.97 100 
3.57 100 
3.77 100 
3.86 100 
4.61 100 
4.79 100 
3.61 100 
4.45 100 
3.73 100 
3.80 100 
4.22 100 
4.49 100 
4.18 100 
3.95 100 
4.37 100 
3.92 100 
3.66 100 
3.64 100 
4.22 100 
4.59 100 
4.77 100 
2.85 100 
3.05 100 
4.73 100 
4.07 100 
3.76 100 
4.42 100 
4.66 100 
4.49 100 
3.75 100 
3.65 100 
4.04 100 
4.31 100 
3.89 100 
2.96 100 
4.50 100 
4.84 100 
4.41 100 
4.32 100 
4.45 100 
4.27 100 
4.45 100 
4.19 100 
4.30 100 
2.77 100 
4.81 100 
4.33 100 
3.79 100 
4.45 100 
4.52 100 
4.66 100 
4.80 100 
4.55 100 
4.65 100 
4.25 100 
4.14 100 
4.54 100 
4.62 100 
3.90 100 
3.99 100 
3.40 100 
4.30 100 
4.68 100 
3.95 100 
3.74 100 
4.37 100 
3.84 100 
3.59 100 
4.08 100 
4.62 100 
4.61 100 
4.84 100 
4.60 100 
3.64 100 
3.61 100 
4.46 100 
4.01 100 
3.38 100 
4.26 100 
4.01 100 
4.82 100 
3.65 100 
4.06 100 
3.51 100 
3.89 100 
4.54 100 
4.83 100 
3.66 100 
2.47 100 
2.75 100 
4.38 100 
3.61 100 
4.50 100 
3.52 100 
4.17 100 
3.65 100 
4.67 100 
4.82 100 
3.50 100 
3.92 100 
3.40 100 
3.50 100 
3.84 100 
4.64 100 
4.45 100 
3.84 100 
3.80 100 
2.47 100 
4.70 100 
4.00 100 
2.45 100 
4.63 100 
3.51 100 
3.99 100 
4.97 100 
3.41 100 
4.58 100 
3.78 100 
4.16 100 
2.59 100 
3.03 100 
4.29 100 
4.83 100 
4.20 100 
4.34 100 
3.43 100 
3.60 100 
4.74 100 
4.02 100 
4.24 100 
4.07 100 
4.13 100 
4.87 100 
3.51 100 
4.07 100 
3.89 100 
4.33 100 
4.69 100 
4.55 100 
3.94 100 
3.36 100 
4.66 100 
4.27 100 
3.93 100 
3.85 100 
3.51 100 
4.68 100 
4.71 100 
4.14 100 
3.73 100 
4.22 100 
3.00 100 
3.75 100 
4.57 100 
4.30 100 
3.12 100 
4.69 100 
4.67 100 
3.85 100 
4.21 100 
4.68 100 
4.77 100 
3.60 100 
4.22 100 
4.32 100 
4.67 100 
3.73 100 
3.89 100 
3.88 100 
4.81 100 
4.66 100 
4.05 100 
3.40 100 
4.13 100 
4.14 100 
4.02 100 
4.18 100 
3.93 100 
3.90 100 
3.93 100 
4.11 100 
3.67 100 
3.23 100 
4.06 100 
4.16 100 
3.77 100 
3.52 100 
4.76 100 
3.93 100 
3.99 100 
2.94 100 
4.58 100 
3.78 100 
