2.9635262283
3.2409310846
4.7837616400
0.3911438170
2.7080004890
2.0216730795
1.3605068130
3.9007063852
2.1164807025
0.4878751401
1.1363134371
1.0588197247
2.8439428019
4.1146747050
1.8711503110
0.7008664012
4.0783520344
2.4959797185
1.0182423742
3.4120668149
0.0297955683
2.0072714207
2.8464512028
3.5512122022
2.3928637147
2.7552269088
4.1139667754
3.6178371724
0.6473141078
2.5124506252
1.1098314365
4.4034324120
3.7252955244
4.3380033733
3.4206533235
0.7618179963
2.9022387437
0.9797002058
1.1137326384
1.2623141363
0.5217300093
1.1503223921
4.3275716144
4.7926794707
2.9916823184
3.6530864514
3.2148444054
0.9008825010
4.1799499941
4.7161927653
2.2454679753
0.3026997811
2.0728568584
3.9744203532
2.5181659476
0.2360903077
4.1612168709
1.3280508339
2.6832058626
0.8665995489
0.1972324060
1.5145262069
0.5977929278
1.5971439882
3.5746984627
3.0729296896
0.9355217147
2.2199882729
3.8673850981
3.4705092462
1.6845479067
1.3812473527
3.9001043226
1.3270474613
0.0935966995
3.7746456793
3.8982056351
3.8280518493
4.9740493632
1.0104899376
0.6791253922
2.8007543728
0.9192463601
1.8399311910
4.8198033445
4.3551506695
0.5535408237
3.6788020723
3.2025640055
1.1112860827
0.2338817213
4.4479350437
1.1463551061
4.5673398585
3.0717781965
0.1093440970
4.4475792876
1.1625286288
0.8649969839
1.8645548850
4.4533124710
4.6843283595
4.6834999687
1.4303924749
2.7782620600
4.3190081114
0.8657904984
3.7095020081
3.3547943647
1.3841120613
1.9884814865
2.3217308564
4.2127924242
4.4755760632
2.6776272672
3.1053116817
1.1536568300
0.8530044176
0.6549011026
2.7837494634
3.3817222629
3.6447692651
4.1404027919
0.4287523535
3.1486453287
2.2286619460
1.1677225362
2.2379014764
2.6544639550
0.6105805802
2.7724696413
4.0475988129
2.3261991803
2.0380638371
4.6750243530
0.1798604174
2.2948556672
2.5303851913
2.5396396807
2.8915547148
3.4388917807
1.6435377137
4.2186840372
3.2756678362
4.9217126462
2.1060244389
3.4118764632
0.8281801767
1.2781543075
0.0273063929
3.7305506878
4.6163559192
4.9965629963
2.0905572685
3.3666438486
0.5930004754
4.2858446770
3.4686633192
0.0512169353
1.8279749511
3.5383054928
4.4489471116
0.1394784764
0.4575421795
4.5173875850
1.7977671448
1.8857272367
1.8716508752
4.7733160420
3.4489598327
0.9452052817
4.9098633702
4.3686255232
2.9461787496
4.0490362699
1.6622435088
4.9695684613
0.3228061919
2.5973168074
1.3692149111
4.4091847262
3.4566468041
0.5737577102
0.0843712808
4.2746243163
1.9105700805
1.9383886258
3.3597900446
0.1270740665
2.4632807908
1.2537202354
3.5910136766
4.9798856131
1.8732216043
2.2610047470
1.6280899009
3.3823989786
0.4081332133
2.9790741663
4.3325978808
4.2672932076
0.6460218972
0.4465184541
3.4042528210
1.8924865535
1.4213455331
4.7821687153
1.6834214271
1.1596928557
4.2923843640
1.8780755664
1.3797657069
2.1263820093
4.8593951891
3.8581463745
0.1074579735
1.0923798900
2.8137648610
0.7946786951
3.0022959226
2.5735908055
1.9696138644
3.9501775395
3.5370386336
2.2508725731
0.2729111378
2.6446726193
2.3729525864
0.4701047312
3.0290299792
2.3964850282
3.8255966102
0.5787532372
2.2958096734
2.1698824704
1.3721064030
0.7141643592
3.5917212021
2.8247847134
3.3796081853
0.1494553853
1.1319258560
1.4057379782
3.6369674986
0.8848743217
0.6712455813
1.9494950541
4.7750584384
2.4171639898
4.4728412645
0.5180685926
4.6674410348
0.9887019248
0.7833527132
1.1780448702
3.0202053719
1.7145352865
1.6561496246
1.4138558569
3.6463506894
0.8020536820
1.7790591764
1.7648352695
4.1391114402
0.2487314271
4.7144808247
4.3610809742
2.5259404034
1.4525384094
4.3093052723
1.0648881963
1.9193567875
3.7623044121
1.9687801883
1.4319070669
0.5546351084
1.1871895878
1.5797929252
2.0339406373
2.9925438145
3.9717527920
3.5104780123
2.4437871953
2.6963614588
3.1128337580
2.7782374087
3.4977200779
3.8976480045
0.8741136848
0.9689421948
4.2146907604
3.3292999074
0.0619557820
1.1861483769
4.8703633687
2.4149652546
2.0207417209
3.4186145861
2.3714924827
2.2017597742
3.6368258598
2.5233884906
0.9404177221
4.2523512667
1.8974655900
2.1444895096
1.6546697071
2.8699392716
0.9153172585
2.5161407427
0.0625891231
0.1156438697
2.6216019261
4.2551007148
0.6478053485
4.7456527616
3.2637577716
0.0275483990
2.5943799989
2.3016044520
2.2688453288
3.8089408312
0.1269953570
3.4416778324
2.1953219870
3.3451742816
0.6989845564
4.2144100011
4.2768423833
4.2032452114
0.7731111387
0.3181950948
2.2368855076
2.3805589384
0.6992867575
0.6256725545
0.5372966017
2.0633298577
0.8189689381
1.0058639122
0.3229263296
3.6035400493
0.0125324664
1.0731581830
1.9847402729
0.7661809439
2.3138097427
4.2093975884
0.3219726450
2.5076282373
2.3212238637
3.5248229365
3.7176482696
1.0337512537
1.0790948395
1.2800718516
4.9192603993
0.2826172616
2.0430107860
0.3224784978
1.9463579240
1.7394266710
0.1024737121
3.8864207852
0.2286779968
2.1567393854
2.3508302113
3.4633455997
2.3522981448
1.1853836684
4.0708825290
1.6094446681
1.1877396086
4.5630595196
4.9642716741
1.4779485758
3.7643200141
2.6290665549
3.9790830403
3.4419744996
3.0012426004
1.8834345606
4.6841229552
0.5192497259
2.4104601603
2.7637710542
0.2665532565
1.9814082975
0.6424286610
1.0282471493
2.1742769543
2.7906174898
0.3872572711
3.1913285986
0.7334928520
1.5708545686
4.6948822731
3.5212558930
4.8086572176
1.1091677376
2.4037811682
2.6641435360
0.5658077924
1.7657886665
2.6240642327
0.0762869037
2.4955461509
4.2262127938
2.3038229306
2.0193432594
1.1592902528
0.2816480593
4.9042919834
1.8761243181
3.2676765168
3.5079981279
0.3472336170
4.2795590815
2.0748114511
0.0123628482
0.2951425964
0.8938402790
2.0836733725
2.7176019561
3.7401881956
4.3528634887
1.3791965889
2.8006381843
3.9606682892
3.6329376678
0.7249101688
3.9328183095
1.4441903581
1.1286472224
3.8305526494
3.3878755492
1.0554784363
3.6050616931
1.8915692943
4.0850394381
4.8649229517
4.5367274468
3.8521713676
0.3749401730
1.8636560923
2.7126692498
1.6026739109
3.2105987342
3.6245878304
1.3137360759
1.0057312507
2.0845521784
2.5696411045
0.4589277783
0.7870844865
2.2687306659
0.2551679847
0.8038451440
4.7223740866
3.9318993509
3.2646259595
2.5682481652
4.5159299990
0.2992495311
4.3150838748
1.1101439174
2.3793329436
0.2821397484
1.8476745686
2.1682390367
0.6716703414
2.7682441478
0.1280049534
1.3084902572
0.4201402251
2.8017826753
4.0676882591
2.1575026146
3.9749630266
0.1815309147
3.0701164269
2.2374165540
2.1080459065
3.9955068589
1.0705073014
1.7635751091
1.1977338479
3.4333029855
2.0909303656
1.5856783724
2.6751276438
3.9607949786
1.4648503655
3.5814474426
4.0793277172
4.9013586125
0.9427693388
3.6132917483
3.0836760061
0.3898340116
0.1014583610
4.5754849070
2.9323424636
2.0004870305
2.4153398080
4.8624129031
2.3517896456
1.5014511681
0.4717231787
0.6261971697
1.1757249385
2.7620355617
3.7243515801
4.6411719436
0.4117167828
3.8954255077
1.8752459133
4.2081928582
4.0649353346
1.0203769347
2.0869286800
2.8965799344
3.7673309464
2.2873356330
1.2801832109
3.6967857635
3.7024621904
1.9559411265
2.4315960672
3.3318865395
4.7962304694
0.7041741772
3.1059044450
0.6181025156
2.0066971129
2.0696713450
4.1369156821
1.2692732424
2.4023028061
4.9992801084
2.9943964895
2.8811743980
3.6931548144
1.1452090837
0.6703843721
3.8105249682
1.8661962966
4.4797101901
4.0050169188
2.6603787789
2.4792506215
2.3928084937
0.0079953071
4.3063307404
0.1639935694
1.0299912469
0.5666105264
2.1327284505
0.6623241768
0.7629256286
4.7549035598
4.0091218223
4.7284823323
2.3632651999
1.9516681194
3.7168899800
4.9403246173
3.3676234321
3.9589255860
1.0548636000
3.6127708675
1.9341591461
2.9991206035
3.8094449876
4.8455490738
0.0543786500
3.7111414046
0.5959752820
3.2825971070
1.6072830691
0.3055254414
0.2687910815
4.4440529012
1.4395721596
0.7616573378
4.9905592980
1.8115317288
4.3910780841
2.1288166251
4.0582119890
3.0168266092
1.1278895252
2.5436262357
4.4423800949
0.0823772740
3.4188084263
4.8044533683
4.5270292388
1.2835610266
3.4190538967
3.1949111724
1.3815398401
1.7084168513
4.8868107118
2.5607167861
0.7823805598
1.3557987958
2.5347586843
3.3943176608
1.1775563546
3.7797675546
1.8446843059
1.2380678926
3.4840529748
1.0134968548
4.2863627531
2.0881084987
2.4845564090
0.2129452835
2.5729269518
4.5668943073
2.1809313808
1.0875011280
1.1478561937
0.4725544197
2.6325553320
2.4358492187
1.7805901197
4.3386371282
3.0000062185
3.7001612084
1.8988000395
2.9195627851
1.9993016892
3.3757257668
0.0088488550
3.0172034863
0.0975166476
3.8672893779
2.3583886096
0.8849656160
1.2239236057
0.2342733508
1.4359512102
4.0807343635
1.7866884566
2.4968948724
4.2444784750
4.2228373256
1.4566211170
4.3319009873
2.7448326636
1.6582113157
3.6676587474
0.1336008642
4.8603733509
4.7442515781
0.5779067446
2.3822551503
0.8367512361
1.8310498060
1.4025622487
2.8923781931
1.1373495381
4.3051757579
2.4664043073
2.9184809880
4.9526193318
3.3067409168
0.0023869244
4.9012064434
2.5423518416
4.1857405993
1.9459737900
4.2342855178
4.1982786404
0.0397672685
4.6220893551
0.2294995241
3.4979852130
4.0319115875
0.0009379045
1.1257219910
4.5607847526
2.7744330405
4.8965931837
1.7176094733
2.2558726725
2.1706278058
2.2124437896
1.9237161764
0.2498384494
0.4149120465
0.7926767288
4.3424487704
4.6146453795
4.6807629635
3.1395011109
4.7927068802
2.6018209427
0.5897318840
2.8003886826
1.7552480003
2.4802760331
3.2048024050
0.5449956317
3.0373745775
0.8434606545
1.7710762371
3.0425136199
1.4096922802
4.0291620984
1.1199189604
0.9499851400
3.2072835940
2.7279794338
1.8337014745
1.5417418614
1.2621564178
4.1533106622
4.3521695618
1.9888424299
2.1183648429
4.4286364264
4.9939277496
3.4525810438
4.3704853343
0.9421720408
1.8138236121
2.4333178453
4.5205176777
3.1029081209
0.6560788684
3.5386795617
1.8437428490
1.1871145684
1.1713731539
2.5553517096
2.0322109910
2.2251134100
3.8119092567
3.5561148626
4.5025784827
0.2822283123
3.4105639511
0.7064747758
1.1358152467
4.1261128176
2.2879704181
1.4893323829
