3.3614027725
4.9887805949
2.9738729123
0.2142879430
2.2622559319
3.8916867982
2.5113208063
1.2836535091
4.0919251891
3.4125656486
0.3418663133
3.0225991399
2.2219477945
1.0121092798
3.8613892199
0.7697699212
0.5430716263
2.4788410001
3.4388258684
3.7603315121
3.6362725628
1.2923575358
1.7614500436
3.8208457256
3.2646767198
4.1679222954
3.2353713787
0.3333668930
0.6139218966
0.7931988112
0.3202722102
2.7218596462
4.3717349111
4.7703129573
1.2182401448
3.1085585580
1.0663322253
4.1717152923
4.6704197217
0.2164064669
3.8364594226
2.1144887290
4.9149540206
0.3970415964
4.6328847628
3.6409445208
3.8137924410
0.3858990698
2.5419922705
4.5778290773
3.2185057325
1.0239204265
2.6574446729
3.1246081932
0.2860002349
4.4393205911
2.5269950546
1.7136117126
0.4093117764
3.7061657306
1.3803324007
1.2899432640
3.9474623137
1.6456128753
4.9528893212
0.0037442997
1.0382807707
1.5201233967
0.0029842514
3.3965320787
1.4913501760
4.9034827232
3.4593043620
2.3299152431
4.3826977043
0.9558583683
0.3069733598
2.0601610805
3.3219691293
4.8623527400
4.7383293730
1.2451032457
2.0157260817
3.9276266138
4.0647262527
1.0981204407
0.3018999192
1.0833789022
4.3544559581
4.0228931482
0.1406815296
2.6380887424
3.5661842756
4.5959897821
4.4921985640
3.4609022750
4.0646360283
1.7638033736
4.7328319917
1.3784491033
4.2038232104
0.2158379724
0.4171790512
2.0123976248
2.1516692062
0.5458381108
2.2043312017
1.1875245194
1.2078584791
1.5518977778
1.5737801181
3.1889269834
0.5741729103
4.7207351838
1.2619936859
2.7898171176
0.3041273869
4.0321589825
0.8752438992
1.0583015323
2.0576773557
0.9778883681
2.8629711104
0.3859860314
4.2790539233
2.4629563877
3.4698107859
2.0696004894
1.6039267695
1.7246807247
4.6899913493
3.6786830644
4.1792657013
0.8185119211
0.9073614071
2.6203909925
0.2792571822
2.6649733372
4.3656732136
2.9825377137
0.1478466759
1.2885228952
1.9404132005
4.3169382853
4.5579602199
2.1967516501
1.7045313428
2.3891472675
2.7048733493
4.9142712703
2.3406056094
2.6428908260
1.9428313818
4.3954394161
4.6616373239
3.7362480008
0.6167962282
0.3673615870
3.9877844991
0.7333702496
3.0626403540
2.9011480768
1.2785046640
4.5648138091
1.3673923644
0.5550780468
2.1460229521
1.0890914275
1.9550499689
4.9861372103
0.8496168065
1.3386489283
4.6424288712
3.7724840322
4.2793921625
4.3590831834
4.7835494861
3.4430194931
1.7371189432
4.9481117048
3.1708413703
2.0637701690
3.9800227122
0.7707755307
2.8082569284
3.7047514360
0.7465459359
3.9229266923
3.7271453871
4.3039898487
4.5819730764
1.3926646173
3.0329842752
4.7842089677
4.7430602250
1.8386126599
4.0929627745
0.2672039364
3.8166487640
3.1774618685
4.5847483711
0.2041547480
4.2355251644
4.1168744161
4.2999593077
4.6081892089
3.4289920659
3.6525791371
0.5469494764
4.0776619106
0.9848407847
0.7923766580
2.5321536543
1.2522478729
1.0183889434
3.1999969778
3.6637284438
2.8945667440
2.3033205493
0.8466383734
2.6524719894
4.1612883327
0.4942161521
0.0990084794
0.0605525714
0.3712806331
3.6034892298
0.3943566323
1.4365865828
4.8242301830
2.4431782603
0.8930263979
2.8848692428
0.9292993951
2.9275335910
1.3482889190
4.2464907541
0.1059192196
1.3940607819
1.1855866467
2.5607055279
1.9820059599
1.6427391368
4.1858934676
3.0569266476
1.2811210715
3.4352522078
4.6708765147
2.1723809816
1.2298701509
4.2235977313
3.0942473760
0.4596963472
1.1787948686
4.8913642801
1.0605612920
0.3450399377
2.5909071416
2.0578724732
4.0793325858
2.5140509099
1.3667311765
0.7975064195
1.5813782986
4.8734986619
3.2262639713
1.5117577613
1.5916001306
2.0857659610
0.2177712364
0.7232467742
3.8869126226
3.2659417839
4.3600613174
0.0683740546
1.8417933622
2.6231765557
0.5162073656
4.0930189249
1.5521641867
1.3152914994
0.2381255340
1.2141883902
1.2593311836
0.1553580755
1.9865971840
2.5257098419
1.8009610743
2.7886120869
2.6220037797
3.8895532870
1.4801226244
3.6658039881
4.7571071452
2.8733912514
3.7539693607
2.3337013530
2.6726628677
0.7424082237
2.8415044091
0.8943653652
4.3056336621
1.5776331317
3.2789950042
4.7420596795
2.9425302883
1.1282894440
1.6090634833
3.0508811110
1.8793329334
3.6815646248
4.4754686680
1.7787164078
4.4650436603
4.7851454027
2.0634267699
2.8858419220
1.7268233834
3.3368242052
1.9314496533
2.8919323608
2.6076326863
0.3780567296
3.1346707462
1.0565950543
2.7372074462
1.9267675176
2.1541804382
3.2495863623
0.4370654945
4.6568111521
0.4878237403
0.7520110451
2.2411922346
4.9907778527
1.9941686291
1.7140926788
4.8353490663
2.7983853758
3.8350041612
0.0941975903
3.7969714465
4.9792507939
1.4579684437
2.5639853692
3.4998812577
3.6167374903
0.7780581860
0.9227598471
3.7571636761
3.4948011316
3.0362791572
2.9978445920
0.2633097376
4.7139150254
2.6701307446
1.1852704921
3.2929851070
4.0824667030
4.5616732553
3.7150289805
1.8765609783
2.3193353478
4.8254239503
1.3070269261
3.3379673798
4.8201603771
2.6542123524
2.1577172604
1.5127602439
3.5181966501
2.9034674399
2.5938370824
4.6059142359
3.9303479702
4.0134042416
2.3200513462
2.7702713379
4.8053293468
4.4475453986
2.9334893546
3.4364233555
1.3849064354
2.1713997601
1.3827122147
2.8798426819
0.4173992538
4.3664953584
1.8047262249
1.7261826162
0.0073432355
2.8350234636
1.8150489171
0.1538541090
1.6942254911
0.6149141686
2.8769552351
0.6153828153
0.8900343702
1.6131774159
3.0019201545
3.4549165712
4.7990776108
1.4488768529
3.2895950058
2.9159717079
0.0388650896
3.7513527135
3.8986969012
0.6065847686
3.4881680150
3.4125943782
4.0368680711
3.4921070269
1.0336338912
1.4764286761
2.6954136263
3.2207005241
1.2611572893
4.6460066721
0.7520163582
4.9330489643
2.1498069576
0.6926349481
0.9798447243
2.3738925375
3.1473416438
1.1941275407
3.5843292059
2.8948654041
0.8256867557
0.0634970668
3.4293218288
2.9300159667
1.5862932102
4.7460284484
3.7930378762
1.4297060103
3.5787850810
1.9647813669
4.6323967445
4.0758230956
3.3470755134
3.6346684364
3.1440445764
3.4700340865
0.4761673925
1.3999004031
2.2439937987
4.8139141608
0.1967579907
4.9883477664
0.1886180721
0.3900879352
0.0457618464
0.7319353844
0.3114844705
0.7400252226
0.0768050008
4.6403831914
0.0276020343
2.2279762575
3.0791029990
0.0053774273
3.2741562246
2.4209677764
2.8750163233
2.7756730647
1.2203463239
1.7191949481
2.1207067126
4.7058847470
4.8348365337
1.0850426151
0.4910477138
2.3211408141
0.0844854834
0.7659854498
2.5652493600
0.0377982173
1.6299721397
4.1385082649
4.7851416403
3.7716156186
3.7508527642
2.3468376469
1.1909509849
3.1868530449
4.3832526644
1.2296921286
4.1725498922
4.4835294374
3.9872320831
4.1565730896
3.6460386403
2.5794696136
4.0179067438
1.1965902836
0.0802313124
2.4658798556
3.9853143616
2.4598271502
3.8748926872
0.8502018678
2.0240879219
1.2543096961
3.2177594676
4.3512285195
0.0171387685
0.7393815298
0.7214553992
1.0853669171
3.2303066040
2.2054644204
1.6309766337
4.5390752527
4.1104634419
2.7256813427
4.9797077820
3.9235748558
0.0116534286
2.2896451721
2.8047820351
2.4697682503
2.6669243371
3.3050038199
3.9744970778
1.2628231049
4.8825984845
2.5273394692
0.6605438412
2.6091810657
4.2525049021
3.6211284844
0.3507239879
0.6490148942
3.3684398573
3.0591873524
0.1539759832
2.0027074158
2.6267533514
3.4089914659
2.1248752093
2.9022068173
1.0270140550
3.0332155070
2.3209224192
3.1916951404
3.4453483650
4.2286894320
2.2101134441
4.1745857035
2.5010699237
1.0507004198
1.0413430357
0.8762609692
4.9700281083
1.8043314273
2.5646136012
2.4281203628
1.5217467281
4.0455690206
4.4958969396
3.9554980561
4.5505615255
4.1146197244
0.8325604740
2.2700290734
3.8548861314
4.7427530653
4.2748704526
0.4794085591
3.6053549251
4.2306736025
0.8481997410
1.1906489935
0.2844468757
1.5176713351
3.3657986870
1.6064638510
4.3204509383
3.1514927814
2.6555606950
4.5109889914
3.8610800220
4.5620215355
0.7939811414
1.8765152642
1.3110909911
3.0485900534
2.7599456742
0.7661927001
4.8089616747
3.7503215924
0.5191933184
1.9808485795
1.0456764970
0.3987054652
1.1720077267
3.8263339165
2.6802691781
1.4971478555
0.3022479287
1.7394957863
0.9188780365
1.4571472170
3.4312146048
2.7874117758
3.5742258305
3.1967755308
2.6466608090
0.1804879518
3.4788058544
4.4041872558
3.2027237469
0.5531084464
0.4964282311
3.5449344774
4.5935282422
1.4565533488
4.4625690670
3.2830723562
4.2301694685
2.0718174003
2.2242094304
4.1566513155
1.1018239328
4.8318353055
0.9752150345
3.5405942893
4.3965901446
3.3936456303
0.3650801223
1.4146566053
2.9816754520
4.1245245532
3.3589544157
2.5797954987
4.3966997292
3.0685384932
0.6478291758
3.4095936698
4.8647815280
1.8008711588
1.0427414859
1.2392695095
4.0559345213
2.9193711755
2.8696538682
1.1662734452
1.4939831232
0.3818614428
3.9366933600
3.5246481136
0.6451826467
0.8927960865
4.3377292429
2.0894775570
1.6931027980
3.9459155964
1.7414958261
2.2352501828
0.6348302895
4.5158307989
4.0899150793
2.7083196313
3.7385184277
0.2892820222
3.8798575566
2.3524997773
4.2077352689
4.4676164676
4.6568380223
3.3499326631
3.4955388973
4.7403747367
2.6252385282
2.1866040268
0.5079651194
3.9134719727
4.6363754835
4.3312580776
2.6055009665
4.7151204854
1.4024925415
4.3141140767
1.0406133952
0.5423143407
3.8916069881
1.6219699303
3.2136080529
4.8474525321
4.1657277977
4.2813752013
3.8577344823
4.6987113153
3.7545877028
4.7020755062
3.2128832524
0.9324083999
0.2206035471
4.8975050014
2.1664137632
3.6072772584
2.2208379453
0.5144913913
1.7462104701
1.9788591498
1.8514448921
2.6954214135
2.7772165430
3.4498188756
3.7532315343
4.9959018997
3.7562891027
3.3847180981
4.6379718856
0.8005750735
2.3747357079
2.9745825727
4.9790049064
2.6584645544
4.7024292746
0.6195471860
2.4021031307
4.0144233859
2.9366846484
4.3921505630
1.2598979845
0.0904351313
2.1734661916
1.8277995257
0.3122081487
2.3933164667
1.7539585437
4.5439781558
4.8429768469
1.0455425893
0.0176737388
4.4505069617
0.7903468464
3.9833479377
1.4113136651
1.7172599715
3.0584773086
3.9989520196
2.7834090134
0.3040417974
2.5174484739
0.6578563625
