1.8101153736
3.9104323827
3.8637556079
2.8835876477
2.4837218127
2.8903412865
0.7965062857
2.0167123284
3.6156221246
1.7433230279
0.2056252096
2.2864251281
2.5891133178
3.8764341436
0.8267472246
1.0925045171
3.7421736096
2.9986681795
4.8976622420
0.7232997104
2.1505403452
4.3237975440
3.6449535484
4.5835652318
1.8371615322
0.4506601315
3.9000723830
1.7813600129
2.5230553335
0.8691798728
4.9113697148
4.7646116604
4.6978541988
3.0428098138
1.9594424813
1.0924663300
4.1171410375
4.4133690660
4.7170176726
3.8550610358
1.5868929931
1.6704188366
0.5943451111
0.0586885043
2.7223480441
4.5105205240
2.2651751533
0.0154201732
0.0594398900
0.4961983927
4.6309623909
0.4141809420
1.6322714361
2.7025734116
1.1216873142
2.0042251261
2.7312057446
3.6319512778
1.1859763806
4.3452670475
0.7349596250
3.4817692608
2.3420035780
2.7276171409
0.5191281555
0.6959911016
3.2605749343
3.4501356654
4.2260124295
2.8191696045
2.0650580777
1.1763364048
0.0202567635
4.8389805729
1.6572734488
1.0353724301
3.6260395441
4.3582021818
0.2275886767
1.6638603934
1.8594429105
3.3201285581
3.7603545081
1.1186192353
2.3398146028
2.4396480701
2.8972160990
3.8546089383
3.0327196435
3.6111934208
0.8310789903
4.0349753498
2.0813741047
4.0981149073
2.3485812626
1.8025834441
4.5007971131
2.3074979664
1.8604237626
2.7293240169
0.1074745324
4.0499241854
1.4140654766
0.1085030008
0.5458874785
4.8331691254
1.6949526537
0.6575886880
4.3512350556
2.4784734048
1.8290947222
0.3474454484
3.6951124917
1.0420733230
4.1055289571
1.7169933526
1.2284572738
0.1155166926
0.2617557994
1.1191967608
3.3350359982
0.3364262951
1.7039292779
4.7787217415
3.1010275179
3.7154403030
0.4674286870
0.4299574328
2.4944026524
4.8518139225
4.1290201011
0.2059404898
4.1249712890
2.5244922255
0.5413660230
4.6267498635
0.6559532089
0.5903684681
3.7220100202
3.2059716607
4.4851434772
2.7580579440
0.5556271765
3.7748160421
0.8732258146
4.1231024148
3.9893921296
3.9874703423
3.8242020668
2.4164571996
2.9615009436
4.1934901569
1.9145417869
1.6279099133
0.5125426424
2.4717833447
0.0104270930
2.9933694231
1.0145274648
4.8474760569
0.6339134264
2.5815036627
1.6045433643
0.7422353322
4.2571106835
2.7608783154
4.1364565191
0.4281548128
1.2774004772
2.3815628576
1.9376472088
4.5059090440
3.0056580740
3.3512588678
3.5669559193
0.2534929309
1.9734809074
1.5396256505
1.5689075099
0.5895565646
0.9152035557
2.2980129247
1.8776102879
3.5653170924
4.2272907452
3.8557673880
0.2768434432
0.8945989196
2.7634593704
4.0472922049
0.9217270625
3.4091665969
3.8411267721
2.1628636933
2.8886154351
4.2957415849
0.0566796342
0.7057305107
4.5756931362
3.0446300061
1.3173949321
2.8112452805
0.3250359971
1.6835538097
0.6710354321
1.4518396652
0.1911021062
0.7530177931
1.4652263812
4.0538091969
3.4198429895
0.7234299665
1.9033612890
1.1055065309
1.0215986617
0.9844181178
0.6282721652
3.8871590040
2.1800138770
0.9316714528
3.8961472835
3.8237612772
1.0143632082
2.0176281585
0.6787265718
4.7061042189
2.0455011047
1.3539979825
1.5198151363
2.2708698733
3.2633863858
2.6941487445
1.6814182713
0.3368571506
0.8796202825
2.4726174184
3.4447306643
0.8969365990
4.1101597022
3.3313753477
4.9218474171
0.6285230800
0.8754244315
0.9650536075
2.3160690565
4.1515851764
1.3471350635
3.6203137993
4.8133359443
4.8029875409
3.2987491047
0.5912519946
4.6565634879
1.5579199382
2.2302825495
3.1695944163
2.0509973642
2.1900622768
1.0052147616
4.7950531032
3.3653316539
1.5768512619
0.0393023401
3.3702535299
1.2640214164
2.8077592561
3.9663243338
1.5719442824
4.4553888647
0.1030023101
1.7375232645
2.4246967238
4.3328080018
0.4868199447
1.6188954849
3.7770704347
2.9781204075
2.2507969309
3.8782470066
3.7084534007
0.4837738838
2.8841348449
2.7124186284
3.3258047475
0.9198999425
2.8129613844
4.2802735617
1.1147776085
1.2521947057
0.7814461222
3.4705333315
0.6737507695
2.2242047632
1.4035553734
3.1525701024
3.6698453709
2.4122339359
3.5237339569
3.3056672933
1.5538674788
1.9919928138
2.8337806701
4.2865219761
0.5002440796
1.0133494144
3.3159450652
4.0299836494
1.1954793085
3.3437704181
1.7111984413
4.6539311150
1.1846448151
3.7335572381
3.3672296515
3.4911339185
2.1532534038
1.3886937385
2.6016191888
4.2499037061
0.6279937806
2.8625717822
3.5486108629
2.8279154666
0.4337966986
4.2392110448
3.3478120339
2.3019955284
1.8592543403
3.3616297195
2.3130186322
3.0887839284
0.8233457119
1.0341669340
4.3003128857
1.0304599288
4.5726764713
3.6118449626
0.1158776040
1.7852725894
1.1920922779
1.4889537088
0.2829938479
3.9891699686
1.8077657464
3.6592305133
2.4699466575
3.0627222904
2.0790087334
0.5782091805
0.0896890298
2.6427628383
1.8945692797
2.9920622697
0.0698653438
1.5623269847
2.0456064025
0.5747242261
0.1880547395
2.2427811965
2.6785913812
0.1450489019
4.1298703770
4.7213516343
1.1278815267
0.8176374942
0.0929748515
1.2540626563
0.0835969731
3.7148109690
2.1924031221
1.2124806987
4.2127731057
3.2636587124
1.5642049505
2.5523551993
3.2707561409
3.6924615158
3.1858368433
4.4586070315
3.3187774219
4.0869761157
2.3815816692
4.3651128660
4.0090284988
3.3716194464
0.4363102818
4.6759725594
2.5699343387
3.3366675743
2.9560064474
4.4596526286
3.3843813638
0.4739760362
2.6716619501
0.6964236850
2.1182207714
0.9348490652
0.4455457538
2.3963299178
4.6443810451
1.5495740073
0.7947173386
3.8986459152
2.3914570441
3.1044581910
0.3633726241
1.7591168367
1.7998918693
1.1552476517
2.3486890454
0.9385937783
2.8221521582
3.6524845144
4.8879071813
2.1519436579
4.5870628705
1.7922115533
1.1492076508
4.6109336586
4.6472843105
4.4026225385
0.2153966171
4.4063907607
1.5304773918
2.0925745184
1.5155089712
3.0961687361
0.4598333104
3.4707372245
2.3313079243
1.8847947306
4.1422861536
4.2845943889
4.8975611406
2.0522167847
3.9399518601
4.0071960040
1.5192894852
0.9825589036
1.7423396580
2.5377784751
1.4664227783
1.4945631433
1.5969829729
4.4920353004
0.7750904310
4.9344352012
2.9907811116
1.3914734062
0.4118813159
0.1757127350
4.4131011173
4.6620936427
2.0477095012
1.8117706638
1.9872563597
3.1043772607
0.2744283677
4.2225165762
0.9951749870
3.6736575117
1.8911779433
0.1611886538
3.7098426394
4.4274458991
4.6278868428
4.1190497762
0.2135201106
4.1598301255
4.6777638078
4.0799012617
0.6419932707
1.9989544872
3.8245123070
4.7330695918
0.3345298257
2.4287474302
1.9970178024
3.6488260101
4.6672407170
1.2880142565
0.3161489188
1.9756836646
3.3387434552
1.1669296281
1.2449636864
1.5519065145
0.6990957586
1.7716336154
3.2730280727
1.8567101291
2.4567308369
1.6614706333
4.6938689934
2.3985133215
1.0575258374
0.8204517834
2.8360556974
3.1523128454
2.9522426684
2.7354319120
2.5254146892
2.7355277077
2.3035909404
0.5895621851
0.3589419691
3.6368465691
0.8353964434
3.3027212241
4.4087151775
1.9866877841
4.1002607038
1.0633819027
3.4232850123
1.8474484368
1.4982380670
4.6919008460
4.2095228846
2.5890028157
2.6801317334
3.2873125490
3.2427279718
1.6477637058
0.2308395502
2.6627839179
1.3280844629
1.4095182257
4.6697094457
4.7339769838
2.3115666539
0.4362952500
4.1981634967
2.3453416200
4.9804984662
4.1204403184
0.3451140505
3.6981053606
1.7986927475
3.7052178772
0.7362454080
2.1673579453
4.4620571643
4.5866063160
3.8755156057
1.5916830520
1.2395154450
3.7971000937
4.7608151431
0.2054328998
4.0609379742
2.4765118672
1.7482983894
1.0197620658
2.5365121001
4.1298275062
3.6722991850
3.2933490212
0.8267427995
4.2465847495
4.3639001446
3.5573766252
1.1433163686
1.8641236138
1.3882156754
0.6524801733
1.8407663812
0.3681200470
4.7384670670
4.2192926489
4.5777600919
1.9734153020
4.0372944944
4.7708356308
4.9835075759
0.1672686504
2.3589107169
4.7168599311
2.0860429959
3.9423919191
3.4092249715
2.7504965381
3.4498202905
4.9306974868
4.4976483485
4.7300248818
4.3632120904
3.8684583713
0.4697541300
1.3676158814
4.4232336136
4.9930164508
1.7132534656
4.5876007517
3.7243904648
4.5693842409
0.1229286758
3.6448171809
1.3883534979
2.3667935682
3.8384387199
3.9451813277
3.0167029918
4.4108024901
4.9305942582
3.8227411710
2.5338911585
2.1019564914
2.4882385862
4.2776231480
0.8636042598
1.9588128788
4.6838358383
1.2356537973
4.5787461671
2.9686049805
1.0089545565
3.2618103484
1.5413218694
3.2357967851
0.5618633174
1.7454429236
2.1397050319
1.2457355948
2.8323709109
1.4154553130
4.9013860421
1.3116516807
2.1109168864
3.0689952045
2.4516988676
0.3681063745
4.3999444347
0.6789773658
0.2737242984
4.1980050757
2.4290868739
2.5458586400
3.8501965702
3.9344458613
4.1781167615
0.9800408032
3.2115577812
1.5295693092
1.7525131782
2.6362603938
3.9301927269
0.1124373634
4.7985933392
4.2041226266
0.2723436058
3.3146501263
2.1042496858
0.7139635157
4.7073823011
1.7893859378
1.0263783225
0.4095194005
4.7682654364
0.1159235419
0.7891493882
0.5241102758
2.4244969451
3.9122021215
2.0835500142
3.5714917220
0.5652822969
3.3829470578
3.2964462227
3.0131138754
3.8694106094
2.3363130086
2.8382067835
3.6177838508
1.5615034399
2.2994728575
1.6062799748
4.1058243666
4.2015049233
2.1603378305
4.5057087093
3.0265451103
1.4336649070
4.4314821706
1.9872308933
1.4046086729
3.3189176409
2.9618417600
1.8032855011
4.7977187339
1.6047412298
1.6659615571
2.1190009800
0.7156486647
3.7416802548
3.5692082237
4.9492765701
4.1802528940
0.1562335289
0.4157934268
0.7776992300
1.7696753087
2.8343836935
0.0056465663
1.5047144302
4.1400277102
0.5854330851
0.8327346705
4.3807584109
0.4975209704
0.9468938306
2.0235784773
4.8176579230
4.1871811005
1.8909672667
3.8183088427
3.4043312800
2.7452860129
4.7127713481
1.2111231492
2.7496270752
3.8465553975
0.4591925101
1.9515388974
3.0580844537
1.3695798961
1.3124333065
1.9971277003
2.4386867048
0.7512757170
4.6195068645
1.0627990418
1.6306284539
0.2402110452
4.9817265870
1.0071659598
4.0851712106
4.0670101269
4.5384124207
3.0746658344
1.6033927691
4.7958638177
1.4264661856
0.1301552707
4.1337382867
1.7132507290
3.3301657619
2.9035002177
2.9715750812
4.4477149611
4.0896241500
