4.8884118
3.9191556
4.5812648
4.3455083
3.9883233
3.909787
4.1712154
3.5239776
3.5170412
4.2086349
3.7723614
3.8135279
1.7964571
3.7022772
4.2274335
3.8001695
4.5743776
4.6074401
4.7160656
3.9097002
4.5410601
4.1020603
3.8234187
3.4149501
4.1313656
4.2462969
1.9263833
4.2245966
3.989976
4.0948865
3.2825401
3.874337
4.5157757
4.3261663
3.6363088
4.6443148
4.4243172
3.7806685
4.3076493
3.3568824
3.453162
3.664782
3.8876571
4.4004699
3.7597461
4.1448826
4.2964956
4.7965678
3.0400388
2.9736988
3.017075
2.4776019
2.8976222
4.4294825
3.9501817
4.531216
3.9523278
3.1270129
4.2502799
3.950513
4.1651159
3.2598153
3.788832
3.9382645
3.0883816
4.6167211
3.3781675
4.7350096
2.5000078
2.3955707
3.24215
3.939426
3.7390742
3.5717205
3.5912365
2.345843
3.4578016
3.5261684
4.3946423
2.9547188
2.8524894
3.1586941
3.1440778
3.7423782
4.0634661
4.4301119
3.7850276
2.2458214
2.395888
4.3980405
4.3323095
3.7107091
3.534747
3.8273975
3.6135334
3.3480269
3.32534
3.2504753
3.5148347
3.9599451
4.5713446
3.5427865
4.1871125
2.1287849
2.2071862
3.4518423
3.476333
3.5609091
2.8744478
3.3458113
3.080486
2.7696975
3.8498043
4.003229
4.0021083
3.6334733
4.2503191
4.1970637
3.1993336
3.3906897
3.9564828
3.0369571
2.9493404
2.6990587
3.6838427
3.6889162
3.3473344
3.3532638
3.6221742
4.144326
3.8450613
4.2351595
4.1024731
4.2942233
3.924629
1.9199789
2.3256758
3.7164009
2.3446996
2.1764477
2.9436246
3.8030625
2.8961969
3.083355
3.1433027
2.9335791
2.9942307
3.9202072
2.9665438
4.3019294
1.4152038
3.413137
3.2578292
3.6412926
3.8776803
3.3290528
4.3010745
4.4016902
3.6184
3.7282773
3.7013266
3.72421
2.8435477
3.9308684
2.1964342
2.817647
4.124066
4.1514316
3.122011
2.4178111
4.1156028
1.9380087
2.6191447
2.4056837
2.8173597
2.7228303
2.9901419
1.4302102
1.9162072
3.2963714
3.335774
1.8491072
3.0115951
4.5154771
3.5515204
4.009226
4.0899997
4.0707765
2.7964946
3.2618164
3.7615171
1.67485
4.3532587
1.9032371
3.6917459
3.4868802
3.5338985
2.268265
3.5455291
4.2980307
3.2693135
1.6910324
3.7539001
3.4348737
3.5631335
1.4628272
3.8700935
3.4012717
1.2189708
3.9645994
3.4093326
3.8663024
3.4525974
3.4057144
2.7142377
4.2336271
3.8492097
3.892554
3.9233946
3.8872928
3.6151685
4.2555284
3.2630516
3.7855534
3.8071805
3.4539008
4.160257
2.7659704
3.3552076
1.4747092
1.4470112
3.4092702
3.3948939
3.9848073
3.9863207
3.1692508
2.9440438
2.9081117
0.9086241
3.1036281
3.8020664
3.255674
3.168451
3.371746
1.2218317
1.0031335
1.4696018
2.5998521
1.7471925
2.2129537
3.4347297
3.4163945
3.0586358
3.9908181
3.0129179
3.8071351
3.9761695
1.9675496
1.5795162
1.8987672
2.8000212
2.6573487
3.2683565
3.4899344
1.4712547
1.3890411
3.6674861
3.3358845
3.7882473
3.3080344
2.8521518
3.5434574
3.5178849
3.4429868
2.9862576
3.0380136
3.8604136
1.6855479
3.9351658
3.2567981
1.6163746
1.6224245
3.8410959
3.0592684
3.7422563
4.3333319
3.3172524
3.3777196
3.8714652
3.0169235
3.4494083
3.7622984
3.3180002
3.7346019
1.4035134
1.7577893
1.3042275
3.8059271
3.6263278
3.007405
2.5201251
3.2685103
2.8638311
3.8733782
2.8595434
3.4727686
3.7972141
2.0347564
1.7377909
1.6114232
1.8113844
3.2314674
3.0628792
2.2581062
1.7404822
4.153425
1.9657365
1.6667004
3.537978
2.9866042
3.1469481
3.7450549
1.5196944
2.2153567
2.3874937
1.8988948
2.2056264
3.9452996
1.6072511
2.16876
1.6914798
1.3144563
3.1894054
1.7463235
1.4700193
0.64484513
1.2945215
1.0488795
2.8504222
3.210792
1.1722581
1.990784
0.83369071
3.6269969
1.892952
1.4084717
1.3112171
4.0113513
3.4029124
1.3058868
2.2009786
1.1716679
1.8537714
3.7734791
2.4882783
3.069601
1.6288987
4.0348621
3.6074266
2.9014249
2.7869939
2.5133459
1.9484893
3.2021953
2.9479137
3.6964375
3.7931939
3.7748219
3.8823119
3.9353468
4.1495974
3.9632085
2.7693352
1.9697909
1.495681
2.6173105
2.3768891
3.437485
1.9701492
3.0582557
3.0457562
3.3136794
2.5763563
1.8632502
3.54238
3.0132407
1.9210193
1.1116219
2.8647544
2.4886654
2.0340539
1.5332293
3.7303032
3.1887063
1.976332
3.1650282
1.9809876
3.8876755
2.840545
3.6693095
2.9769253
3.4911291
3.5663017
3.1648117
2.9743021
2.3609426
2.9290013
2.3550884
1.4674946
2.1857527
2.456818
2.4516561
1.5411869
1.7262826
3.1202939
1.9865575
3.1888197
3.4445645
1.7540044
3.5842013
3.6744746
2.5699378
0.97373761
2.0301886
3.3823286
0.85265507
3.4334837
2.9328703
3.733079
3.3668013
3.7064449
2.4634113
3.0726256
3.9818734
2.5711057
3.0449544
3.0333203
2.6064328
1.9181956
1.4002819
1.7588711
2.9921578
2.3917643
1.4018727
3.4200808
3.1044024
3.9203153
3.5550554
3.3121833
3.5103137
3.0552384
3.24143
3.8330881
2.9935692
2.9062314
2.8456777
2.2473779
2.4288239
3.9997409
2.4175951
2.6080738
1.9782997
3.0401559
3.3994088
1.925345
2.8164729
3.4050194
3.1988942
1.8946013
2.8717676
2.0221966
3.7521134
3.3224512
1.6779176
1.8819679
2.119021
3.9156171
2.4162514
3.1011998
3.1416589
3.2956233
3.2988016
2.5991109
1.1402046
1.6185344
2.8399723
3.1232741
2.1981977
3.5857299
3.2980729
1.4857768
3.2061348
3.3805543
2.0578651
2.7633543
2.067255
2.2502034
1.8771055
1.6359943
1.9234663
1.5160539
1.297244
2.0869779
3.7614003
3.0235242
2.940058
3.0748005
3.2160626
3.340141
3.5430826
3.1881544
3.3259224
2.0200021
1.4798675
3.0220455
2.3623359
2.3554624
2.0276508
3.4516119
3.876577
3.5343078
1.9875085
3.2791557
3.1636504
1.7161521
2.1702559
1.8649329
2.3408576
1.7135136
2.6833959
3.225389
3.1355848
3.5015958
2.8159904
2.1851247
2.016333
2.5502596
2.2473276
1.7916114
2.3900208
3.3196675
2.9713564
3.0672314
3.2683533
2.7868226
3.0423539
1.4998336
1.3969808
2.6675314
3.9846205
1.7988269
2.5644029
2.7899675
3.6242837
3.5376855
2.775401
3.1817852
3.2140709
1.904547
1.8515933
1.2746196
3.0718452
2.3460451
2.9132302
1.2030305
3.2108076
3.7667693
2.1946233
1.9452202
3.9117601
3.3751621
3.4514895
2.6708683
3.4328296
2.4318524
2.5305796
3.4705601
3.6769854
3.5136963
3.3709794
3.1513516
3.0242798
2.9905245
3.0237658
2.4916779
2.8238248
2.382908
2.1866405
1.9646493
2.7847744
2.2566753
1.5922458
3.998648
3.7279351
2.5503968
3.3270444
1.4106217
1.262583
2.8399162
3.2774603
3.3895962
3.4925547
2.9296763
2.9469944
2.325113
2.8837687
3.3884052
3.0741499
3.0968557
2.9457251
2.1084412
2.5788323
1.6318148
1.183963
2.7993517
2.6989234
3.5389156
3.2664103
2.7736928
3.3951186
3.0183281
3.0561674
3.2112649
2.8868098
3.5542253
2.2813191
1.9411849
2.1623221
3.0885391
2.5281084
3.2618876
3.3365608
3.2117657
3.0348709
2.6189962
2.7132161
1.7585782
3.062051
2.1949931
1.6762561
2.6460877
3.530445
3.4938957
2.6150205
1.8023394
2.2982309
1.9450603
2.6300926
3.4021547
2.9220149
3.0240641
1.402819
2.4867685
1.4752613
3.4112381
2.2463774
2.6588496
1.4741031
2.6363316
2.2254241
2.5070351
3.0409815
2.7469778
2.5178263
3.1226395
2.4573627
3.084029
2.9270176
3.17925
2.6802353
2.8208859
2.3874939
3.1698448
3.560207
3.1019152
3.0542769
2.8280731
3.4212476
2.6053367
2.4678989
2.8242093
1.81562
1.6120273
3.2305117
2.1709068
2.2192538
1.0861538
3.3346725
1.6957837
2.2133725
2.6545868
2.5243662
2.8316208
1.7619823
2.5964165
3.032873
1.7810822
2.5679675
3.3258853
3.0359182
2.1535516
2.9099039
1.4634958
1.8118865
2.3368336
1.8508541
1.8215583
2.802317
2.9215281
2.4486583
3.3440531
2.3576774
2.1070764
3.5307918
3.6505402
2.5856076
3.0807989
2.9197
2.9237249
3.4001482
3.1672997
2.7079198
3.265853
2.0280117
2.3031352
1.8215539
2.5909119
3.2226593
2.9117993
2.0248615
2.7515891
1.4634089
2.9378781
2.5299687
2.3611416
3.1698323
3.1193114
2.6533524
3.0617852
1.7207594
2.1956861
2.8723161
2.302046
1.8116582
1.626664
1.544073
2.3151732
1.9018716
2.0297799
1.6056278
