4.2064292
3.0260903
3.7483776
2.7710518
3.9374834
3.6048601
3.5221533
3.4802269
3.1510391
3.3911453
2.8751665
2.8550612
2.6553253
3.0649504
4.080616
3.9582154
3.0990844
3.5055991
2.2171014
3.9484522
3.3880265
3.4120863
4.1771404
3.9889934
3.5503892
4.1677425
3.627172
2.7091511
4.2007266
4.4604152
3.9336959
3.8783709
4.370497
3.7630949
2.6225612
3.6459034
4.0711873
4.2446323
2.9738297
3.6476221
4.1007257
3.0655711
4.2731288
4.0155461
3.4894453
3.8503375
2.4963514
2.4961917
3.882929
3.8979496
4.1582698
4.4883448
3.1519246
3.1585148
4.1006274
3.9477081
3.9499282
3.9960935
3.7092552
3.597957
1.9362551
2.4184752
3.0544778
4.245019
3.4556825
3.7528607
3.3158778
4.2361407
4.0182577
4.2803318
3.2952809
3.8207388
3.4920196
4.2264338
3.734136
3.64419
4.2342813
3.9025854
3.7066042
3.5677562
3.6165366
4.1485228
4.6698892
3.8216114
4.7278091
2.8307791
4.0857237
3.9390178
3.8799705
3.8488534
3.5592958
2.4771435
4.5364296
4.4375982
4.0577807
3.5724295
4.2807111
2.7112928
3.7498948
2.957908
3.2483084
4.1654975
3.3477343
3.027377
3.5893376
3.9607106
3.9288663
4.0704133
4.3301783
3.7846231
4.2829407
4.0107376
4.4904273
2.5038225
3.5200602
3.8208299
3.9878344
4.0018251
3.4594693
3.2608106
3.8515332
3.7505081
2.8462217
2.4851425
3.1281406
3.7610809
4.2471612
3.1652956
2.9519412
4.0295697
4.140247
3.9215778
4.0671362
3.8868253
3.5705214
2.9205536
1.8224664
3.7712495
3.6222236
3.7455485
3.7385853
4.0744671
3.3671517
3.5487844
3.3604985
3.035093
3.3771877
4.2274079
4.3812209
3.8096158
3.5290145
3.6413609
3.9619726
4.0087722
3.94582
4.2455806
4.2848097
3.9483837
4.0932976
3.7133704
3.0453886
3.5236414
4.0285213
4.6754624
4.6624105
3.8303364
3.6205083
3.6045541
3.2044549
3.711357
3.5729822
3.6412232
3.9727455
4.0248353
3.3601443
3.0625828
2.8686773
4.2145614
3.9775535
3.8715061
3.6641499
4.1333846
3.2042287
3.4588892
3.6730298
4.1060001
3.6438012
2.8790354
3.5955677
3.8148291
3.7020597
4.2117271
3.7863517
3.5077985
3.4797637
4.2488508
3.7234932
3.6009007
3.5131021
3.7283751
4.4448655
3.0819252
3.790456
3.9302409
3.9574425
3.9513609
3.6782467
4.5777839
3.9196346
3.0275276
4.051473
3.3588421
3.7206747
3.7792595
4.0683433
3.0080071
4.0523081
3.2998533
4.3467948
2.5702446
4.2593908
3.6727107
3.3453145
3.8119169
3.2546185
4.053289
4.2825167
4.570347
4.6104517
3.1020042
3.7998172
4.0367431
3.8054052
2.5918522
4.378255
4.1358309
3.7211186
3.6765724
4.142144
3.9761599
3.9684898
3.5732066
3.8840659
4.5027621
2.8836366
3.6915097
4.0172704
3.3978363
3.7962559
3.8766418
4.1467655
5.0249982
3.6664441
3.5758418
3.4847153
3.6300558
2.8517609
3.863396
3.7860908
3.0914381
3.6401964
2.399727
4.0340076
2.8149584
3.9963885
4.106106
3.6752069
3.7483844
4.6535571
3.7655971
2.6691838
3.6493237
3.6988034
4.2940749
3.937481
4.225924
3.1252663
3.6876752
2.901009
4.0904292
3.9572926
3.9959042
3.6891996
3.9987788
3.8303101
3.7886687
3.7539332
3.18719
2.8377409
3.5349367
3.9322269
4.3084271
3.9310893
4.3264252
3.6024197
3.8784204
3.074853
4.0026375
2.9702453
3.5349424
3.5485341
3.3156601
3.7640868
3.5186358
2.8901827
3.2688024
3.9427465
3.5189059
3.3616176
4.1186016
3.8569925
4.0440734
3.9575335
3.8847526
3.939514
3.9159484
2.9837277
3.9408759
4.2809069
3.7788751
3.6942328
3.4750597
4.1771147
3.0078326
3.8500199
3.8587896
4.5952299
4.4086865
3.4695352
3.6570201
3.0598419
4.1734765
3.475762
3.56797
3.6881345
3.8064128
4.0394833
4.2243935
3.9615854
4.0330998
3.7059506
3.9335153
4.1919199
3.5797489
2.8435073
3.6215641
3.9357226
2.6952317
2.9605439
4.7745393
3.3480359
4.3556481
3.5665873
4.2620323
3.9690443
3.6809626
3.7482761
3.5368022
3.5310312
3.7168361
4.2512105
3.2544356
3.9862995
3.7716839
3.9606509
3.978248
3.7767755
3.4592128
4.3882646
3.7370367
3.5510876
3.3000052
3.6223838
4.3901445
3.3255259
3.5489038
3.4614274
3.5174365
2.4599574
3.4503275
3.9526984
3.3550859
2.6137629
3.9704042
3.7229871
3.131111
4.1388147
3.4112295
4.1765121
3.4679107
3.2316887
4.4739172
3.395138
3.7934479
3.8138854
3.0276143
2.3648753
2.7002707
3.8248198
