3.6302014
4.2682323
3.6529266
3.3610072
4.4472625
3.4643848
3.4339384
4.4501869
3.2748411
3.5990401
3.3102732
3.5208477
4.0767207
3.5690209
3.1016612
3.4674986
3.4974891
3.5726615
3.6286133
3.8125458
3.4389609
3.9813234
3.0899837
4.1106832
4.6294708
3.6046073
3.6066483
3.4325476
3.4518111
4.0772911
2.8397481
3.4198787
3.5066616
3.4487842
3.8090677
3.9156213
2.3721079
3.8634019
4.7341037
3.595661
3.5334289
3.9813234
3.9750997
3.5794388
3.7141121
3.3256065
3.7512962
3.5225574
4.012157
4.197682
3.4675497
3.8194277
3.6922554
3.4513702
3.5236874
3.5229571
3.6570024
3.4669076
3.7807176
4.4914805
3.4604635
3.7370083
3.5839841
3.543085
3.7396125
3.4511224
3.8215243
3.8820787
3.7596766
3.7232947
3.6837121
3.6168926
4.039781
2.8574578
3.6946806
4.8483115
3.3393859
3.4716262
4.3172209
3.493652
3.5390039
3.7453
3.6688832
3.5543581
3.8370025
3.4659261
3.5862516
3.6391136
3.8653689
4.6720719
3.6817017
3.5656191
3.2218192
3.7622083
3.074236
3.7377152
3.6326265
3.5543146
3.824869
3.724638
3.0845966
3.4099153
4.6509652
3.5707392
3.6570371
3.6776506
3.4740435
3.4700303
3.6793584
3.3825704
3.6498817
4.8703899
3.4699652
3.4301611
3.704984
4.0750735
3.4414819
4.7066218
3.4281418
3.6642359
3.6866182
3.758268
3.2748291
3.5650914
3.5516732
3.7365516
3.0816627
3.6830347
3.7922455
3.5181268
3.755968
3.4139207
3.3815759
3.1606132
3.1582389
4.6168758
3.8784914
3.5733681
3.6621018
3.9233644
3.4674174
3.6478929
3.3961449
4.3222436
3.4521364
4.1868564
3.196297
3.1373812
3.3835708
2.4552887
3.3729137
3.9881731
4.1041854
3.8867652
3.6549043
3.6114033
3.1406913
3.5258533
3.4558499
3.4703333
2.8828524
3.1182731
3.0620198
3.6877958
3.3110923
3.7038775
3.5859671
3.076729
4.5367825
2.8209368
3.4798028
3.5640621
3.6896224
3.4337959
3.543373
3.1433029
3.464425
3.5169617
3.3836787
3.3741583
3.9765532
3.5670811
3.3918393
3.375289
3.5665448
3.6354555
4.1673686
3.2862956
3.4186315
4.3683871
3.5340138
3.4682042
3.4697759
3.595661
3.5004837
3.615793
3.5193108
3.8446614
4.083051
3.4674986
3.7286481
4.4914805
3.694339
4.7147479
3.543085
3.2836315
3.301481
3.8378963
2.8896628
3.3064323
3.6658579
3.4152046
3.2705662
3.5623308
3.4234247
3.5162062
4.6365691
3.4950931
3.3077032
3.1329131
2.8533479
3.1314357
3.6186811
3.4724559
3.4698819
3.8247132
3.4738047
3.6905403
3.7643575
3.4928274
3.5846953
3.3742034
3.5049031
3.6420933
3.5952607
3.8091969
2.7947919
3.4463967
3.424293
3.9375996
3.4299281
3.6227959
2.7935971
3.8308278
3.3800439
4.0786384
3.6498714
3.7024685
3.4004459
3.4346369
3.454909
3.6045361
3.4598904
3.4159352
3.5466448
2.9136198
3.2402585
3.5127882
2.9115378
3.5943713
3.655643
3.8291035
3.6967256
3.1466016
3.6841682
3.7320055
2.329278
2.7618699
2.1442758
3.6682562
3.4335722
3.7391408
3.178023
3.4481647
3.7021736
2.7017391
4.5193948
3.6045953
3.462646
3.6997882
3.6458469
3.4961874
3.5707392
3.5668699
3.784727
3.9572564
3.5729159
3.104353
3.1931814
3.7074108
3.346055
4.3192323
3.5821649
3.5729868
3.1466588
2.4423774
3.6627512
3.5606539
3.6958888
3.6233118
3.8615116
3.5421016
3.7360944
3.820075
3.7299068
3.4915126
3.8443011
3.4568924
4.1783976
3.6611152
4.2935926
3.4980455
3.5087327
3.4366206
3.4034283
3.6598265
3.5634962
4.8348633
3.3668334
3.5648695
3.3910163
3.6800573
3.4230395
3.2550474
3.99718
3.3884436
4.6374281
3.8145165
3.4739698
3.9765532
4.7810116
3.4077794
3.1744167
4.6223409
3.5569065
1.2443083
3.3755528
3.6638895
3.5314532
3.5602479
3.3614697
3.6230747
3.5947021
3.6847831
3.8308278
3.3138696
3.7333483
3.4477589
3.6005965
3.3031175
4.2085025
3.4676981
3.6936365
3.6192732
3.1382886
3.888109
3.3805711
2.9648264
3.9854743
3.5129535
4.7359137
3.593534
3.4708637
3.5611691
3.9159842
3.5805023
3.8476182
2.8382162
3.6106573
4.5737031
3.9313033
3.7884246
2.6827725
3.6746037
3.3261153
3.4120558
3.9308758
4.6770782
4.2532788
3.4419359
3.6891519
3.5285526
3.1779681
3.5904337
3.6964573
3.3014448
3.4083603
3.4485223
3.4829598
3.2653009
3.4615241
3.4220521
3.3689114
3.6494935
3.7492232
3.4704791
3.7021235
3.474619
3.1289778
3.6406022
3.6263466
3.4713508
3.8944622
3.6298225
3.2755112
3.3136126
3.6096892
4.1101877
4.7688919
4.0984622
4.0120981
3.6847022
3.4974542
3.5531289
3.5075344
3.4584108
3.2007036
3.6960494
3.1708928
3.6470579
3.6133836
3.5835577
2.5493176
3.5812266
3.4030822
2.9332429
4.7028103
4.0743329
3.6530908
2.9928296
3.2993564
4.6271491
3.4366758
4.8229045
3.6442783
3.3629959
4.0398304
3.7707626
3.5202812
3.4148873
4.6525541
4.4390158
4.3231129
3.4359469
4.6096105
3.447396
3.747836
4.5268808
3.7685244
3.7900389
3.4506483
3.1018774
3.0114291
3.6015698
3.5693895
3.5324119
3.6921173
3.5101301
3.4722312
