1.2799770214
0.7896854570
2.9127228099
3.4196907973
0.3372720705
2.1545514918
4.1334317631
0.0651320887
3.4482891613
4.4953631531
2.7715787444
2.6281439338
0.4768655777
2.0594927964
3.2026330024
2.9501618694
0.9196661749
0.5720157776
0.5642743947
1.1775587538
3.0591343451
1.8797144156
1.9547016175
2.6865008158
3.7732853492
2.3936204755
2.9595954558
1.0817119882
2.8048763560
0.2158853279
0.7617579817
0.3972471586
0.9557298711
4.8391663872
2.6282849653
1.0218947787
3.0008179565
4.7020011718
4.9039948809
2.3003456573
0.8699228015
4.8798141928
4.9395853583
4.5645980494
1.4716888714
3.0743996597
2.3370933062
2.0721646385
1.2257120895
1.4492025142
1.9577997860
2.9655750225
1.1036363689
1.9358643779
0.7784715960
0.6216231513
3.5813363611
4.4298174358
2.6361200128
2.2821131526
1.0830715924
1.8978308892
1.4202597760
3.5069544220
3.1075402827
1.2650992150
1.3715697695
3.0749180691
0.5082051392
4.0385918664
0.8591175039
0.4898871022
1.2398973600
4.7899680681
3.6327640010
2.1968324253
1.0549430295
2.7765307983
2.8964905903
1.1409711162
3.0499370965
2.3617087282
2.2012860115
0.0376828684
4.9344782700
4.3247966211
2.7076276275
4.9849702288
2.3619624977
4.2686612850
0.6778360715
3.1228686549
3.4668272792
2.8674644411
2.5036548240
4.4066887618
0.8699829694
3.6959236293
2.2959066117
1.1478757504
0.2127245062
3.4771103278
0.2182337016
3.4252952074
2.7679767232
1.2352786364
1.7585906970
4.3717205627
0.7557026334
1.5798609686
0.9388028756
0.4891507917
3.6967358603
4.0408170357
0.7682320286
1.7893977723
3.9068498208
3.4663617872
4.7721317021
3.6433463591
2.1318363721
3.2522347267
4.1539762911
2.6567270354
1.3166495060
0.9457399433
4.5848901381
1.7785962596
2.6898143557
3.2345411131
3.0188852208
3.7505636466
4.2214723439
0.7445214415
2.5921657214
1.1828332314
4.2134188057
2.5159228402
4.1261263348
2.2131585631
2.3267039255
0.6635943905
1.0803351427
2.2857935876
0.9118504056
4.0447651326
0.8228528226
3.9515235017
0.6341559824
4.8236932651
4.6454244421
2.3120773246
2.2781848061
1.5323407421
0.1607396645
0.3409771349
0.3583228445
4.5535118394
4.2040684253
0.5396130839
1.9837179384
4.1994343281
3.5137436049
1.4166187245
4.9442089805
4.6044352669
1.6914064590
3.9981532129
2.4577599738
4.2031779051
3.9165061684
1.8272958411
1.5988675146
1.4120146010
3.7987283651
2.7363694792
0.4014436043
4.3846308049
2.5509204716
1.5737031352
2.6794536729
1.0666898574
3.3234106973
0.2363153097
4.0554013793
3.7481454125
4.2937341448
1.9555694325
4.7425111790
4.5049005357
2.7046602462
1.1604657340
0.6437058982
4.2603177492
3.0046622407
3.2124607438
1.0523736780
1.1866053283
1.1008081798
0.3792415279
2.0502557196
0.1393297864
1.2823355693
4.0585470872
0.8709773306
0.1863655578
3.9273747921
4.1458693635
3.4488289113
4.7947481880
1.7445114609
4.6837513387
0.9070447841
4.1925296957
2.1198513910
1.3606250837
3.3043152274
0.9733519917
2.4993255226
3.8220186334
0.8895147866
2.3826891296
2.5111224224
0.0979525342
3.8901769612
1.4683195498
3.3659645132
2.1720151576
1.3482557752
2.5234581563
0.6206774889
1.9576456964
4.2259775850
0.9571128665
1.5759920285
3.7963854807
2.3345158300
0.9287639927
2.8412394824
4.3452271783
2.1288563514
4.1476552766
1.1406602474
4.1227678903
1.9942254498
1.1032154072
1.4781616153
3.4868514315
3.8941160916
1.4329062277
3.8048925524
2.8230875068
3.6191836669
2.9957513882
3.3479226953
3.8405063782
3.9726305097
0.6806947361
1.5252234045
2.1572172632
4.0443220801
4.7936540785
0.6742765522
2.5779824390
2.8965663351
2.6186809025
0.7068334087
1.3329171527
0.0336554506
3.0981430151
1.8340880871
0.9810232712
4.6199547552
2.5135726847
2.0139190737
0.0560324561
2.6031915631
0.1401505300
4.0996149774
2.9202678357
4.3869356170
2.4892329357
1.4279883302
4.7232519739
2.0659871221
3.4185109767
0.8999706340
4.0670387227
0.2180369441
1.8800695319
3.3702744343
3.6442976016
3.9527005126
3.7726792605
2.2817305669
4.1257269830
0.1136413822
2.4741092231
0.1273124458
3.2712368990
2.8604063168
2.4382269656
4.1871208828
3.1684690194
3.1138302454
1.3644136548
3.5228240333
0.6596806152
2.7131005437
1.0757471801
4.8879541950
2.1040064081
0.4250849016
1.3980038199
4.7644079200
3.2899474456
2.8792395876
1.1124319368
0.4144547935
1.4190648321
2.9268642939
2.8882170137
1.6601348482
0.9358486087
0.0848199970
4.9904689970
0.1003414824
1.5932836201
3.5048664598
0.3394281760
3.9479975011
0.4845651428
1.0849201947
2.0775375193
3.4290130550
3.0076726979
1.8228209735
4.4223253184
2.3102673843
3.4831611352
0.6122893560
1.0620649664
0.2104079417
2.7417690713
0.3409482953
2.3334365458
4.7551622309
2.7155964107
3.2084827115
3.6295404156
2.7440861232
0.3861102721
3.6167610789
3.9743639952
0.4398290580
3.2986725155
1.1612066045
1.0960622530
1.0313079707
4.8843375120
3.1826715462
2.0941878252
0.6814995634
0.6261661476
3.9209506969
1.4614310398
0.2873612314
4.4631865994
2.5849081058
1.6527612051
4.8577761145
1.9874744977
2.0506487764
4.0364811573
3.9751139432
1.9088199905
1.4895334484
2.1831250627
0.1323581443
0.8404172735
0.9740236847
2.3979776439
0.3317476246
2.8043986545
4.1138954209
1.8580291621
3.4591203310
2.5274104980
1.5314359460
3.9292874544
0.8928516475
4.8564877476
0.6256310385
3.2985538982
2.1153055006
2.6900474806
0.6264697380
0.6161671822
0.8315362647
