3.5883091662178996
3.429671058228472
4.181151948007247
3.695085184996476
4.348988008267725
4.152442475243129
3.5852417708963342
2.986173139714308
2.902455814079244
4.161160555807534
3.707593811115681
3.452853780690923
1.0999250871067168
2.0998720739322136
3.447327298978444
4.1630876183371335
4.250265992558231
3.7137062925335407
3.603931959152972
4.2810559975530005
3.68488263920231
3.7920619920459733
3.268980252853993
2.260678620382215
3.5401479328563075
3.6255424467837782
1.0999250871067168
3.6954087980862953
3.9622106115243345
3.904780423419337
2.837488981100801
2.8999694638753364
3.7534672819874015
3.8250581360583453
2.705931423600598
4.873664036954075
4.873664036954075
3.416773488298218
3.6157007369941843
2.09983832123726
4.766745270498754
4.766745270498754
3.734126578971083
3.6447590584146012
3.501240984647399
3.7055306718454233
4.154557737771693
3.684577372205144
4.766745270498754
4.766745270498754
3.492665361828269
1.9792885865488257
2.3697769883816298
3.6888094443466013
2.614095483972225
4.548800698561992
3.6714006554285015
2.5759638331130503
4.473256703001742
3.250564849864376
3.615049077028618
4.565721089915144
2.297632004354678
3.249834482203856
1.867168236649454
4.749936036796614
2.09983832123726
4.990300321424707
1.320164090974579
1.3382943030634258
2.5696445549210862
3.176003222244331
3.2766052590718964
3.2766052590718964
2.705931423600598
2.0180867419890705
4.565721089915144
4.524940533743561
4.873664036954075
2.9691712828599384
2.7142857573709334
2.1519001017638706
2.1519001017638706
3.2024308141762408
3.6607828952211636
4.407673974246141
3.7676859931640134
1.3531150031999482
1.0999250871067168
3.8260569118411536
3.8556465959814283
2.969474035350887
3.0610910043664354
2.134092043161383
2.134092043161383
2.09983832123726
2.09983832123726
2.09983832123726
2.874999427308068
3.458819769946381
4.871041184925527
3.619059532764516
4.49249527665544
1.0999250871067168
1.0999250871067168
3.4595897721217153
3.837718095095473
3.173293402174679
0.6278591105971429
4.41448092570998
2.1519001017638706
2.3697769883816298
2.9998245015584084
3.6645206947365185
3.299779817191855
3.1331381874923507
3.896444841820549
3.758026185999226
2.246175513298609
3.8349629057816244
3.3556365987688634
3.426849953460799
2.0977540556354644
1.5992397006776287
2.095340490085353
2.7834532789509843
3.546034196595044
2.124612265654087
3.4386045095469813
4.263754930864016
3.3388426091923114
3.790594781190676
3.8417728644261104
3.568434543064418
3.730357602665032
1.0999250871067168
1.0999250871067168
3.5833461205370964
2.012227650944474
1.2961896727530182
2.705931423600598
2.704432993082751
1.4810718317864442
2.964093047611025
2.565781769097625
3.1364343034450086
2.219785954100113
2.09983832123726
2.090514114404212
3.7413016223189555
0.5128172790432153
2.971032271017349
2.878518129095278
3.9887122203931726
3.2943218817616264
3.2233217166541976
3.7100042835504667
3.7482410439893368
3.5714374609491704
3.622664143147946
3.227007963794165
2.899344614749111
2.916855995819078
4.1677026766808405
0.49793529406805304
4.440734541532389
4.756768833601206
2.756483393911613
3.740772025703348
1.255559715596772
3.5092137187485464
1.4996951017450648
1.7505089112760572
0.8159638533361004
2.2191351866212856
1.3372744341566154
2.504190869848002
0.16693542261896877
0.16693542261896877
2.09983832123726
2.09983832123726
1.0999250871067168
1.0999250871067168
3.539146813423743
3.297417239226239
3.6033760657082903
3.6667929001397197
3.9525588946899326
1.5372345780717396
0.7907300861654933
2.9356223501975265
0.7331248823216123
4.577692889382275
0.7331248823216123
3.4862574151531045
3.4620453392930837
3.6751301686743103
0.5128172790432171
3.4173383785130733
3.8751877743384906
1.5861663342045378
1.501248951988766
3.9178934673437067
2.8881009291790853
3.0936584444459947
0.16693542261896877
4.455342969860556
3.6373371879168417
0.7331248823216123
3.3162972111054194
3.7416268100429972
3.72509107972393
3.1936574389870835
3.699016629208855
3.547500419881535
2.921236668788367
3.4181370809336014
4.529140181213534
4.603870327338669
4.485369486470811
2.705931423600598
3.6692932594923446
2.1294016669539895
3.2998150985968895
3.598692853275944
3.658189361925129
3.6916443124251592
2.082736059200799
2.578301628340628
0.6079146463709812
0.7331248823216123
3.254938769279801
3.2586676031327872
3.618202775382599
3.616396370209663
3.39601851643368
1.8428857379606824
3.017264933929763
0.8870375477511372
2.8096751217988643
4.05691079688192
3.2779719202863635
2.7397609218185
3.3278400150325544
0.5625746075523765
0.6079146463709812
0.8358486402925744
1.2308274244930928
0.5654943864091884
0.44330234562443094
4.018505733193346
2.4686583704771
4.051990568129376
3.7554381693032015
2.964676561827537
3.5284878532991892
2.6619886748972816
1.5515481901862977
0.7331248823216123
0.005264564378435477
3.08760910677711
1.037362133397032
3.1356298862513103
2.900381654078681
0.5153822631649283
0.30504483912078006
3.5299623792520594
2.900381654078681
3.5416878852368763
3.5602888982471192
2.7663788941026715
3.4153188145663225
2.900381654078681
3.8305607657523244
2.543582069174489
3.3144506702704177
3.6258582459799573
0.5762067421954029
3.0719879211123517
3.049191272698215
0.4580509052979358
0.7331248823216123
3.5240706035255407
1.9335302590773171
3.6944305336423278
3.6190138813640713
3.363734947608764
2.0888651483043246
3.6957496858588277
1.6633470030306834
3.4962067053671255
3.6147965547956873
3.1714173313945735
2.899561237134887
1.2319936227559083
0.7110818174447795
1.078671329970172
3.636817142386219
2.956795693944262
1.9434672178523948
3.1688727720849816
3.1675166276211195
2.621835271593725
3.3629083492671814
2.3468653427230057
3.0107285182010304
3.436209307339735
0.050406943135711924
0.8998156670866946
0.7331248823216123
0.9183132582688192
3.5359459352206217
3.0505933025788563
1.5890351802869307
0.22058327401936362
4.031732777100779
0.8159638533361004
2.3817868168199383
3.6045080228680417
1.8742276964902393
3.418050981761451
2.6885053259189777
0.8095476846015015
0.6576091255047949
0.7008509751035366
0.09262448936078949
2.8050413990355754
4.027627095034616
0.8998156670866946
0.8159638533361004
0.8159638533361004
0.6232245799920588
1.7799506324521843
0.712357797078103
0.2982510850885358
0.6079146463709812
0.7003763897233402
0.6079146463709812
2.4203713115270444
3.145008206509803
0.7331248823216123
0.7331248823216123
0.7331248823216123
3.305697120037243
0.56034111605898
0.5128172790432153
0.050406943135711924
4.08695823403545
2.7235361150314827
0.9020866537476464
0.5996971292818851
0.04851224789681963
0.44330234562443094
3.3083741972212684
1.3674387183997605
2.798936601146007
0.8998156670866937
3.5301248434730454
3.117619127851592
2.168348850466395
2.375796115852843
1.580733536047462
0.10914382119871702
3.0162275713572457
2.330571810264706
3.776632409825211
3.4188986487722026
2.659898384495492
4.07580585957709
3.53698417640266
3.676721273806772
3.9815520888777236
2.8101177746563857
0.9183132582688192
0.44330234562443094
2.4614661519104715
1.7867529125959483
3.5353062460658595
0.5508286157943956
1.7799506324521839
3.566939252517143
3.2720097073712875
1.2785762479645593
0.11094313442338555
3.3244156534861937
0.8427299878174868
1.630769121367947
0.1946720159104247
2.956645352815724
3.957685088955643
-0.007148138604439858
0.050406943135711924
2.5147548114293174
0.5762067421954029
0.1946720159104247
2.753719205864534
0.5561887757338377
3.801379294505122
3.018319735229254
2.4716141582710245
2.839651161572004
3.8363721680747473
2.8424588442279526
2.744651905075399
1.7643248299575442
0.5784137839456571
1.9315175674211764
2.445221884260767
0.050406943135711924
-0.01848253297717184
1.3521296837781152
0.824647752064259
0.08037583504160173
0.49793529406805304
3.6898422838946074
0.4603615338089124
2.3757990851350903
3.1523827290769404
0.44976919993805886
2.969386270488446
3.4134882364994548
0.5153822631649283
0.050406943135711924
-0.007148138604439858
1.7244459122797886
0.20014159196629144
3.3356031080829958
3.2715402333977406
2.4401362241799216
3.483648813604167
3.7940226529000993
0.6768914135753858
2.907202252007778
3.428566057939881
0.6303980010281003
1.8036261708905519
2.6276956990214293
0.749689098640038
0.5153822631649287
0.10705370748379206
0.09511947951574928
3.1471821256148416
0.7940813640215403
0.050406943135711924
3.5167160830822604
1.2913499021814157
3.257411370536699
3.3201373405867405
2.004566660031018
2.629149520949901
1.7539760293317057
3.4655549128484773
3.172512958307075
1.7235471132999836
0.8363416546637081
0.6236567137222382
0.4711410564331766
2.0711071674134294
3.950611593846668
0.47869825723123327
1.7728335237221127
0.3361285195379118
2.929720624685288
2.8889025761961387
0.6480694073976814
2.974232896668788
3.2790104071729047
1.7959848938042995
0.13217112933019592
0.962717730270561
0.04671272795659753
2.84709711478788
3.7623143723433983
-0.004800154035911941
0.12601129833935554
0.5222543271809075
3.8164648996992643
0.5917528988760052
2.8179403989783154
2.9615705248149795
3.065913552070822
3.696271239918007
2.8849466711462615
0.6079146463709812
0.07928730723014477
2.385150705880103
2.706712495464516
-0.007148138604439858
3.530035051937492
3.221353352473516
0.09967516862368875
2.9409582075223715
1.9957544624436632
0.5654943864091884
1.98059625112268
0.5692845799571176
1.1245947711548432
0.016080765306014655
0.038633009552383246
0.0599691579035353
0.007821280283564214
0.016080765306014655
0.0686434620684766
3.5922519018356316
1.1979175490246798
2.3472124546660122
3.286839230230573
3.4296845465381405
2.0900518480271035
2.8650345109106135
2.1498330159386887
1.0834740920874868
0.7913546554655806
0.07088244710600788
3.651799791662635
0.6147891273289305
0.5009571624361997
0.49115039701916174
3.1094398330789668
4.002340502217181
3.1665077660818937
0.03991667674527921
3.1254557673406445
3.227224757977314
0.7373580426323674
0.539253984621844
0.5571581285320173
2.679865525141132
0.5089730625018292
0.6799853920159031
1.7883177193252013
2.7609306701291487
2.8759738757803
1.3978989522240814
0.5013148756221213
0.10207556864127199
0.0599691579035353
0.07631351659229679
0.150705342797385
2.1643057171405964
2.1228066851219456
2.157882505306355
3.072365602537047
2.017955882854851
2.137741214436761
0.9876906528540754
0.0526914054601364
0.016080765306014655
0.2568137591656088
3.334203631423689
1.6644701563545774
0.9535087988328179
1.2948403911567716
3.7001879347707116
2.704813757740673
0.8286749715524939
1.637591136816928
2.9050081864182022
1.3807539432805767
0.28706265991284674
-0.003562874768345381
1.8038208644042093
1.2065079790400661
2.2355216750957094
0.5620629527393781
3.2219908332752825
3.705522480023103
0.18564447654811023
0.6258794956307892
3.234233687754966
3.0653534297897007
2.6443197359227346
0.26483908379852217
3.0174312377224566
0.031580961538114405
0.042996458351761024
3.3294727563751323
3.6809098437597245
2.8781314967335523
3.481498016334482
2.8525258522589176
1.7042127583467712
2.3141509643321525
0.7665050437234378
0.6786927961308278
1.1871593258874698
2.134632668112668
0.837089695251886
0.8997472561165396
2.039137542249412
0.007821280283564214
1.3069533568349323
3.5599533293912002
3.495436607994376
2.240069863321168
2.854897401395567
0.6286659686153202
-0.006561491518222606
1.5820240768397666
0.6632168811678527
2.2323485232350455
3.6257902927193792
1.9636708865908936
3.292289840511566
1.0750770992820065
1.6684929923788179
0.6138459106649927
0.7152122298412942
3.4256429071232652
2.154030624343794
0.597487277994202
0.06952882130162186
0.04671272795659753
0.0995744294865677
0.7493127551749454
3.384974216395681
4.355825089650442
0.6645892090698582
2.202765624481453
2.3120012465101905
0.5600210743801157
0.7503228380014733
2.8616136906263243
2.4660508089902544
4.1318457916704805
0.44737502362050074
0.052363737071791316
-0.04218716719799076
1.007208165858104
0.7501328789232082
1.0614738367387724
3.311190711897818
2.352527726762475
2.6494018377339
0.08697750085352318
0.7063035330035352
0.07701926795559144
3.0136610476436703
0.16785212743959388
0.0682877343860695
0.46952395937205793
2.8753145230781714
2.07617139522611
0.12182040865085497
0.9502345444333478
0.15648107212203133
0.123839472568541
1.5082285201987538
2.502079747257551
1.0800108030604414
2.5033646933157785
0.05313932178804048
1.630769121367947
1.3069533568349323
2.90039660574776
0.5306049034509348
2.9043441228140336
1.1830552055708923
1.5342504687686094
1.1113264745681142
1.645220090669296
2.2619487074815927
3.0372982040165217
0.08679845332458314
1.0011429986450988
2.169705332063015
1.9021015137036825
3.4154169962478917
2.996014155443344
1.6089850001795363
0.29819382844919673
0.2271470053149658
0.9771860017577998
2.4845769535642335
1.539847109655721
1.6654868294221943
1.5567162403910837
2.0391496485628133
3.280323082582341
0.35663530416494993
0.9010297246230103
0.14287392419745304
0.7040886147805132
2.2588466819523747
0.14247277383086354
0.2336528279122705
0.04851224789681963
2.604975853923643
1.0427329169727697
0.27160969971524995
3.6341971315962867
0.6521363677779055
1.113467330098464
0.23270579098022193
2.2019360830485804
1.3351521326694007
0.21374310053737933
1.4402254654811961
1.3648023205685607
0.06449845024878753
2.6430305236439846
1.256062819759559
0.14062482536673704
0.16143885200343977
0.14992464725831622
0.1396310639926881
0.5493657448022309
0.30992568272424315
1.0750770992820065
3.2190822983887077
0.996246748188292
-0.03505524950181327
0.16959911495364777
2.88899392123424
3.977570882340344
0.4571794978891788
1.937532967657933
1.7590637692615458
3.0018377443326747
2.351616561550271
0.1972952730214863
3.016444157034657
3.438151802917874
1.3516279155531148
0.0025086570356442905
0.5478093917302589
0.10912985097715655
3.0534954389197866
0.29819382844919673
-0.08428412720046685
0.6464037977493442
0.10683607486994262
1.0596451355507663
0.587037349787761
0.5659729163815475
2.972820753889864
0.8657194953584146
1.941159375765833
0.2044913736345526
0.29031825317483495
0.11016242970538714
3.1269098267059814
0.042634466166791896
1.0272411045925232
0.8418877430059335
0.027385396503057713
1.0461596364329546
0.03079174638944071
0.12385802087941045
0.07746487444521533
