3.280675770203999
2.0523355489357837
2.014069086688605
3.9727618029123275
2.0702873762341345
3.234124706662772
3.9652810454378216
0.3460183395035048
3.2193430396804175
1.0189880473244686
1.1310443412397406
2.8050411338173467
0.638107683615257
1.228185882817924
1.0540968631044878
2.86008242474809
0.5163495798617346
2.6811496270885775
0.801906050828955
1.9357062157440763
2.466263344548408
0.7988992108948763
0.16841345508342975
2.644673016573529
3.651939757311373
0.35587557210092635
1.9610817320632414
1.6015380878447982
2.8183366540788852
0.39943468623636313
0.6955299502440484
1.40546952639499
2.5886607945110454
4.220349378256397
3.3521690769806067
1.0478798608640831
2.3043068116420113
3.45294905393164
0.43754467713227774
1.5194310331511751
0.6148894170614163
0.6984875238515271
2.0829575607331305
0.5970794909053492
0.9194338962253892
3.5342643444149715
3.7920048952462917
3.557461153852886
3.7792403090215854
0.9021799868239748
2.7752391901389046
2.790005046019898
2.3783173527259267
3.530714501689201
3.075617512312073
2.7434665812998773
3.656202670381623
2.7545281633511634
2.917080447305829
1.007466637407862
0.17544659579411892
3.121419422270216
2.6519722849232013
1.3755837279480616
0.7353245866725588
0.29401468155696486
2.1760096733091006
0.42904324882577516
2.028515371584854
1.2772014018760034
3.660004614551604
2.948900701744903
1.794448335498717
1.3307572150584757
2.8369303108257675
3.3590606117781108
0.9545448906655496
1.8325517910626308
2.599669139295898
0.70381135534535
2.773976095167715
3.3586562324929083
1.0092031833260617
1.215913666244668
1.3246159695649449
0.8218282646471655
0.28853357662884616
1.2852964231460375
2.100096206937442
2.602429023498914
3.517916393213659
1.9013473983350577
0.4860994118433948
0.7649109620887051
1.990708548501929
0.7479756207478276
2.793731414207557
1.400358404597314
3.5161088541608914
2.33494732308404
1.967884637010492
3.098526967298439
1.462969897591306
0.7823176066977573
2.540277862231579
2.5086030961460137
2.267934458673076
2.6156289754126014
3.197047679093493
3.257058550966898
1.3380258025085472
1.5616391080241354
0.8080971601379701
1.612275995779108
1.2446222730948304
1.6547686744657932
2.1058247850332137
2.3222958257735025
3.2508176502561645
2.339374401203793
1.8916159040117997
2.5749711486478253
0.9381642195067439
1.1240703061101316
1.0063704040269643
3.7900668011545298
3.1930549997983677
0.9174269908300099
3.2648954500160734
1.1479822879501622
3.9192859101444606
2.9927597649788504
2.304779431960477
0.4009820475261403
2.233000970163773
3.6854020448023905
1.8172602654358911
2.2224175090770015
2.5990664529046326
2.822144896076724
2.9819742338145345
0.2914791163716597
1.1980285968318927
1.8575779766038358
0.5369039439262879
2.9712542660669596
1.3890000785880257
0.550639828053582
2.6425741919811747
3.696315576108909
0.9345826092991474
0.6529757964386
0.9717695414100476
1.295922824438593
2.6883828486930224
2.5936980650835375
0.5816504949155505
1.0153429989798037
3.7279300962092603
1.0713748371963523
0.5697113864183483
3.558605960034401
0.9004017625112768
3.129852030880982
0.7256013643080257
1.343307269245818
2.385956160656813
2.875363296857857
3.78113505745546
3.3626364361320498
2.7669837316590185
2.8696515080087464
0.9771025408633469
0.8258522213155639
3.513938341939673
1.779993349682343
3.663635132494954
1.505881223363971
3.818985806997503
2.073488408411706
3.5208442496068666
3.36341074561169
2.798202675483839
3.413348478667681
0.6986873240670226
1.6415877971764679
2.4651049359295794
1.3301154241957542
0.9461190277341673
1.2593078600034402
3.0431151363026943
2.230693454726109
1.9274648002066643
2.491540234097467
1.244720144698122
1.5609844092325353
2.231969614644984
2.006579783035951
2.308236288964139
3.738617836351195
3.70575714265282
0.6751526936886889
1.1333433727604838
2.711990451616797
1.3571761446817114
1.2089878538600147
2.5986333227388005
2.398263205631811
0.8599139238692275
1.5817411690810665
0.5508238336631783
3.440081591396606
2.383376179764479
0.3805818018218843
2.5081717408471587
0.7923696091610939
3.8426359236381744
3.4761087063276457
3.6511078273449
2.583079606099965
1.5148902986857542
0.9538054348786162
1.6241804983436565
2.8859727552808314
3.0622571633009366
2.1700567038519942
1.6651945263927561
0.2750899707041299
1.008986606883953
2.5752297208759725
1.5328046661920425
0.41731869264152577
3.16854141418195
1.8992500416047051
0.5720177020708301
2.584731197902444
2.402606264962382
2.5658988907147684
0.5102089367247316
2.0704836399434954
3.087855703087367
1.0125878661080994
3.2685871712525447
0.6561771814673434
0.5851588230625095
3.4028901979677495
2.6478146706503907
3.1057621628024474
4.081028190128792
1.0662477886043296
3.0134984121136186
3.811331259079864
3.4494910980959244
3.8439265505151115
3.7494601750671053
3.8317951537293427
3.831893849564002
3.628858521891271
3.8358857742588475
3.1316579966603415
3.539460217943626
3.702730694628452
3.7520590568072945
3.747593523584596
3.7281999689029677
3.3201238840398317
3.6605711625879915
3.8382402311290553
3.505941928858565
3.79264859243682
3.8114758338710293
4.022278038809893
3.8246405614578745
3.3025784707336583
3.2664151231763254
4.17043231470162
3.773919082193285
3.820876907826201
3.8400261463242296
3.8429810800028097
3.349812755822426
3.4636350588016267
3.786116099815785
4.017188872624972
3.137052922438337
3.7776123801080566
3.181215736099408
3.909292255085027
3.626304166210948
4.6856535029341835
3.701666864365026
3.5888431540592456
3.665361448796997
3.2720288725296784
3.8091926160714107
3.778314715448695
3.336154966167998
3.5889137304913343
4.274965162391306
3.6773941951944904
3.6876206999491963
4.163704406902273
2.8996553076751646
2.9376808136276127
3.861000402879403
3.8781944358023903
3.657633359070295
3.8137460797581286
2.9204460187448866
3.854766428645472
3.659764813699057
3.823513452584601
3.594882077302609
3.763128964852866
3.0517017505403734
3.7485834018709263
3.911366641586001
3.8751675714645697
4.056347132973376
4.131606384082885
3.8625668068129575
3.3150046587810342
3.866045243111156
4.04627135829462
3.3169811011571957
3.6025838527454077
3.7505058914841194
4.067171314824513
3.927110761139863
3.325297089299105
3.779170668073854
4.108414683048387
3.791523629000365
3.1303080195564075
3.802663400471609
2.529102134421407
2.6589125024013156
2.7962561536300816
3.430739296833285
3.7256312989565634
4.034137597247184
3.656972768504148
3.8046887394176148
3.745723569113802
3.6261195623214206
3.6677712210736546
3.4663960423933693
3.7410261444693047
3.83085403994994
3.4930905792749627
3.7517610057330653
3.8764320744110115
3.750042177591139
3.7333548757297335
3.566846548334502
3.4529398763880876
3.518936503280883
3.753652120095017
3.529892595528187
3.6329220322247586
3.68330011366566
4.159971898215704
3.602790822026461
3.96501722770525
3.60698291367828
2.572529218694958
3.2946989891743206
3.3840974567831537
4.083583699889772
4.107015658673937
3.7930832704004493
3.744207847428952
3.7217087024336792
3.5373483510553565
4.048570411933751
3.860369765665051
3.7300921404539427
3.7805860075118844
4.176777421675771
3.8164259439487034
3.70411743331842
3.5438949576513536
3.69577181797168
3.3637135667913793
3.8249894342349675
3.8043003274454357
4.0207611114546715
3.874724388721827
3.342168662134468
3.7653529086384703
3.820839647677377
3.7141331251515517
3.4361380511539434
3.41907565613689
3.4678398698839445
3.483749236358062
3.9108763652975043
3.804092805574584
3.6302251871996085
3.2732929331861556
3.5492811368142942
3.3152956598623833
3.7957797960412036
3.756004479251817
3.5745621944788555
3.727396898770653
3.724402690134578
4.414385318769048
3.565342125377415
3.1995364166897406
3.8325830805679115
3.4131368244890097
3.1139954078597496
3.9410364557155235
3.892725779442574
3.637483360897163
3.5220525827188647
3.804867076684259
3.8140052992468325
3.780605843082651
3.37794171272865
3.3867192974408638
3.317340245005194
4.220164738300189
3.753255233262134
3.535093106315282
3.8664342516232644
3.54440668677173
3.5334300246921932
3.662576519732784
3.756531096709143
3.5113540572582695
3.7905237527415934
3.0709742759937453
3.9308820736388643
2.98144690628378
3.7353899819434275
4.3618407662979735
3.9104743581838117
3.417750313875058
3.7597814461910217
3.4373879411786232
3.7984954893477605
3.433175805521118
3.00776307105984
3.4243541522680414
3.782977226776273
3.9102601057739865
2.675591469846002
3.7349427009712493
3.7515912210226627
2.4478785472533615
3.695824668132376
3.790843593002243
3.5489516440107103
4.379954100983397
2.837359833345791
3.9102601057739865
3.783444673723164
3.7510667612791364
3.4592845319243652
3.2136173041608123
3.6726849499520853
3.1619189807742467
3.7583402376532162
3.7813143395687447
3.6997656859853523
3.8821448083664682
3.443852634890987
3.704052437117674
3.2008620731092368
3.56658386506642
3.645234034781961
3.4191163223616603
3.3691740896146816
3.853733546022435
3.6998338703528186
3.3930788622898707
3.573584689758124
3.9303938167932038
3.8903520738831996
3.6797332364336515
3.8059025599014333
3.807023319035266
3.7269800840913296
3.777882623065128
3.415866187437651
3.1206871427191967
3.732207193989792
3.52365436744185
3.6942846447689734
3.7144224747915495
3.729501415509868
3.544741261745556
3.6294572299554573
3.7568957793128495
3.8388817185199624
3.5414922146368886
3.317340245005194
3.625547961181395
3.7256259162215093
3.8564332812022464
4.59674021464481
4.003252365851068
3.7515572486749953
3.7430804249587784
3.7930499261700694
3.853291226774145
3.770781609163188
3.895023497274542
5.029248678614222
3.7640536086981404
3.9316145054828375
3.4830615475984823
4.013259707930641
3.7510900105130536
3.769223865525407
3.390022050360335
3.773715226757015
3.7621365919804775
3.7703323119369045
3.765688976456659
3.8346735015396285
3.764567516016236
3.948080172311098
3.7412446506735555
3.7711694137292224
3.7614749844324304
3.905764032486563
4.067603780495611
3.765641744933021
3.295279182509896
4.062277971405574
3.8706847712525847
3.777429438224826
3.8009007067596094
3.7857586174832547
3.7536324906529464
4.098594057566332
3.944041867226913
4.251202774976331
3.9441121177385154
4.049589182989388
3.817999598654208
4.379182349251322
4.733684022460887
3.7531374554366668
3.902205404052999
3.769286483167855
3.751377528747212
4.3295562295264345
3.810188542053138
3.772407540088211
3.866200694846133
4.511789444425023
3.8875022637136283
3.8573188882004197
3.7501309655267576
4.8063637538180455
3.7731918970281133
4.245907389025571
3.7517792075596406
4.02106542601484
3.978449676880059
3.9202142172898453
3.783403576508563
3.7490915080162655
3.808317439499419
3.873356348344238
3.750666725721664
3.799591152062698
4.536349008703261
3.8962209152825276
3.360697969530195
4.195077802425481
3.640183966315267
3.7061440563241437
3.7798410153457143
4.9409899290215265
3.7912038570768503
3.98724703425641
3.8242536702726353
4.392258185369979
3.80747905742211
3.758651225979127
3.801095665001614
3.9590634437091885
1.267727440976956
3.3045583236229046
3.785178152972128
3.751939129602257
4.197164110032907
3.762341006598637
3.745579997667572
3.9051931664571278
3.8871366593726204
3.786328636270081
3.8236807172392857
3.7559459673626647
3.7407717763580415
3.9775037830157203
4.738886341715216
3.8397557717205864
3.756875110004148
5.179434087785399
4.882306762753354
3.7674625019135823
3.929192117488741
3.9696426093272574
4.154613489934577
3.8017221643197283
3.710452352672613
3.8353522317342437
3.9029320939795875
4.785168996415766
3.807629550270798
3.7877884379297746
3.783355402057645
3.7528209872448843
3.7745283660217135
3.7346137405594413
3.7562179473509865
3.6459507778255613
4.136905589236988
4.737315690913668
5.0760012072495915
3.859250230472851
3.481801170223332
3.7661659506001994
4.20662276460949
3.839047417049596
3.7551232606368488
3.7604703194922195
3.779952075932512
4.218307798731782
3.794762791134991
3.9150226216360617
3.905318679481995
3.8740981581779885
4.385809667540903
3.752089996791918
3.977274618342687
3.8076645191827363
3.778208331234072
3.8659697236808075
4.59747253134844
3.8300008115869355
3.7528271377795708
4.392977330170804
3.743379167115267
3.749910089014035
3.75404421111254
3.7748975950099433
4.051093985186299
3.7523511041712494
3.751163942109685
3.8067982904652777
4.915273658691831
3.792348630356408
3.7532127056622415
4.084276967760406
5.075294585860841
3.3300701349262485
3.870994549192994
4.389311479081147
3.752700217175084
3.729329738121425
4.203878492295549
4.575742659334017
3.8678695350237544
3.7561780025358575
3.7220356813560116
3.693748642372154
4.3984666424678025
4.651235886772825
4.941861010517181
4.573259778146702
3.7592422630821125
3.8114048443187887
3.766121369871724
3.8682887348265402
3.8419666437593887
3.77250608372215
3.7819554717115142
4.977769540697776
3.6157946540780292
3.7567037710394215
4.024146272281158
3.8680787148742812
3.7904028729929866
3.7683879475087023
3.8586691011664453
4.882658830044971
3.8817477798560276
3.7927547190971778
3.838295122239146
3.7823039707471944
3.7953283416302597
3.810569629022283
4.970088813592016
3.841944144202884
3.7888060750575456
3.753741702288649
3.7348004753022526
3.7739346600785044
3.753539223581094
3.8378664825224034
3.9051455824676045
4.458680566816649
3.7419464997276624
4.788556290885055
3.7523371684918096
3.9306148946167583
3.75656639487005
3.8833628336994845
3.7508552840916596
3.9053047522260385
3.9312139951046423
4.876064669616676
4.671940444608011
4.41489566594657
3.7814505935910065
4.150208178978001
3.7067904208109295
4.554743228525143
4.200040059135782
4.188612141261786
3.7708543395844933
3.739240663202044
3.8496674447778334
3.7472693190127173
4.189774675256811
4.115820788759592
3.757696237654109
4.535134306898339
3.7864231910501083
3.89875594015795
3.7812090033152375
3.8438120616292886
3.7163369413875262
4.798433606975048
3.889174151361222
3.854580268115981
4.028355440846602
4.929728880913187
3.6583487931979826
4.197123757900566
3.7973794944005603
4.111210335371619
3.863393055038241
