3.78467
3.80502
3.78691
3.78937
4.01264
3.78616
3.78694
3.78618
3.78619
3.85327
3.78587
3.78717
3.78623
3.78617
3.78449
3.78617
3.78623
3.78626
3.83734
3.78617
3.77811
3.99969
3.78224
3.99969
3.99969
3.78692
3.79308
3.7862
3.74756
3.78644
3.78625
3.80157
3.78617
3.77245
3.78759
3.78629
3.78616
3.78884
3.84798
3.82175
3.79545
3.99969
3.87937
3.78571
3.78616
3.81874
3.80257
3.79271
3.99969
3.79994
3.78617
3.91384
3.78604
3.78578
3.76398
3.79193
3.78642
3.78624
3.79184
3.99969
3.78618
3.78629
3.72492
3.82175
3.78959
3.77726
3.80257
3.80257
3.78656
3.79736
3.7866
3.78666
3.86895
3.78611
3.79407
3.99969
3.76307
3.78617
3.78617
3.78777
3.72492
3.78863
3.78633
4.01264
3.78627
3.78617
3.82175
3.78556
3.78938
3.99969
3.78632
3.78735
3.78607
3.83902
3.78437
3.79589
3.78556
3.78636
3.79184
3.78297
3.78749
3.78587
4.01264
3.78617
3.78735
3.78617
3.78639
3.78617
3.78617
3.77995
3.79684
3.7862
3.78617
3.75158
3.79767
3.99969
3.78629
3.7862
3.78574
3.80969
3.78689
3.7917
3.78788
3.78863
3.78642
3.83902
3.78617
3.78894
3.78633
3.78556
3.84196
3.7844
3.7963
3.78709
3.78685
3.7862
3.78633
3.76925
3.83734
3.78617
3.78617
3.80933
3.7857
4.01264
3.78616
3.79994
3.78592
3.78617
3.76041
3.78492
3.78709
3.78633
3.78617
3.78633
3.78639
3.78623
3.78594
3.78627
3.78617
3.78617
3.78617
3.78522
3.78614
3.78735
3.78493
3.83236
3.78869
3.78595
3.99969
3.78578
3.78564
3.78617
3.78626
3.78652
3.78616
3.786
3.78604
3.78624
3.7862
3.78709
3.99969
3.78617
3.77327
3.78617
3.78627
3.78639
3.7862
3.78617
3.78535
3.78617
3.80196
3.78617
3.78617
3.82175
3.87773
3.78617
3.78645
3.78617
3.80685
3.78617
3.79184
3.99969
3.78638
3.99969
3.82175
3.78493
3.7863
3.78627
3.78617
3.78617
3.78642
3.75158
3.78472
3.81169
3.78415
3.78627
4.01264
3.7995
3.78618
3.78587
3.78616
3.76078
3.78308
3.78617
3.78617
3.78556
3.78493
3.78622
3.83734
3.74822
3.95036
3.78277
3.78646
3.78297
3.82175
3.78616
3.78613
3.78636
3.81055
3.78617
3.78875
3.79213
3.78256
3.79184
3.78801
3.80502
3.78513
3.78607
3.85327
3.87309
3.78493
3.7855
3.78525
3.78431
3.79429
3.78812
3.76598
3.80196
3.78408
3.78716
3.78709
3.78627
3.78633
3.78408
3.83734
3.78618
3.78617
3.78596
3.78617
3.78638
3.74756
3.78703
3.78709
3.78623
3.78289
3.78617
4.01264
3.79491
3.81198
3.78627
3.78819
3.78622
3.78617
3.78618
3.78556
3.81378
3.78735
3.786
3.7838
3.78633
3.78617
3.78669
3.78946
3.78617
3.78527
3.78601
3.78644
3.78646
3.78638
3.78826
3.79184
3.78346
3.78605
3.78627
3.78618
3.78771
3.78627
3.78617
3.89705
3.82959
3.79102
3.78612
3.78617
3.7844
3.78644
3.78717
3.83674
3.99969
3.78499
3.79439
3.78493
3.78976
3.78383
3.78573
3.78759
3.78587
3.7862
3.79184
3.80196
3.99969
3.84798
3.78556
3.78587
3.7862
3.79008
3.78617
3.78616
3.83408
3.79082
3.7862
3.78617
3.78617
3.82175
3.78675
3.79245
3.78381
3.78556
3.78535
3.79303
3.85327
3.78617
3.78617
3.78627
3.78617
3.78508
3.78617
3.78617
3.78609
3.99969
3.78771
4.01264
3.78642
3.78617
3.78742
3.99969
3.78636
3.78627
3.7848
3.78556
3.99969
3.78633
3.7858
3.781
3.78642
3.78008
3.7885
3.80172
4.01264
3.79102
3.78592
3.78615
3.78715
3.7552
3.78623
3.82677
3.78715
3.78493
3.79479
3.73634
3.7838
3.78548
3.81636
3.78621
3.78771
3.78938
3.78617
3.78645
3.79161
3.78602
3.85203
3.78615
3.78617
3.78633
3.78632
3.78595
3.78493
3.78573
3.99969
3.99969
3.79994
3.78753
3.78664
3.75074
3.78658
3.79579
3.78763
3.78507
3.78639
3.78507
3.78735
3.78618
3.78739
3.78205
3.78617
3.77781
3.7858
4.01264
3.99969
3.78735
3.78603
3.78019
3.78694
3.78618
3.99969
3.76823
3.78624
3.79485
3.78617
3.78737
3.78679
3.80502
4.01264
3.7862
3.78617
3.7862
3.74649
3.78627
4.01264
3.78618
3.78639
3.78875
3.78612
3.78617
3.78727
3.78672
3.79851
3.78556
3.78556
3.80196
