0.5714285714
0.2857142857
0.3813850357
0.7071067812
0.3333333333
0.4330127019
0.3726779962
0.3636363636
0.3344968040
0.3086066999
0.2390457219
0.1906925178
0.2132007164
0.2886751346
0.6063390626
0.5636018620
0.4181210050
0.6085806195
0.3651483717
0.4447495900
0.3636363636
0.5976143047
0.4000000000
0.6669729688
0.7333333333
0.6454972244
0.2500000000
0.3726779962
0.4216370214
0.7857142857
0.4564354646
0.5454545455
0.7378647874
0.5188745217
0.1054092553
0.4000000000
0.6481812161
0.7142857143
0.2236067977
0.4181210050
0.6172133998
0.3202563076
0.6445033866
0.4146442144
0.3223291856
0.7142857143
0.0975900073
0.2132007164
0.4181210050
0.5590169944
0.4260064336
0.6210590034
0.5000000000
0.2860387768
0.5262348116
0.3721042038
0.6943650748
0.6963106238
0.5017452060
0.6390096504
0.1490711985
0.2010075631
0.2236067977
0.6666666667
0.5262348116
0.6666666667
0.3638034376
0.6963106238
0.6923076923
0.5000000000
0.0000000000
0.7700535411
0.5773502692
0.6324555320
0.8006407690
0.4008918629
0.5809475019
0.6669729688
0.5000000000
0.4564354646
0.4000000000
0.7205766921
0.9607689228
0.2886751346
0.6900655593
0.3402069087
0.3922322703
0.6666666667
0.7700535411
0.5000000000
0.5833333333
0.3086066999
0.7500000000
0.5163977795
0.8666666667
0.4900980294
0.8181818182
0.3608439182
0.4351941399
0.2236067977
0.5017452060
0.4666666667
0.0000000000
0.2236067977
0.4830458915
0.4020151261
0.5720775535
0.3354101966
0.6445033866
0.5547001962
0.3000000000
0.6363636364
0.8807048459
0.1543033500
0.0000000000
0.4830458915
0.6674238125
0.6666666667
0.4500000000
0.4216370214
0.5000000000
0.6674238125
0.0000000000
0.1601281538
0.3202563076
0.5518254055
0.6666666667
0.3340765524
0.2041241452
0.5457051563
0.6681531048
0.6172133998
0.5449492609
0.3608439182
0.5303300859
0.2773500981
0.1020620726
0.5161854012
0.7500000000
0.5454545455
0.6092717958
0.5929994533
0.5477225575
0.4780914437
0.2132007164
0.3086066999
0.4020151261
0.7092081433
0.5714285714
0.7833494518
0.6030226892
0.3636363636
0.6092717958
0.6172133998
0.6405126152
0.7833494518
0.6445033866
0.5330017909
0.6172133998
0.5000000000
0.3086066999
0.2886751346
0.7500000000
0.6900655593
1.0000000000
0.7108186533
0.4020151261
0.5384615385
0.5070925528
0.4811252243
0.3086066999
0.3651483717
0.4216370214
0.8000000000
0.5555555556
0.2592814894
0.1118033989
0.7833494518
0.6481812161
0.7142857143
0.4181210050
0.8006407690
0.1740776560
0.7205766921
0.3162277660
0.6666666667
0.6063390626
0.5773502692
0.6666666667
0.6963106238
0.5000000000
0.6000991981
0.8000000000
0.5555555556
0.5262348116
0.5025189076
0.5457051563
0.5000000000
0.2592814894
0.3162277660
1.0000000000
0.2236067977
0.5892556510
0.6250000000
0.5454545455
0.5188745217
0.6172133998
1.0000000000
0.8000000000
0.2500000000
0.2886751346
0.3227486122
0.2500000000
0.6000000000
0.4260064336
0.7500000000
0.6030226892
0.2390457219
0.7590721153
0.2721655270
0.7142857143
0.7142857143
0.1666666667
0.7700535411
0.6689936080
0.4020151261
0.6666666667
1.0000000000
0.7500000000
0.2357022604
0.6666666667
0.5400617249
0.6000000000
0.3535533906
0.9607689228
0.8362420100
0.2886751346
0.4629100499
0.6681531048
0.6674238125
0.8666666667
0.7526178090
0.6900655593
0.7500000000
0.1924500897
0.6689936080
0.7302967433
0.3000000000
0.5477225575
0.4564354646
0.7500000000
1.0000000000
0.2500000000
0.4545454545
0.4020151261
0.4564354646
0.1147078669
0.6063390626
0.5976143047
0.3162277660
0.5270462767
0.3418817294
0.5163977795
0.3535533906
0.2108185107
0.6063390626
0.5345224838
0.7302967433
0.7500000000
0.4216370214
0.3015113446
0.5000000000
0.3580574370
0.7142857143
0.7272727273
0.6681531048
0.4008918629
0.7700535411
0.4780914437
0.2886751346
0.5270462767
0.6666666667
0.5161854012
0.7161148740
0.6363636364
0.4714045208
0.2500000000
0.4444444444
0.1543033500
0.5604485383
0.6882472016
0.6666666667
0.5303300859
0.7333333333
0.5000000000
0.3817708578
0.2886751346
0.6666666667
0.2886751346
0.6666666667
0.6454972244
0.5270462767
0.5929994533
0.2611164839
0.2132007164
0.4780914437
0.5212860351
0.0000000000
0.4124789557
0.6666666667
0.4738791022
0.4708709558
0.5017452060
0.6139406135
0.5270462767
0.5025189076
0.2236067977
0.7171371656
0.5833833512
0.5400617249
0.5720775535
0.0000000000
0.6210590034
0.4714045208
0.3162277660
0.2860387768
1.0000000000
0.7500000000
0.7500000000
0.5163977795
0.4181210050
0.4296689244
0.5270462767
0.4518480571
0.6000000000
0.6674238125
0.4738791022
0.5604485383
0.2672612419
0.7272727273
0.7526178090
0.7142857143
0.7142857143
0.3015113446
0.1924500897
0.3076923077
0.5270462767
0.1924500897
0.3086066999
1.0000000000
0.3481553119
0.6324555320
0.4767312946
0.7100469468
0.6689936080
0.6324555320
0.5477225575
0.4351941399
0.4564354646
0.5185629788
0.6030226892
0.3149703942
0.5734146387
0.2500000000
0.6669729688
0.7700535411
0.5000000000
0.8181818182
1.0000000000
0.5163977795
0.8807048459
0.3466876226
0.3779644730
0.5000000000
0.4780914437
0.3813850357
0.1889822365
0.4020151261
0.1543033500
0.3651483717
0.3721042038
0.2886751346
0.4780914437
0.4453993341
0.4767312946
0.3585685828
0.6445033866
0.3638034376
0.4853626717
0.3333333333
0.5012804118
1.0000000000
0.2981423970
0.5929994533
0.4868644956
0.3726779962
0.1290994449
0.3086066999
0.6000000000
