3.068
2.909
3.317
3.004
2.444
2.303
2.803
1.703
0.797
1.425
2.154
2.995
1.308
1.165
2.082
1.929
2.215
3.571
1.871
2.137
2.697
1.576
1.977
2.662
3.016
1.615
3.485
2.3
1.304
0.483
1.711
2.935
2.66
2.731
2.55
1.198
1.209
3.325
2.604
2.681
1.572
3.445
2.366
2.167
0
3.329
3.393
2.545
2.644
1.602
2.815
3.204
2.357
3.561
2.621
3.326
3.494
1.601
2.47
2.056
3.081
2.193
2.712
3.471
1.349
1.43
2.626
1.504
2.047
1.873
3.386
2.285
2.774
2.686
1.823
2.204
1.939
2.43
1.761
1.33
2.861
2.405
1.857
2.035
1.198
1.082
1.668
1.695
2.216
2.988
3.349
2.272
2.09
2.131
2.632
1.886
3.148
2.164
2.945
3.067
3.008
2.499
2.348
1.721
2.475
3.025
2.885
3.432
2.263
2.418
0.977
2.541
1.67
2.424
1.103
2.308
2.963
2.046
2.762
3.388
1.332
2.162
2.071
2.28
1.346
2.456
2.33
1.343
2.56
1.313
2.671
2.56
1.624
1.471
2.075
3.294
2.102
1.749
2.597
3.535
4.172
2.199
1.519
1.967
1.2
3.328
2.733
1.435
2.978
2.116
1.426
2.75
1.32
0.753
3.392
2.473
1.595
1.816
2.74
1.088
2.204
2.807
1.276
3.528
1.144
2.623
1.189
2.288
3.926
2.578
2.65
2.709
1.396
1.896
0
3.58
2.935
0
2.729
1.853
0
2.799
1.282
2.138
1.407
2.638
1.909
1.898
2.368
1.563
1.023
2.884
3.929
1.421
0.843
2.36
2.274
1.22
2.741
2.921
2.831
1.108
0.665
2.575
1.495
1.024
2.516
2.041
1.666
2.734
2.014
2.816
3.347
2.056
2.935
2.18
2.978
3.373
3.428
2.528
1.677
1.487
1.675
3.253
2.739
2.845
2.587
2.178
1.575
3.121
0.646
0
2.893
2.145
2.545
1.856
2.708
2.611
0.67
2.004
3.196
1.297
3.075
2.041
1.091
2.182
2.715
3.246
2.3
1.134
3.229
3.417
3.015
3.855
3.583
2.918
2.843
2.595
3.299
2.977
3.976
2.805
3.435
3.817
3.699
3.146
2.557
4.159
2.727
3.17
3.27
2.361
4.158
3.314
3.944
5
3.498
3.876
3.223
3.125
2.806
4.488
3.192
3.409
3.526
3.544
3.326
4.138
2.32
3.228
3.451
4.273
3.835
3.332
3.709
3.564
3.823
3.262
3.442
3.345
3.254
3.556
3.372
2.875
4.177
4.86
1.614
3.712
2.513
3.449
3.982
1.19
3.968
3.024
3.438
2.813
1.198
2.908
2.569
4.116
2.771
3.22
1.661
2.584
2.884
3.527
1.995
5
2.964
3.783
3.679
2.972
3.261
3.874
4.188
2.821
3.255
1.766
3.28
1.774
2.893
3.206
2.978
3.833
2.506
3.799
3.037
3.499
3.159
3.56
3.073
3.549
3.721
3.216
3.635
3.143
4.552
2.525
3.157
3.272
2.84
3.74
2.766
2.299
5
2.736
3.541
3.479
1.898
2.289
4.258
4.188
4.073
3.319
2.463
3.641
4.07
3.351
3.596
3.699
3.894
3.148
3.578
3.03
3.279
2.698
3.669
1.474
3.318
3.837
2.889
2.741
3.24
3.879
2.353
2.461
2.902
4.357
3.61
2.926
3.405
2.419
3.186
3.691
3.72
3.142
3.344
3.789
3.747
2.602
3.23
2.42
2.389
5
2.649
3.585
4.353
3.812
3.686
4.749
2.835
3.832
2.671
3.642
2.759
1.882
2.124
3.971
3.625
3.439
2.983
3.236
3.801
3.916
3.006
2.437
3.089
3.6
4.027
3.545
4.019
2.769
1.521
4.149
2.761
3.276
3.638
1.932
3.524
2.944
3.394
2.466
3.865
3.139
3.63
2.911
4.298
3.38
3.324
2.079
3.394
2.431
3.253
3.858
4.347
3.645
3.505
4.885
4.199
3.447
3.299
3.163
3.686
3.06
2.992
3.332
3.477
3.679
3.339
3.887
3.91
3.128
2.282
2.778
3.09
3.272
3.566
1.101
1.701
2.611
2.805
3.648
2.582
2.44
2.626
2.966
3.156
2.882
2.885
3.95
1.979
2.693
4.807
4.079
3.011
3.696
2.869
3.809
4.238
4.751
4.697
3.306
4.038
3.288
1.826
4.456
4.303
3.094
4.492
3.776
1.495
4.408
5
3.775
3.079
3.926
1.011
3.485
3.591
2.816
4.679
4.294
3.045
4.875
4.868
4.021
4.491
2.922
2.58
3.854
3.686
3.532
4.979
2.896
4.363
4.331
4.283
5
5
4.289
3.092
3.537
3.978
2.165
4.179
5
4.642
4.012
4.426
3.803
3.281
4.473
4.001
4.048
3.374
3.822
3.754
4.769
3.734
4.03
1.951
3.659
4.051
3.815
4.227
3.317
3.501
3.919
4.048
4.61
3.723
3.503
4.057
3.916
3.653
5
3.775
1.336
1.308
5
4.195
4.159
3.836
4.049
2.531
3.596
4.845
3.888
4.196
1.517
3.284
4.523
4.884
4.471
4.524
4.952
4.341
3.639
2.738
3.751
3.835
2.844
4.973
3.886
4.194
4.169
5
4.006
3.719
3.897
4.92
4.729
2.371
4.478
4.285
4.2
3.576
4.428
4.019
4.139
3.976
3.896
3.674
2.946
4.638
3.611
4.449
4.569
4.381
2.625
3.988
3.577
4.833
3.685
4.543
4.132
4.303
5
4.591
3.371
3.838
2.585
4.564
3.019
5
4.409
4.465
4.641
5
3.815
3.735
4.103
3.469
3.235
3.619
5
4.006
3.289
4.408
4.196
4.588
3.63
4.189
4.552
3.423
4.356
4.328
5
3.898
3.886
1.794
3.896
4.898
3.279
4.275
3.65
2.581
3.629
4.897
4.905
3.045
4.651
5
2.693
4.189
3.14
4.814
5
3.781
4.363
3.738
3.829
4.165
4.182
4.538
4.823
3.905
4.076
3.801
3.428
4.43
4.974
3.441
4.548
4.426
5
5
4.775
4.415
3.46
3.932
4.354
3.204
3.851
4.273
4.131
4.115
2.895
3.532
4.191
3.308
3.634
4.094
4.598
4.427
3.304
3.43
3.361
3.881
2.11
4.056
3.744
3.855
3.863
4.619
3.683
3.843
4.246
5
2.355
