3.965
3.252
4.033
4.891
3.925
3.998
2.949
2.972
2.771
3.979
3.375
2.506
1.737
2.878
3.297
4.7
4.762
3.168
4.269
3.686
3.874
2.968
4.265
2.762
2.982
4.819
1.71
3.246
3.617
4.932
3.537
2.94
3.226
4.674
2.652
4.865
4.865
2.417
2.938
2.954
4.669
2.855
3.117
4.163
3.601
3.431
3.923
4.005
4.711
4.711
3.772
1.22
2.738
3.645
2.38
4.931
3.18
1.438
4.88
2.706
2.947
3.61
2.934
3.211
2.7
5
2.957
4.946
1.518
1.612
3.127
3.111
2.968
2.972
2.621
2.472
3.639
3.628
5
2.717
1.326
2.864
2.864
2.672
4.658
4.935
3.695
1.735
1.639
4.237
3.783
2.644
3.006
2.93
2.93
2.908
2.908
2.908
2.645
3.219
5
4.892
3.789
1.65
1.652
3.683
3.577
2.656
1.952
3.342
2.86
2.704
2.177
2.844
3.536
2.825
5
3.677
2.489
3.563
5
3.687
2.954
1.41
2.843
3.415
2.79
2.918
2.96
3.505
2.678
4.551
3.724
3.57
3.724
1.639
1.717
2.484
1.319
1.475
2.775
3.173
1.582
1.763
1.663
3.39
2.894
2.924
2.975
4.987
1.59
2.892
2.839
3.627
3.062
3.348
4.29
4.079
3.02
3.355
3.53
2.802
2.761
4.615
1.667
3.29
4.516
2.652
2.262
1.399
3.2
1.577
1.811
1.969
2.79
1.796
3.158
0
0
2.979
2.979
1.684
1.703
3.616
2.39
3.672
4.262
3.63
1.351
1.721
2.421
1.417
4.507
1.475
2.974
3.153
3.963
1.546
3.572
3.98
1.095
1.604
4.693
3.456
1.197
0
4.628
3.7
1.497
3.424
3.653
3.708
3.08
4.207
3.698
2.644
3.596
4.613
4.47
4.618
2.675
4.273
2.914
3.529
3.433
3.376
4.565
2.917
1.612
1.112
1.682
3.506
3.66
4.113
2.04
2.787
1.949
2.502
1.431
2.532
4.3
2.326
2.447
4.057
1.476
1.326
1.478
0.499
1.189
1.656
3.095
2.494
3.898
4.458
1.922
3.212
2.87
1.508
1.397
0.011
1.451
2.602
2.172
3.153
1.31
0.096
2.591
3.211
3.269
2.002
2.761
2.525
3.152
3.861
3.304
3.104
3.974
1.363
2.818
2.521
0.245
1.497
2.977
1.635
3.544
3.78
2.637
2.894
3.787
2.617
3.135
1.985
2.556
3.11
1.439
0.96
0.714
4.251
3.314
2.472
1.871
2.197
2.522
3.41
2.703
3.094
2.784
0.32
1.372
1.432
1.409
2.453
2.334
1.567
0.139
3.756
1.362
2.0
2.675
2.729
3.309
3.463
1.478
0.738
1.579
0
1.866
3.373
1.365
2.074
1.398
1.234
3.176
1.277
0.611
1.041
1.239
1.161
2.519
3.338
1.486
1.444
1.418
3.49
1.483
1.433
0.135
3.81
2.479
1.384
1.483
0.148
1.732
3.289
1.441
2.747
1.336
2.965
0.862
1.556
2.694
1.833
0.857
1.729
2.458
3.117
3.355
2.215
3.995
4.62
4.797
4.653
2.655
1.457
1.699
2.39
1.883
2.559
1.674
2.275
2.931
2.29
1.349
0.499
3.521
1.681
1.819
0.134
3.335
1.652
0
0.063
3.356
2.535
0.038
2.327
1.334
3.765
2.66
3.201
2.615
3.254
1.503
2.756
1.541
0.625
1.741
1.557
0.03
0.638
1.527
1.589
0
1.848
3.276
0.437
2.56
2.363
1.578
2.908
4.343
1.454
0
0
2.07
0.062
2.619
0.17
3.653
3.159
3.77
1.772
3.219
3.101
1.628
2.541
3.13
1.7
1.25
0.483
0
3.476
1.614
0.104
2.782
2.571
3.472
3.357
2.954
3.352
1.619
3.014
3.78
2.308
1.614
1.292
1.475
1.548
3.151
0
2.16
0.261
2.059
2.056
0.945
2.609
3.223
1.615
0.731
1.065
0.287
2.746
2.655
0.641
0.388
1.57
3.994
1.05
2.396
2.489
3.55
1.947
1.673
1.526
0
2.123
2.29
0.046
4.795
3.284
0.065
3.088
1.999
1.284
1.837
1.514
1.456
0
0
0
0.336
0.103
0
3.435
1.849
2.158
2.179
3.482
2.768
3.062
1.511
2.154
1.831
0
3.918
1.557
1.884
0.959
3.796
3.913
1.997
0.715
2.371
2.01
1.455
0.655
1.304
1.579
1.589
1.972
2.986
3.125
1.597
1.608
1.757
0.302
0
0.091
0.296
1.849
2.287
1.427
2.852
1.896
1.502
1.688
0.208
0.071
1.913
2.465
1.577
1.705
2.136
3.899
3.891
2.104
1.577
2.764
1.836
0.572
0.277
1.967
1.834
2.335
0
2.162
3.979
0.505
1.447
3.059
3.38
2.936
0.644
2.876
0
0.63
2.576
3.982
2.625
3.189
3.204
2.916
2.865
3.16
1.387
2.36
2.294
1.848
1.386
1.716
0.3
0
4.336
3.408
0.553
1.868
0.52
0.433
2.48
1.377
2.493
2.044
2.993
3.608
1.622
1.882
2.21
1.771
3.145
2.021
0.524
0.243
0
0.463
1.359
3.502
3.12
1.347
1.674
1.878
2.026
1.414
3.188
3.496
4.086
1.83
0.785
1.018
1.66
1.953
2.064
2.991
2.16
2.006
0.917
1.672
0.281
2.752
0.727
0.763
0.161
3.008
2.682
0.226
0.51
0.425
0.157
1.983
2.533
2.037
2.691
0
2.006
0.065
2.521
0.985
2.725
0.907
2.261
1.707
2.123
1.943
2.076
0.5
1.574
2.141
1.737
0.652
3.689
1.715
3.435
1.118
1.865
3.193
2.286
3.059
2.059
2.292
3.582
2.226
0.84
0.276
0.652
2.4
1.299
2.258
0.518
2.544
1.611
0.547
2.772
1.562
2.45
0.243
2.145
1.671
0.231
2.257
2.845
1.878
0.32
1.045
0.206
0.226
0.463
0.158
0.725
1.234
1.926
2.957
1.759
0.623
0.487
3.449
3.72
0.485
1.649
2.091
2.965
1.718
0
0
2.708
2.085
0.59
0.453
0.077
3.166
2.285
1.022
1.915
0.658
1.876
1.61
1.782
3.22
3.209
2.076
3.218
1.545
0.135
2.28
1.463
1.12
0.522
0
2.032
0.609
0.921
0.189
