3.271
1.954
3.266
3.495
1.58
4.263
2.538
3.458
4.056
3.827
3.046
4.053
3.718
4.835
3.645
3.642
2.956
3.314
2.709
3.543
3.725
4.042
4.506
4.658
3.874
3.28
3.826
1.44
3.944
4.49
4.078
3.201
2.9
2.812
3.759
4.647
3.317
3.504
3.609
3.831
4.03
4.672
4.002
2.64
3.023
2.242
2.884
3.513
3.55
4.194
4.49
4.146
4.678
2.983
4.127
3.99
3.621
3.268
2.439
2.067
4.303
4.092
3.185
4.524
3.684
3.469
3.78
2.442
1.566
2.319
3.664
4.216
1.594
2.225
3.399
2.265
3.406
3.426
3.076
4.098
3.608
4.366
4.762
2.253
4.63
3.555
3.436
4.185
3.447
3.722
3.561
4.317
3.503
2.146
2.851
4.776
2.766
3.766
3.258
2.633
3.327
4.254
3.773
4.1
4.284
3.618
3.883
2.844
3.734
2.765
1.972
3.183
3.308
3.352
4.063
1.577
3.202
3.232
2.515
4.039
4.113
3.985
3.545
3.701
3.219
3.796
4.256
3.955
4.324
2.78
3.321
3.888
2.217
3.847
3.163
3.77
3.478
3.457
3.54
3.715
3.283
3.689
3.178
3.801
4.045
2.28
3.97
4.305
3.943
3.541
3.773
4.585
3.518
3.731
3.624
3.742
4.263
3.596
4.42
2.844
3.848
2.106
4.467
4.7
2.855
3.852
4.48
3.741
3.793
2.832
3.946
3.504
4.33
2.909
2.545
2.758
3.256
3.776
3.255
1.825
4.033
3.889
3.758
3.564
3.238
1.502
4.428
3.893
3.995
4.279
3.977
4.889
3.91
4.623
3.119
2.677
4.133
4.379
1.94
2.105
3.559
2.448
2.659
2.471
3.897
4.123
3.742
3.055
3.333
3.135
3.884
3.537
3.124
3.434
3.232
3.025
2.628
3.499
3.702
1.931
2.473
2.905
4.171
3.303
3.903
3.465
2.726
4.103
3.987
3.448
3.752
3.479
4.05
2.373
1.584
4.911
2.793
4.427
3.836
3.134
3.972
3.57
4.074
2.553
3.21
3.65
3.611
3.626
3.98
4.262
3.031
3.889
3.073
3.834
3.558
4.302
3.061
1.46
1.828
3.872
2.52
3.543
3.398
3.918
3.522
4.203
4.462
3.481
2.972
2.677
3.028
3.641
4.777
4.008
3.73
4.216
3.391
4.143
4.034
4.009
3.72
2.669
2.698
2.382
3.963
3.007
3.965
4.314
4.295
3.589
3.177
4.47
3.965
3.243
3.949
4.019
3.303
3.699
3.245
3.805
4.479
3.808
2.764
3.807
3.51
3.654
2.554
3.364
3.622
4.324
3.645
3.837
2.306
4.105
3.007
2.858
3.296
3.365
2.346
3.706
3.017
3.658
4.138
4.911
2.905
2.748
3.471
2.372
3.619
4.303
3.143
4.199
3.54
3.685
2.879
3.912
3.959
3.979
2.941
3.041
2.94
3.641
3.9
4.112
3.074
3.977
3.468
3.841
3.032
3.855
3.809
3.302
2.445
2.49
3.447
3.784
3.368
3.591
3.343
2.367
4.089
2.671
2.879
4.227
4.162
3.17
3.303
3.741
1.746
2.739
3.616
4.806
3.373
2.025
3.287
3.413
2.705
3.923
3.874
3.213
3.328
4.19
3.675
3.49
3.184
2.953
3.682
4.24
2.915
3.487
3.589
3.313
4.082
4.074
2.27
3.38
2.59
3.717
3.617
4.022
1.608
2.797
3.681
2.642
2.266
3.85
3.067
3.289
2.525
3.169
2.753
2.477
2.885
3.53
2.785
4.31
3.491
3.793
4.638
3.907
3.205
2.649
3.975
2.952
3.375
2.505
3.865
3.959
4.16
2.654
3.893
3.196
1.952
3.878
4.078
2.834
1.973
4.454
4.033
3.648
3.149
3.51
2.785
4.163
2.139
4.145
3.531
4.749
2.099
3.702
3.521
4.309
2.439
3.264
4.174
3.182
1.85
3.524
4.611
4.076
4.193
4.11
3.551
1.979
2.862
3.341
2.866
2.284
4.995
3.756
2.92
3.153
4.171
3.66
3.811
4.77
3.386
3.196
4.105
2.597
2.983
3.491
3.153
2.987
2.513
3.931
2.485
4.207
4.041
3.813
4.468
3.3
3.736
3.883
3.45
3.979
3.272
1.924
2.667
3.806
2.213
3.39
2.417
3.24
4.048
4.42
3.612
3.844
3.338
4.322
1.812
3.606
4.15
3.817
1.249
3.257
4.515
3.36
2.363
2.686
3.786
4.154
4.03
3.842
4.004
3.356
2.579
3.924
3.557
3.696
2.296
2.605
2.979
3.137
3.005
2.712
5
3.832
1.839
4.033
4.12
2.092
4.521
3.906
4.255
5
2.303
3.688
3.845
3.342
3.56
4.0
3.213
3.63
3.99
4.054
1.711
3.845
4.068
3.009
2.97
3.478
4.364
3.391
3.723
3.501
2.97
3.235
4.379
3.561
3.913
3.288
3.318
4.188
3.083
2.536
3.504
3.988
3.35
3.805
3.354
3.52
3.945
3.719
4.278
3.598
4.383
3.66
2.883
3.974
1.92
2.915
4.473
4.487
4.093
3.978
3.975
3.838
2.903
3.656
3.793
3.437
4.506
3.792
3.635
2.002
3.821
3.029
4.663
2.79
4.139
3.168
2.449
3.677
4.452
4.833
3.812
2.118
3.96
4.475
2.55
4.412
3.906
3.792
2.065
3.541
3.874
3.683
3.908
3.495
3.211
2.783
3.897
3.262
2.986
4.491
3.141
4.443
2.908
3.038
2.777
3.155
3.18
3.737
3.07
3.503
3.003
4.035
4.201
3.717
4.138
3.742
3.221
3.614
4.559
1.991
3.268
2.922
1.851
3.202
3.543
1.486
3.16
1.682
2.482
4.04
2.835
3.447
4.121
2.437
3.865
5
2.845
3.944
3.611
2.065
3.003
3.754
2.901
4.39
3.683
3.646
1.611
2.248
4.522
3.966
3.533
2.543
3.001
4.314
1.859
2.23
4.025
2.712
3.792
3.953
3.128
3.45
4.134
3.893
4.297
2.119
2.56
3.179
3.998
2.606
2.594
1.86
3.046
2.936
4.921
3.769
2.548
4.27
2.739
2.547
3.711
3.075
4.399
3.491
3.59
3.569
3.903
2.935
2.46
2.339
4.715
4.454
3.722
2.214
1.126
3.451
3.324
3.188
3.54
3.783
3.762
3.301
3.535
1.458
3.225
2.562
3.469
2.408
4.272
2.746
2.864
3.311
2.072
2.229
