0.7343029654
2.5504421925
3.6742735994
2.7235978218
4.3256924040
1.4735099090
2.3580931448
4.0468336702
2.2905002511
2.5196286480
1.0751682055
1.4485198631
0.9514709179
0.6587078054
2.1884624990
2.3313054307
1.4780283159
2.2497825074
3.7385403659
1.3443508212
3.3397639313
4.0685624946
1.5732714850
4.4554007472
1.2878610167
4.0827382766
3.2710343569
3.7647340651
0.6044892392
1.0483337143
3.5489394874
0.8765913243
1.0234464694
4.0027936287
3.3884295322
3.0382004216
1.0541551093
4.1257777842
1.4444797878
4.6850371926
4.1943285236
3.4348064483
3.6043698771
1.8342910467
2.3436227971
0.6661005198
0.5161028572
0.4906012466
4.4214192763
4.0754387339
3.9691128274
4.8660574412
4.9272082109
0.9719985322
2.6506529983
4.4704139001
4.7831523609
0.5904636180
4.7555446668
0.6507708857
4.9772157435
1.5118028311
1.4457701856
0.8090740410
1.1342858104
4.6878095785
3.2563113792
4.6102438820
3.4251613513
3.2136214578
4.2568955100
4.0262677794
2.0629123567
4.1590237237
1.4037653974
3.0079865028
2.8073560228
4.9245106918
2.8647151993
1.1055317952
2.3162740887
1.9710938505
2.7535302480
1.0924908617
3.1521848421
1.2010871816
0.2613647480
1.9130834050
2.7222674566
3.3860767846
0.4828366577
0.3442572284
2.2333309148
1.5716261677
2.6796912506
1.1270847802
2.8610636706
3.3877383245
4.4463852483
3.9087456285
4.1313574864
0.2895737760
3.3970985996
4.7854040587
3.0000586057
2.4024179251
0.0053425100
1.1382570768
3.1954756451
1.3845341717
3.0339767651
4.6038814094
4.0954053861
0.4155890672
4.2991783036
1.6628189075
3.1779890660
3.5091751784
0.0364429429
3.4173034168
3.9846718855
3.1060940738
1.8654047077
1.5634689774
3.5258213113
2.6791287777
4.7840989134
0.4517344671
4.2477044428
3.5467899436
1.0288775872
4.0309038290
1.5566952697
3.5078457179
1.2957355227
0.6495491323
0.5965681537
4.3533495891
0.2801738219
4.3582762136
0.5219483754
0.9494962729
1.8193917539
2.9374548558
0.0704731620
2.9022206738
4.9416586983
4.2389976895
4.3636313127
4.8803920053
1.6879024240
3.1529895612
0.7578854383
1.3842520604
3.7802095285
3.1187223173
0.3104519736
4.0730361983
4.6970450999
3.3264241141
4.2455595929
4.0122556910
2.8671631228
4.7852577939
0.3252904981
4.2467934365
2.9206233939
0.1526948830
2.5030203358
0.6587795347
4.9089063059
0.4709706718
1.8164252911
1.9153016265
4.3153003579
1.7819369533
4.4510582570
4.5646250497
1.4756302292
0.4893226303
1.9552739689
1.6931325587
1.6877222600
3.5073838667
3.0340946632
1.5291504195
3.0411207920
4.8304950709
3.4053672547
4.5728399296
2.5974495893
4.5358450642
1.2188092703
4.1701586355
2.5130590504
4.2006296267
2.2604379024
3.4384165503
1.5514386973
4.7886675304
4.9752136132
2.4241773111
1.9811570522
1.7050324855
1.5139207909
4.7423152837
3.4092940451
2.6000334427
2.9613920950
0.4471949244
4.7395561000
1.7477607395
0.4378243952
1.8405710640
0.2632375927
1.2546409461
1.3294216647
0.4714259987
0.2502660073
1.7483292870
1.8358479004
0.9541941628
3.1827184222
4.5382604855
2.7975201697
0.9754355442
3.6060254738
3.9608471243
0.2537822901
0.1048876832
0.1208122567
3.8623544384
1.8922624961
4.7329608945
3.2238152708
4.0217121778
4.8796478000
4.6592750702
1.9680370931
2.0678931054
3.0547426693
1.9200268861
0.9543574865
4.8490641390
1.0466841941
0.3082062419
0.2089377332
1.7136954282
0.1258491527
4.4804581397
2.5282856478
4.1705150787
3.9642243791
0.4063437587
1.8877685584
3.5110681153
4.5783596424
0.3766500170
3.2762720940
1.2652479277
2.5446459380
4.6021132568
0.6218304567
3.5792121710
0.7473507185
0.1854676357
4.3582505428
3.4723932236
4.9690092249
4.5992351890
1.2144943715
1.3648111330
4.2254567792
3.7384001426
3.3159733502
0.6396648385
0.9396547274
0.7084377245
0.0146705074
3.3944106393
4.5358017412
1.1506052516
4.6234945283
0.9645557109
3.4049464619
4.5715834761
3.5454587860
1.5096442543
0.1729660573
0.6352368716
1.0517711492
4.6149649217
4.9095122348
4.0703255304
4.0819427134
2.8730557997
3.1111406616
4.9574564572
0.0864273231
2.1069477623
0.6227456590
0.9675410744
2.7965653760
2.8262137463
0.9186585164
4.2467865303
1.3418265030
2.6643507609
1.5289988836
0.2721737214
3.8102528515
0.6320085349
2.6893834969
0.1569726321
0.8999494314
3.6884139384
2.2248090527
2.6667484507
0.9884268788
2.2394690103
0.1039754127
0.0392777781
1.7691766040
1.0249928859
3.2616655734
2.5917058924
3.6032751948
3.4721294596
2.0678390275
4.8781413003
1.2059256916
0.9328735610
2.9972393368
4.7418354956
2.0471245106
1.4599240640
0.5376040010
1.2273917742
0.4711959222
3.5287230176
3.4736590960
0.7974699353
0.6264876582
1.7097808815
1.3442717383
0.2807115406
0.7044229852
4.0125395935
3.9283342684
1.1867359233
1.0923330047
2.9415327931
2.0487041972
1.5118081441
4.9886495888
2.1620363950
4.1609874939
3.5550394016
2.9693507918
1.7034581564
4.1239187633
4.0277558229
1.3538683560
2.4252122270
3.1299743400
0.4040959096
4.9354676218
3.8257092227
4.0486923681
0.8932279980
4.4194953139
1.4374344340
0.8316316095
3.0551997285
0.4725868718
4.9700816880
2.2182670846
0.2038495202
4.6122837896
1.9426784244
3.7283097688
2.6900582183
0.7605093841
2.8910240580
4.9304885014
1.6136552490
3.4125900896
1.9081389689
0.7339090759
1.7274005777
3.3182153388
4.5354808226
3.0894972348
3.3546493462
0.8797539028
0.0872486711
3.0401530516
0.2047030654
1.2101647810
1.7781087451
1.6841330039
2.5257174831
2.7864579284
4.4082093248
1.8724969989
2.1517555384
4.7300008343
0.4136008874
1.5444997541
0.5736519696
4.0522827935
2.3434621826
3.6014833368
1.1664269724
0.3500161980
3.0092983003
4.3576793790
1.4408076290
2.8082748870
2.8500934734
1.5035195810
2.5328704426
0.3819700844
2.3589646246
3.4323706504
1.8119140523
0.3471963001
2.5619918200
2.8644688619
1.2585408571
1.2333193182
3.5725441599
1.2422690324
1.2568276792
1.4182276243
4.6616445195
4.0501069361
1.3487815443
3.3626538811
4.2869192687
0.3492921137
4.8365149658
1.8102459219
2.2627799611
4.6294137085
1.4863686130
2.0391037463
4.0891282991
1.9102944580
1.9163157119
0.9344017460
4.1946337705
4.6298313458
1.0382848115
4.7927104120
1.0062005193
0.6047047347
2.5135434313
1.1645706490
