6.05233
6.37889
6.36921
6.56721
5.4136
7.95918
7.93008
6.38416
4.22386
5.95294
5.79453
7.39198
3.33355
6.64032
6.20996
6.8992
10.2609
7.08576
10.5728
4.8238
7.45101
6.45949
8.58991
5.90167
7.5123
8.60579
5.78476
5.75073
8.28409
6.52599
7.1652
5.93553
10.1351
6.3972
7.27847
9.24569
9.24569
6.90788
7.32742
5.82004
6.51066
8.70547
6.01394
9.16621
5.87338
7.92022
6.16449
5.89366
5.84073
5.84073
7.76049
2.70447
8.12327
8.3206
8.81391
8.13413
6.83793
5.55787
8.93314
4.99809
7.89455
6.90875
6.84384
6.57099
7.38776
9.46936
5.12537
6.7701
4.83961
4.71499
6.59342
6.96802
6.35478
5.77578
7.62929
7.92121
7.94817
6.01194
6.4692
8.49318
4.79132
5.80822
7.10645
6.35475
8.29586
6.24115
5.29206
4.20443
4.87726
9.2504
9.74056
7.19223
5.57704
6.79272
6.79272
5.82004
5.82004
5.82004
8.10717
6.44569
8.57309
5.94839
7.44583
6.29463
4.80198
6.64683
10.0066
4.35002
6.42822
7.11485
5.71697
7.37134
7.37337
9.14304
8.53392
7.10552
5.29054
5.97466
5.41381
7.7171
7.8804
6.39183
5.38683
5.25293
6.77694
7.36691
6.77747
5.82004
9.3353
6.58211
8.55948
6.8175
6.3201
7.59182
6.56679
4.89878
5.40725
7.26819
5.27499
4.946
5.60209
5.02992
5.43816
4.7873
4.53051
5.59002
6.41263
5.38353
7.31738
7.8739
3.58902
6.50117
5.98588
7.10703
4.23841
8.23228
9.736
7.44695
6.32448
6.66199
7.2762
4.73472
6.07878
7.89785
8.1575
5.65084
9.12939
7.94215
4.60208
5.60536
4.31209
4.61809
7.00109
6.55353
5.94221
4.81659
5.76857
3.57641
3.8511
5.32636
5.14521
4.87726
4.99616
7.54578
7.51868
8.03415
7.9021
7.5127
7.04517
5.68171
6.3429
4.28603
5.73552
5.02351
7.83028
5.38537
6.15599
7.64767
8.13463
7.81892
6.22909
4.55967
8.95525
7.71872
7.56972
3.8511
8.23388
7.75339
3.85773
8.42877
7.316
8.36301
6.06497
8.52991
4.96833
5.70131
5.63833
7.17939
7.86782
6.39608
7.89929
7.50827
6.66165
4.68768
7.30814
6.45249
6.31304
7.39763
4.59107
3.19104
5.50867
7.3667
8.60372
8.88562
6.57747
5.94107
7.33155
5.43641
4.56618
4.63502
6.90992
7.21802
6.73038
7.45684
3.82327
6.23028
4.69353
4.15669
4.24006
4.07052
7.11228
7.8678
7.00354
8.20872
7.16631
8.04926
7.22517
6.13521
4.72609
1.86163
2.95701
9.31636
5.54098
7.71182
2.70985
4.36925
6.35984
6.49537
6.11888
4.50617
5.14294
7.37777
5.96381
6.86917
5.01968
4.47317
5.57514
3.65158
7.21241
5.83337
2.52363
5.46025
6.48373
6.18026
4.93256
7.10676
8.02071
7.63854
8.37049
6.97745
6.01383
7.22072
7.27028
5.40148
5.50402
5.63884
5.56237
7.81903
6.56214
6.21554
6.75915
5.36554
6.84845
6.57227
4.64839
9.09885
6.62963
3.43936
4.81207
4.92144
4.0073
6.07526
4.5288
5.11555
3.58824
8.1887
3.81532
4.53679
6.67687
8.9159
7.91237
8.1418
5.44087
4.5168
4.87101
3.05556
4.07615
7.29409
3.89508
5.22943
5.63738
6.24746
7.48423
2.42861
5.3715
5.1523
5.61379
3.78631
6.24625
5.31816
3.97371
4.135
5.19042
7.77447
4.12191
4.65876
2.89461
7.62013
8.16061
1.85294
3.93291
3.21029
4.69294
6.20083
5.29544
6.47108
4.97569
6.4619
8.0194
5.55048
6.30269
5.78173
3.33483
5.02379
6.11866
6.22471
8.65379
7.94237
7.86963
8.04204
7.8663
6.63637
5.44374
4.45759
3.96861
7.5732
6.82364
8.0256
3.97434
5.34235
6.03604
7.64975
4.78578
3.40581
7.67246
5.69963
6.32082
3.56529
5.99795
5.18331
5.0587
3.20682
6.01254
6.11564
3.35378
5.55037
5.91097
6.6901
6.06849
4.84754
6.94941
5.73556
5.77779
7.32975
8.65144
7.12581
4.79341
6.37889
2.45492
2.75578
4.66814
4.01466
4.97289
4.75064
6.57137
3.6171
6.44407
5.99167
5.29411
8.15047
7.8369
3.49062
4.82561
4.03104
4.74988
2.51193
5.88695
7.26287
7.12039
6.68422
7.78015
4.65359
6.10245
8.32481
4.00708
6.189
8.37575
5.47984
8.21147
3.00766
3.83517
7.24672
4.45975
3.54945
7.89027
5.64966
8.77682
6.82985
6.49673
5.49877
5.77173
7.42311
7.85492
7.49116
5.43901
3.75597
5.77404
5.90181
7.46126
4.06152
3.83538
3.30918
8.55744
5.03087
5.09792
4.8863
6.70349
5.37157
4.06377
2.93093
4.01682
7.95585
5.8792
3.22842
2.9905
5.50191
7.40715
2.74726
4.72136
5.31938
6.66026
5.74825
5.56124
5.53519
3.0681
6.80813
6.39404
3.34277
9.17909
5.09652
2.68181
5.52804
5.71653
4.29853
4.11006
3.96196
2.87211
4.29991
2.26422
2.27639
5.34183
2.81672
3.66608
7.53197
3.46908
3.59321
6.20051
4.79872
7.13293
5.53261
6.95288
6.78059
4.04549
3.90341
6.2329
5.36193
3.54136
4.60811
6.5723
8.2592
6.604
2.59782
3.83475
6.73758
4.80827
5.43637
4.54526
5.11019
4.54208
4.69626
5.81035
4.5366
5.3959
7.26187
4.00942
3.99698
3.51638
2.11128
3.90039
4.59807
7.55262
4.50234
5.43352
5.93275
5.52429
2.89192
3.09485
4.4952
4.41867
7.53439
6.30828
5.77117
3.38157
8.86234
6.87066
6.32594
6.74153
7.32307
3.94749
3.46257
4.46528
5.58188
4.82771
7.19234
3.11663
3.99743
7.90506
2.69811
2.78235
7.07874
4.47916
5.14745
7.14603
5.69876
5.59376
3.21873
6.95984
4.9781
8.03486
7.13921
6.72542
6.68831
5.58174
7.26706
4.24914
4.69822
6.76146
6.2411
4.935
3.80288
2.37884
4.18479
5.51489
5.71654
6.33734
5.7061
5.50613
5.14379
5.67902
4.99294
6.16963
6.0969
7.8059
7.02835
5.16314
5.20824
5.28031
3.67625
6.98036
4.77985
5.94255
6.01098
3.35726
4.45021
5.69238
7.71372
5.12963
4.2115
5.88639
5.44246
5.68167
3.49898
7.94551
6.69656
9.04491
3.975
3.07507
3.00826
4.82598
4.99076
5.58499
7.04034
4.9874
6.64995
3.51816
4.90836
3.89136
6.93035
3.73699
4.24688
4.37893
7.2347
5.7397
4.70599
5.44461
3.4381
2.86434
6.32738
6.28767
4.88626
4.82501
5.07417
6.28292
5.34391
6.6854
3.05628
5.58075
5.8695
4.26975
4.84853
4.79854
4.98456
7.21994
3.71089
5.79202
4.9618
5.33282
6.95582
7.5382
5.89773
6.4842
4.15557
4.04026
5.38019
5.57785
7.49141
5.84028
4.99736
5.7772
7.10922
4.43252
4.7039
4.65584
6.78514
4.76556
3.78171
3.56035
8.12049
4.72877
3.71118
5.47188
5.91217
5.34111
4.82521
4.13671
7.28823
3.67903
5.64009
6.21368
3.12107
5.36308
3.99854
2.85127
4.21801
5.20222
4.63866
4.88964
5.04314
5.93887
7.1678
5.51223
4.69965
5.09817
6.78647
8.29484
3.03039
4.51042
6.39026
5.81278
6.73215
4.26013
4.58124
5.76231
5.80891
4.30105
4.25916
2.20581
7.0631
5.61113
4.17371
4.17378
3.11467
7.3431
4.58395
6.19599
7.70045
6.42771
5.39618
2.60085
4.137
4.93268
6.35868
6.16455
3.36985
3.88424
4.39722
5.98705
3.72816
5.62833
4.00601
