6.44258
8.29782
8.25425
8.14535
9.36019
8.00525
8.72595
8.4905
8.96955
7.62811
7.38815
7.98555
7.98392
8.45315
8.82168
8.87525
6.57751
7.49209
7.34732
7.87843
8.72294
9.20004
8.57057
7.96474
7.8941
9.14794
8.49034
6.04055
7.52176
9.04742
9.2585
8.11034
10.1007
9.43988
7.55333
8.83328
8.92203
7.93089
6.46179
6.21508
9.04281
7.83185
7.09415
8.30322
9.65453
6.42164
6.88406
7.98392
9.77585
10.4017
8.07923
9.0215
7.32403
8.53017
10.7671
9.41915
11.0249
10.0334
7.28587
8.64908
8.03407
6.90238
6.46179
8.92521
9.46319
7.98847
8.30044
9.187
8.59471
8.97681
8.26746
9.39669
8.64004
10.1007
8.45527
8.4917
8.41482
7.7683
6.60236
9.19768
8.83328
8.94731
8.69893
8.00192
8.60056
5.83099
9.72946
9.65674
9.56866
6.60236
8.08575
5.91109
9.42228
7.87609
8.51943
6.05069
11.2497
5.63258
7.34568
8.60349
8.05832
8.6185
7.93238
6.46179
8.79929
7.55339
8.21122
9.12629
7.09415
8.70498
9.27556
10.7099
8.35133
7.62811
7.93238
7.51424
10.0386
7.24263
6.03775
6.33408
6.36175
8.88178
6.46179
6.81765
8.63965
8.05217
8.92979
7.95164
6.49183
7.00575
7.82111
8.55077
7.57026
8.21927
7.70951
8.81941
7.09286
8.03442
7.58156
8.69136
8.01569
9.61402
7.33916
9.03036
8.33916
7.62811
8.68049
7.72552
8.28843
9.15113
7.86801
9.53679
9.03302
9.22898
8.54771
10.6746
8.23531
7.17423
9.96139
7.23125
7.70509
9.7595
9.08035
7.72012
8.37408
7.58627
9.03888
9.25038
9.14138
8.66966
8.16572
7.61982
9.93962
8.54342
9.34043
8.13045
7.16721
9.00959
8.18436
7.93089
7.20546
8.98213
8.75218
8.75056
7.7374
9.05062
9.11086
6.45364
9.23277
8.20128
7.31287
7.66742
6.9163
9.34043
7.12257
6.82433
7.97326
8.45029
8.44338
8.66966
8.38196
6.46179
8.827
7.2674
8.81825
8.01666
8.95462
8.71901
9.09755
8.53511
7.91536
8.13179
8.84214
9.05726
8.07923
8.71901
8.64716
7.37697
8.71236
7.04137
8.66693
6.42164
8.24189
9.57222
9.41458
8.28161
8.72714
8.66189
9.42228
8.78854
9.65674
9.63648
9.39905
9.02239
8.25234
8.00187
7.91536
8.32256
7.91461
8.88178
8.51943
9.10461
8.28055
9.42228
7.04633
8.7773
8.04022
9.07562
9.5755
9.2585
9.13087
8.38196
8.37386
8.93326
10.9128
7.8935
8.40684
7.55839
9.51863
9.55972
9.532
8.03365
8.3534
7.8634
8.66966
8.48276
9.16576
9.78351
9.42228
8.66966
7.09724
7.23125
7.62247
8.9527
10.4747
8.23019
8.09747
9.20396
8.37707
7.45878
9.54137
8.92979
7.71804
8.66824
8.88187
8.39251
8.84214
8.55684
7.62811
8.05712
8.29053
7.24263
7.61732
8.99955
7.23125
9.02747
8.78964
8.72714
7.72786
8.81038
8.16035
7.01095
8.8348
8.11069
8.67825
8.19881
7.3912
7.93238
6.22881
8.92979
8.52212
9.90635
6.77097
9.9666
7.82511
8.48311
8.60349
9.59833
7.57372
7.35789
8.75191
7.93238
8.49172
8.66464
8.56919
7.7294
8.38196
11.0219
9.31879
10.1784
6.19361
7.71238
7.54076
7.82677
9.05726
8.87809
8.42676
9.33843
9.31715
10.2373
8.1715
6.42164
6.42164
7.92484
7.80086
9.19514
7.82511
6.6339
8.39201
8.38196
8.25175
10.1007
7.98059
9.84376
8.65382
9.13847
10.0631
8.7234
8.47561
7.73696
7.53661
7.91168
8.32865
8.84214
7.96474
9.17109
7.23125
10.8834
8.66189
10.1784
8.35133
6.41277
8.46793
8.97681
7.73838
7.844
8.40299
8.13673
7.62811
7.8659
9.41915
8.21736
8.19881
9.47328
8.26206
8.19881
7.09415
8.30044
9.45242
8.45351
8.1426
8.38196
5.66212
9.00493
8.91892
7.53435
6.55552
6.14021
9.62825
