3.4834627
1.4775585
4.3037669
3.1831045
1.802988
4.8468044
3.0007242
4.366326
4.1431194
3.9940754
3.6306457
3.829125
3.2550161
3.4587917
4.1410635
3.7032251
4.020377
3.8554162
0.95494913
2.9390129
3.0289097
4.4642248
4.2643092
4.4362519
3.6078037
4.5031218
4.1170765
3.416255
3.1015884
3.7824071
4.3319301
3.4564156
3.9545805
2.81652
3.7284245
4.5654939
3.5586435
3.7020507
3.7599133
4.3532755
3.259915
4.8060896
4.0053563
3.0481819
4.3370996
2.4218772
2.66295
4.254818
3.1757656
3.9286691
1.9138743
4.1837616
4.5819313
3.5783887
4.0559188
3.6823408
3.5712302
3.9358537
3.9784156
2.5880019
4.8114049
4.1565326
2.7931247
4.3640031
4.2646757
3.5256171
3.8876243
3.1699579
2.2701983
2.6033139
4.2079096
3.9293605
0.99224052
3.5556288
2.4159399
3.1381278
3.0807635
3.5419547
4.0421683
4.0541533
3.9314272
4.1381635
4.7055814
2.6799885
4.7640834
4.030362
4.130572
3.8800998
3.6140686
3.4081119
2.9554807
4.3659995
2.8395745
2.4045183
3.435128
4.1533533
2.8868301
4.1431072
3.3446205
2.620827
3.1020873
3.60801
4.3809978
2.7481671
4.2491169
4.6803909
3.9436994
3.4884261
4.0141056
3.7627725
3.1017342
3.0713754
3.0032259
3.9491348
4.025075
1.000309
3.1829347
2.8887067
3.3647041
4.1705002
4.2417413
3.0741775
3.8750072
4.2214846
3.4134123
3.9333754
4.9228907
3.7092345
4.696122
2.7065565
4.1056916
4.2008043
2.3696692
3.5484967
3.3372085
3.7624068
4.4048562
3.0949693
2.7720688
4.036695
2.8701472
3.1069645
4.1440038
3.4775998
4.7658053
4.2466111
3.8469038
4.4562321
3.2492689
4.1366447
3.1184763
4.3351466
3.5573103
4.2077062
3.1648306
3.9463612
4.4222799
3.8281333
4.7280745
3.1956678
4.2445859
2.9328742
4.4385995
4.7072799
3.6704415
3.8426842
3.196275
4.2056876
4.3070737
2.3785309
4.0719724
3.8802411
4.6912089
3.5309962
4.0744174
0.35330848
3.5304309
3.4998379
4.3484682
0.70536487
3.8804215
3.547168
3.5585826
3.5948579
3.6949644
3.2105922
4.2869693
4.692138
3.9715865
3.9937242
3.9559225
4.6367121
3.6966608
3.8598692
2.6121596
2.8807107
3.6513059
4.1986241
3.1055791
2.9951607
4.1753506
3.4889391
3.2987527
3.4521925
4.1470617
3.7495168
4.0894214
3.8402701
3.3548711
2.6217697
3.9979407
3.1438114
3.0277194
3.9191289
3.4607611
3.9621246
3.3319996
3.7665385
2.9005099
1.2833519
3.4366522
4.3001157
4.0008195
3.6673982
3.6622278
1.7994421
3.4661412
4.3382705
3.4247309
3.5977761
4.586379
3.065356
3.5182316
3.2309032
0.9282936
4.2428839
4.3206323
3.1228224
3.4172809
3.107744
4.428908
4.0329251
3.0780758
1.9732203
3.4756824
3.6672356
3.5655186
3.9421047
4.0077991
4.8588953
3.2488143
3.1582203
2.0092399
3.8880851
4.346649
3.4118633
4.3168433
2.4945128
1.8985379
4.5578957
3.8136205
2.8891646
2.9624318
3.8432601
3.764523
4.3566866
4.4229636
1.9508447
3.7845925
2.9743258
3.4803627
4.6429851
4.6546072
4.1818332
3.7511163
4.2259697
4.0705426
4.6275909
4.0950148
3.8357098
4.4369417
3.2967491
2.8307214
2.4193721
3.9205618
3.758401
4.6916235
3.9404416
4.0767863
3.5454204
2.7446063
2.8007038
4.8272522
3.780834
4.5013063
4.5751182
4.6456584
3.8823508
4.1940967
4.1879498
4.6256248
3.4748591
3.4109288
3.6525373
3.2914107
3.5391087
2.4600666
3.8108351
4.2819686
4.6182904
3.2702551
3.175214
3.2306691
4.5686435
3.8002103
2.4703927
2.090358
3.3959591
2.6384328
3.5184827
4.1559395
3.0888641
4.6836351
3.9418272
3.4342485
2.6878891
3.4790952
3.591661
4.8514421
4.5880428
4.4498534
3.7949753
3.6323051
4.3525525
2.9363772
3.7760814
4.6620172
4.3713404
3.6280914
2.2817937
3.484074
2.4341969
3.808049
4.1792498
4.0784671
4.1811679
4.4900394
4.3572497
4.2291341
3.8314953
3.5413073
3.6790286
4.1918101
3.458272
4.1693969
3.4455519
3.3079909
4.5648538
3.5877229
3.9366879
3.0236664
3.38512
2.9128168
2.6065047
4.4091152
4.0996236
4.0408023
3.5926528
0.53683704
3.1430329
3.1231814
4.0294668
3.2059798
3.874563
2.4116239
2.4966726
4.4367628
4.3897284
4.392387
3.4832692
3.4428906
3.4362069
4.1480533
4.0432395
3.3719433
3.8385909
3.3787218
4.1268603
2.9943585
4.2821443
3.7156745
3.1922586
4.0222547
3.2459591
3.5574728
4.6118792
3.5707333
3.5096913
1.3370847
3.1988263
1.1253646
3.2525318
4.0944626
3.8571445
4.2263552
3.9685512
3.3633581
3.6293783
2.2177167
3.7566446
1.764268
3.5980586
4.1896564
3.6928872
4.3732002
3.7127277
4.0341158
3.0811828
4.1038458
4.7876907
3.1579837
2.7048531
4.4947642
3.8742089
4.117658
3.0041531
3.2429929
4.3694915
4.2254656
3.8231239
3.5910491
3.3276611
2.6394917
3.7041732
3.684301
4.0963121
3.8006953
4.4203833
4.3237614
1.276753
3.9237206
3.4045908
2.6000624
4.0135439
1.969911
4.2508741
3.9890745
4.493633
2.9840297
3.0898374
4.1502261
4.3920836
1.7744439
3.5406589
4.7096289
3.6328468
3.5770004
3.3044812
2.652478
3.7458405
4.2199426
4.4593093
3.2827046
2.2578411
3.2321036
3.841248
2.2391391
2.517854
4.2127384
3.4545748
1.3234707
3.1763771
4.4713525
4.2020106
4.366911
4.5073793
3.5364692
3.4945062
3.8465129
2.0991889
1.8702322
4.7042229
4.2875222
2.4118626
3.3750703
3.4741224
4.5381507
4.3011947
4.0313783
4.3641827
3.906609
3.5034962
3.4403588
4.5971134
2.5186701
3.1741104
1.4825898
1.0755819
3.3368077
3.943216
2.4284942
3.9381787
1.8734115
2.8446422
4.1040717
4.5655249
3.5724167
4.5267534
3.2807474
3.785232
1.961567
4.1890467
3.9525881
4.5465595
1.7848934
3.9707466
4.2014769
4.0654032
3.047101
4.0349689
3.6554425
4.5705231
4.4175665
3.7860152
3.7038018
3.1344794
2.3705908
4.5407509
4.4477712
3.5868393
1.8000749
3.4460984
3.1365861
3.746222
2.3154668
2.7056357
4.5280469
4.2002396
1.1923572
3.8520752
3.6403199
2.1493269
4.8423879
4.0977838
4.1474641
4.4391988
3.0734165
3.4348845
3.7819791
3.7710747
2.0285578
3.9546813
4.1213277
4.3548506
3.7703225
3.68212
0.96506331
3.385134
4.4714384
3.0006562
2.9481314
4.0204617
4.4595128
3.8106926
4.3909366
4.1713259
3.6605786
4.0635155
4.1539469
3.6856667
3.7079785
4.1530708
3.8757145
3.8959999
2.9650879
4.0392758
3.8508644
4.07137
4.2308977
3.8260557
3.7129571
4.8619397
3.4478864
3.6939791
3.7295627
3.9323791
2.8990606
2.5865045
2.2573446
4.1027295
2.7603157
2.7527659
4.1425306
4.6419531
4.1081952
4.1792786
4.3350857
4.3287713
3.7013786
4.1227007
4.2580629
3.7932734
4.7250393
2.0727334
3.1574572
2.6622472
4.0554916
3.6339248
4.4424377
4.0480647
3.9597319
3.6242288
4.1713354
3.5518336
4.6347594
3.1503636
3.9404674
2.9591841
2.8967783
3.8680827
2.580619
3.5050089
3.6049858
3.2682583
3.0978083
2.8868658
4.0665933
3.3144778
4.6360396
3.5526834
3.6659201
3.030497
3.3657868
3.461172
3.1552222
3.8432306
2.1379924
3.7019232
3.4654259
3.8129223
2.2600681
3.6187543
3.752885
4.505348
3.8304504
3.9769522
3.1191657
4.3381756
3.7328065
3.5563681
3.0730129
2.9510276
3.2373168
3.5148891
4.1967506
1.1579652
3.661198
3.2961593
2.2017397
3.409853
3.8832957
2.2306504
4.2137145
2.015061
2.2587981
4.5157818
4.2833588
3.0292223
4.5881487
4.2578348
3.9427516
4.3269056
3.2056603
3.6023908
3.7357137
2.7579591
2.9054431
2.3294249
2.2932111
4.3512514
4.1989919
3.6048587
2.9352009
2.3419405
3.6173961
3.6791187
3.6443844
3.3836798
4.0557273
4.5218358
0.81015952
3.5773005
3.8054188
3.4694526
3.7261704
3.8685074
3.1081764
3.0069858
4.4373137
3.491308
3.0992522
2.8995074
3.5017279
2.7048999
4.0587572
4.4581831
2.9990902
3.7394561
3.282534
3.5605866
2.6963467
3.53519
2.8901571
4.1457137
2.8998968
3.4350599
3.9590554
3.7625941
4.4178353
3.1333441
4.2609449
3.810434
4.0821684
3.2563946
3.6106956
1.9442104
4.5715648
4.4027415
2.6920557
3.3130212
1.4814152
3.3554105
3.0080484
3.4663187
1.0429634
4.578612
3.6569393
3.324635
2.6607326
2.610347
1.9616598
3.8913493
3.3693684
3.563654
4.4087181
3.0174308
3.1665871
1.7547979
2.5803316
3.5117981
4.0298246
3.8562475
3.8880031
4.7823584
3.5259079
4.1053178
3.1219045
4.0819541
4.1970871
3.5293492
4.0060058
4.347101
1.4385646
3.3616758
3.9182254
5.034893
4.1908151
4.340722
4.1170723
3.4129467
3.9778509
2.0608405
4.0900326
3.4099106
3.3259478
4.5221369
1.8396222
3.6476422
4.1466659
4.4721418
3.6634764
3.5478946
3.9373741
3.9127352
3.260227
3.9308626
3.9308626
3.5245408
4.4012898
2.9844898
5.032512
5.0622986
3.4597982
3.9773345
3.9461993
4.322464
3.6869546
4.0510788
4.9598032
4.9598032
3.5498225
2.3604231
3.5849987
3.9218451
3.4913826
3.9487724
3.7606064
2.8222058
3.9449603
2.8846486
3.6115506
3.3672608
2.8895343
3.3184063
3.7111587
3.9095911
2.0618256
3.9570281
3.0428899
2.7929592
2.9663583
2.9917283
3.3947743
3.3672146
3.2130714
2.2151009
3.9684239
3.353271
3.9673703
3.5198447
3.0635601
3.2808659
3.2808659
2.9440372
3.97281
3.9801364
3.6090603
1.4168074
1.9815522
3.7252047
3.5846634
3.099128
2.9175036
2.9075151
2.9075151
2.860778
2.860778
2.860778
2.886981
3.0838127
3.9566177
2.8787868
3.3062722
1.7421507
1.9305312
3.1979508
3.8055372
2.9102257
2.2349342
3.0891593
2.6479602
3.6720248
3.2889979
3.5672547
4.4970107
3.3409133
3.9813613
3.9751205
2.9540278
3.8562957
3.3084275
3.6625576
3.0528541
3.1868182
3.1834282
3.6603731
2.8685622
2.8193971
2.8781088
3.3116108
3.2023636
3.9576337
3.1783119
3.4845216
3.1731613
2.1405222
2.8290846
3.1087435
0.69869007
1.7450048
2.1196006
3.8528289
2.4171404
2.9339056
3.0473659
3.8624566
3.300167
3.4896206
3.1569269
4.2965463
1.3042713
3.1964184
3.4724084
3.1244099
2.8233321
3.8429193
3.667737
3.8164964
3.082411
3.4124935
3.5444707
3.8909853
3.2478659
4.1957484
2.7642937
3.104994
4.085828
3.1896337
2.4867257
2.9927898
3.8710875
2.7831535
2.223007
1.0250037
3.412357
0.8401671
3.016353
1.6619116
1.4436855
2.6715609
2.6715609
1.8987613
1.9484253
3.7254177
2.091871
3.5957475
3.6365678
3.3399072
2.3230133
3.1501249
2.9425189
1.1417177
4.0323187
1.65948
3.9071636
3.1628697
4.4325644
2.9326552
3.6279101
3.9839565
2.364468
2.5278779
4.3556149
3.2780468
3.6337439
1.6728308
4.2115809
4.0899984
0.34938828
3.7725954
1.4215882
3.7242177
3.8105751
3.5889549
2.7070397
3.2207959
2.7017626
4.2275783
4.1605316
4.2345315
3.4114069
4.0190441
2.4593265
2.3447936
4.2947296
2.3767128
4.0715886
3.3963329
2.820822
1.5424081
0.54340158
2.8454242
4.3371879
4.3256638
4.2154765
1.4993324
1.3155297
2.5425867
1.0296564
2.8209291
4.3393668
2.6132254
3.2598544
3.0604844
0.81488311
1.751259
2.5266606
1.5251815
1.8023518
0.92761894
3.0440948
2.2614045
4.6534563
3.3160754
2.5328342
2.8958555
3.6323412
3.0255919
1.3645135
0.74125964
4.1038996
3.5833014
3.5742129
2.9959486
0.75513501
1.1378297
3.4274618
3.2677294
4.5292484
3.9868104
2.8761429
2.7272851
3.5235541
4.3720672
3.1294341
1.7317006
3.5395816
0.69623262
3.9670319
3.11865
1.1609054
1.3486857
3.8163662
1.9757058
2.9754367
3.543474
2.8017805
2.9488724
4.1701947
2.9038272
3.223108
1.575627
3.2224857
4.4203061
0.58264781
1.3147805
2.2133109
2.5696561
2.7753888
2.0559092
1.7181792
3.2998387
2.7458649
3.2618053
2.5674979
3.2102261
3.1827463
0.7641329
0.86118209
0.70982674
0.51485057
2.6968413
3.4610705
1.3688134
0.73391902
4.1105331
1.2398512
2.7651316
3.3922515
3.8264831
3.6168515
3.0509747
1.9757411
2.3633617
1.706071
0.95830419
2.3613675
3.1717419
0.59306997
1.0274084
1.4478606
1.8424164
3.7792434
2.9640207
0.024096643
0.71705261
0.84321801
1.5213383
1.9674572
3.8042645
0.84994522
0.6398921
0.63348382
3.211167
1.5004311
1.1124667
0.93512545
2.6711046
3.1153482
0.65760929
1.0724314
-0.060192746
1.7671554
3.94057
2.0931919
3.1692951
1.3343213
3.9780965
3.1989633
2.9527776
3.0319127
1.2312352
0.48715072
2.4311646
3.3052312
4.038701
1.8927987
3.2071462
4.5121931
4.9400643
4.8607345
4.4683796
1.2756524
0.90920527
2.1225062
3.2159028
1.3681845
2.7701364
0.99100585
3.7618949
2.4105156
2.5925627
3.0235127
0.085715737
4.0567553
1.8659109
1.0458244
1.0518813
3.5762091
2.7218043
1.2919181
0.43293013
3.5102044
1.7808316
1.1279653
2.242608
1.5133086
3.6387385
2.7757484
3.5895267
3.1707904
3.4682076
3.7265794
3.6956681
1.6511291
2.2480134
2.6981624
0.69063394
0.36394281
1.0558084
1.6142044
1.3673486
1.4656115
1.3081177
3.8877866
1.7930945
2.1628949
2.6447883
0.25447848
3.656858
3.4072144
3.2328469
0.72531763
1.0365865
2.4674245
1.068028
2.9738586
2.8641808
2.4873515
3.3676003
4.6129497
2.3725096
3.6039062
3.2856194
0.82712172
3.1022553
2.3024175
2.7745167
2.8579041
0.078695897
0.81746024
3.2573167
3.0110556
0.78497619
2.8985983
2.8230173
3.506792
3.6046781
3.587239
2.8336727
1.5712097
3.7050023
2.7663515
2.2128667
1.954087
1.6969434
1.9342054
2.3763467
2.5434514
0.19025125
1.023272
0.061747746
3.8821686
3.6268288
2.3237183
3.4062281
3.1891659
2.2442513
0.61931076
1.9254324
0.74729804
3.1018163
2.784071
0.27691842
1.0107652
1.7466087
3.8219712
1.4369072
3.3784331
2.9639308
3.6342848
3.0445183
2.3871646
0.94399251
-0.17730873
3.2197165
1.5097035
0.3183153
4.3105564
2.7985749
1.7142795
3.5955659
3.0345315
2.5509596
0.79937487
0.35859586
1.2933825
0.9859611
-0.24560876
0.60080208
0.82746669
0.58457484
1.0827312
3.3659895
2.4865388
2.1751236
2.8225448
4.1135785
1.832153
2.9323351
3.4814549
2.1733103
1.2389967
-0.1689993
3.0962526
1.6921592
1.1142406
1.2260585
3.5861043
4.6047571
3.0855308
0.54253934
3.0112074
2.8272286
2.3394699
0.62384143
0.81580936
0.91916506
1.5748252
1.2054832
2.9503589
3.5468474
1.9425009
1.6565705
1.5303288
1.0640679
1.6442169
0.52579128
1.5112637
2.7732045
0.90280671
2.0125717
3.1795418
1.7968426
0.23473864
1.8719743
0.052581078
1.0852756
2.4203101
3.6353417
2.1174351
1.7456499
1.041446
3.3232175
3.5352254
1.9879317
3.331469
3.3326288
1.0741776
1.1980179
-0.077729085
3.089162
1.1503504
1.7318603
0.36169681
1.8322971
3.512403
1.5439998
0.37787904
2.4039542
3.7206279
3.3662839
2.4194649
2.1867759
1.7793094
0.34047516
2.2391167
3.6794327
3.1788118
3.3252367
3.767203
3.2745393
3.6076098
1.5592095
1.4921114
1.6680876
1.5062262
1.1434066
1.2263518
2.4316955
1.7911539
1.1149198
3.3675621
3.1884797
2.0600945
1.3357081
0.095161138
0.52835215
2.2236486
1.7670625
3.2585421
2.740412
3.0588292
3.6760575
0.86891405
0.57692887
2.0632274
1.7346988
4.0421595
2.576516
1.5194371
1.4105057
0.2172372
-0.16822608
0.11258037
3.1765331
3.6538079
1.5401896
1.5879758
2.1491918
1.9721299
1.9832658
2.7389811
4.194941
3.3645582
2.1226008
0.88130597
0.42924418
1.9558585
2.6205662
2.417778
2.5412622
1.9857723
2.4396186
-0.53423218
1.8661886
0.57033607
2.9062995
0.064918024
-0.11851716
0.93659272
4.1913274
2.1559718
1.7274176
-0.33915442
1.4589254
1.0811049
2.4278783
2.8446556
2.7832723
3.4669769
-0.10602711
0.59558802
0.31103783
2.8031591
1.7970288
2.8122963
-0.16878303
2.346927
0.43777984
1.4258324
1.4051099
2.7636976
1.1083789
2.521214
1.122624
2.8217114
1.7238712
3.9854805
1.2450113
4.2531396
1.3645212
1.2685358
2.9278475
2.9785995
2.8101294
3.3190411
3.1515237
1.7027118
3.1104546
0.35319163
-0.55873291
0.39553282
2.3464453
0.86168507
0.97823615
0.86543158
1.9498195
-0.097953749
2.2934669
3.1323403
1.9334467
2.6234289
-0.0077341562
1.0032427
2.0268506
1.2178589
2.6893105
2.6598309
0.67553109
0.17318929
1.9831466
0.42152917
0.39497008
1.5541243
0.65377779
0.15852405
1.5884485
1.016498
0.9452795
2.5705418
1.4258406
1.3342575
2.5911131
4.1814194
1.4717458
1.2686337
1.7841768
3.0484254
2.7986963
1.8343458
2.5797133
3.0791329
2.8667748
-0.10837914
0.60984506
0.39949385
3.3945788
3.2999812
-0.27185138
1.7121562
0.50174471
2.0356792
1.83253
0.78575775
3.6272902
3.3368077
2.2145769
3.3710311
1.3635021
0.66901908
1.7215843
0.66279782
0.55540061
-0.48321844
0.80981813
1.0874481
0.35998018
0.77035932
0.23291479
3.4451275
4.3578915
2.8742725
4.0955912
4.1957087
2.4525538
1.9545321
3.4561662
3.9769441
3.0480873
3.3658349
3.1425366
4.1329687
3.0668529
2.1144125
4.3528586
3.46197
3.8863592
4.3479587
4.5996868
2.4111649
4.063617
3.2775313
4.063617
4.1297644
3.5073911
2.9657056
3.5934121
4.5644476
3.5439328
2.4396661
-1.2961233
1.7828741
2.2530977
3.62942
4.4791932
1.7483963
2.8983897
4.2948333
5.4807141
2.9215308
4.063617
3.8433432
3.2131818
1.8170283
4.0510742
3.6602679
3.1164257
4.063617
4.2220297
4.3528586
4.6737361
3.0878469
3.0944375
3.4807682
3.5722818
5.5079306
3.1516256
4.1131822
4.1297644
2.3409831
3.0406696
1.9461357
5.4807141
3.9924311
3.2839485
3.6602679
3.6602679
4.1161899
3.8944661
4.8316682
3.6467853
3.8433432
3.2579587
4.2062148
4.1297644
2.6993741
4.3528586
3.6800222
3.0671581
1.9461357
3.6275553
4.0181357
4.1957087
4.171591
4.3528586
5.4807141
3.2938725
4.1308863
4.1297644
5.5740518
3.7816105
2.432731
4.4215852
2.8849
3.7067449
3.2938725
1.6942036
4.1131822
3.9943503
4.2961314
1.536236
4.1957087
4.9755697
3.7736038
4.2263648
1.8719664
4.3528586
4.9755697
4.6928793
2.9362991
3.6384949
4.3528586
3.2507878
3.9195903
4.063617
2.9912375
3.6384949
2.381748
3.0927023
3.8908595
4.1656504
5.4807141
2.5043686
5.5079306
4.420697
2.2555657
3.869903
4.0181357
3.2938725
4.2238482
2.0389196
3.776818
2.8393425
4.6570153
3.6384949
4.0181357
3.127266
4.3479587
4.2608827
4.3528586
4.2737193
2.6338861
4.1957087
2.7886281
4.2220297
3.0821698
1.5345658
4.7167653
2.2900935
2.8393425
5.5079306
3.6232125
5.5079306
4.151696
4.0098121
3.8466939
3.6989982
1.8236705
4.3528586
3.0067205
3.0773882
2.924263
3.7736038
2.555653
4.4224496
2.7266816
1.7378048
4.1297644
2.5247182
2.5527947
4.9755697
2.5929607
2.069178
2.5228823
2.4093709
2.9256657
2.9856545
1.9063469
2.8358342
4.063617
4.9755697
4.8496188
2.366598
3.5540656
4.0600843
3.6384949
3.8744483
4.0756854
2.3611355
2.7264667
4.3528586
4.3528586
5.4807141
4.2119388
3.7941225
4.274741
4.2446282
4.2262714
4.3528586
4.1131822
4.1297644
4.0366196
4.1297644
5.4807141
2.555653
2.8849319
1.8286953
3.5102697
3.8980954
5.5079306
3.2507878
1.4931625
3.7217213
2.437629
1.8286953
4.1957087
2.7101742
2.7048404
3.272626
2.6153454
2.268828
3.3497589
3.1518949
4.3528586
3.2938725
2.7105901
4.0087303
4.3479587
2.4165179
4.485132
2.5720836
2.6786212
2.9347546
5.4807141
4.4181098
1.7503198
2.9752082
4.1447128
4.2305839
2.6902485
3.3195379
3.5791643
4.1131822
3.0127965
4.3578915
3.6767376
3.0797521
3.0480873
2.7188407
2.7723199
3.4076272
3.6785799
3.4933688
3.7747772
3.9860265
3.9287294
2.7264667
2.1261348
2.8296613
4.6725804
1.8286953
4.0181357
2.1261348
4.3479587
3.0361481
1.7104222
2.3547078
2.6742576
4.0366196
4.5644476
4.3385113
2.8393425
2.5574967
2.9871343
1.8385525
4.1957087
2.7839363
3.3214879
4.171591
3.3824191
3.4564231
4.9755697
4.1458476
3.2938725
4.0379065
3.7736038
2.4093709
2.994021
4.0181357
2.30843
4.2778547
2.7691505
3.7941225
3.2601078
0.13340024
4.0275413
4.0009562
4.0366196
3.9425129
4.1131822
2.7637103
3.2935958
1.8286953
4.2874504
3.4233189
4.171591
3.5020875
4.3578915
3.8341436
3.6220907
2.8474146
4.9755697
2.0389196
0.2263211
3.8027764
4.0417734
4.1297644
2.2377187
3.511031
2.7723199
4.0352737
2.9567043
2.3450211
3.8638387
3.9274185
3.6384949
4.1131822
2.7264667
4.063617
4.2948333
3.3189128
3.2247291
3.6384949
2.6082018
2.6733654
3.5881825
4.6737361
3.9170958
4.2964605
2.9836164
4.9755697
5.4807141
3.5429712
4.1515507
2.5885793
3.2938725
4.0756854
3.9324361
3.0480873
4.1801816
4.3528586
4.171591
3.7941225
3.1885503
3.2241766
3.8104161
3.0064228
4.063617
3.4233189
4.1957087
5.5079306
4.3528586
3.4930984
4.063617
3.1992135
1.8286953
3.0089639
3.2938725
4.1297644
4.0181357
1.8147801
2.3470148
5.5079306
1.3173288
3.1750483
3.450782
4.1957087
3.6220907
3.0821698
3.5015379
2.7918991
2.7731441
2.6078509
4.5187358
2.4474702
2.7723199
4.5056906
3.0288199
3.0421438
2.4577012
4.2623695
1.1331214
4.5114973
4.1308863
4.3528586
4.274741
2.782817
1.7516194
4.0530004
3.8272765
4.3528586
4.0181357
5.5740518
2.0419057
2.7723199
3.769722
4.063617
4.1297644
4.2220297
3.7082107
1.9378881
3.0509428
3.8489047
-1.761533
2.517124
3.1494164
4.1687961
3.1494164
3.7736038
3.5446841
3.7837367
3.4667638
4.9755697
2.4044538
3.4614889
4.1957087
4.063617
3.7736038
2.2595015
4.5605449
4.3672792
3.3656678
4.1297644
3.8695089
2.0993316
3.9655537
5.1229762
3.4384418
2.3435415
4.3578915
4.1957087
3.6384949
3.8769146
3.6384949
2.317818
4.171591
4.1957087
4.0929269
4.151696
2.6902485
2.6788468
2.9846331
2.559927
3.5959273
2.0550915
3.2938725
2.4703152
2.7264667
3.7717499
3.6917607
3.4150094
3.1252725
1.9606693
3.6877649
1.8891238
1.4902752
1.1819872
1.8215017
3.1537831
2.4227545
1.2668668
1.8478173
2.5159494
1.4989743
2.4144782
3.224484
2.3482875
0.47312098
1.304024
1.0371928
2.8919005
2.3018793
4.2185325
0.68553516
1.7412386
1.0566259
1.4613553
2.3534386
1.7402296
1.2655373
2.8369836
1.0065672
-1.0852617
2.1320253
1.0910976
2.1514468
1.389967
1.94638
1.3566674
1.6241255
2.289525
3.0557792
3.0109467
4.7185012
3.1551355
2.5243441
1.4329166
1.2229097
1.7340801
3.4256462
1.2660169
3.5168226
3.5449898
2.1715903
2.6084405
2.1429093
2.015277
2.8991757
2.5304668
1.284893
2.7004301
2.9167691
0.18794503
0.71881073
1.746742
0.81169998
1.0386991
1.7743529
3.601136
2.4194431
1.7644183
1.8033003
0.86625609
3.7772978
1.2906824
2.5357048
1.626893
-0.012611757
3.3866616
2.3531309
2.1116911
0.82422084
-0.64158027
-0.34491631
1.7116194
1.590726
0.66887537
-0.65376153
4.1547241
1.6439564
1.4222152
2.1135962
2.7312051
2.3025728
2.0974372
3.2295287
1.5638081
3.4010628
2.2388614
1.5757859
1.4903106
0.90319163
2.8456788
2.6967829
1.1712823
2.4888786
1.3606476
1.6442389
-0.56535801
2.0383765
0.31434654
3.0133392
0.077730607
-0.68736023
3.8456375
1.4800811
1.9902571
0.92455956
1.1614996
1.7679404
2.9917313
1.3954877
-0.052184596
2.9251824
3.0984382
1.3887214
1.7089719
1.0054177
3.5944773
0.88024818
0.73616557
2.6471723
0.76801278
2.5016402
1.264033
1.5574641
3.0182153
1.9447698
4.0025078
3.1101197
-0.28032131
0.46846104
0.49559723
2.3832414
1.5431711
2.0930827
2.7499018
2.7018947
0.94706269
1.6588651
3.1298726
-0.93927444
3.042056
2.4928794
0.04159988
0.13153947
2.1785149
1.2620643
0.46548211
1.7032258
-0.062593587
3.834728
0.1605586
1.5005748
1.8935358
2.0315333
3.894858
2.2511395
2.2470982
2.311446
-0.25572289
1.0245191
2.2693355
3.5972094
2.5854302
2.0478096
3.1233961
1.2838373
3.0517798
3.2300839
0.60223836
2.352771
0.17974445
3.3954885
1.1726782
0.84979463
0.8040755
-0.55286447
0.81444854
0.78950722
2.6345132
0.89207477
0.85585962
1.2459755
2.3433722
1.0891512
3.0145299
1.3623356
1.9007688
0.41089336
1.2814916
2.1144968
1.2517731
0.96087679
2.4642498
2.7348259
1.5426006
2.5464625
-1.0460003
2.4925784
3.0624894
3.157709
2.3401505
-0.5757354
2.2923786
2.5990249
2.3366922
1.3592459
0.25098577
0.28924487
0.37150622
3.1155787
2.7639763
1.8926363
2.9153875
2.7600643
0.28752747
3.357047
0.4209852
2.1989265
2.2114752
3.6029283
2.0969378
4.1802645
2.0832877
1.4991475
1.6525444
-0.13970392
3.8788458
0.53881754
3.7356977
1.7954774
0.62221654
1.7828126
3.4644622
2.7423568
2.72034
0.43084155
3.283673
3.2804171
-1.149786
3.6219688
3.9329903
3.4265194
2.7118104
3.8648011
4.4205792
2.5932908
3.1481462
1.9405933
2.5602393
4.1395224
4.8337475
3.6482887
3.4874905
3.6998176
2.5001882
3.1602942
3.2411253
4.2322779
4.7034278
4.3703838
2.9852051
5.1873753
2.4383082
3.4512652
3.8191963
3.2720465
4.1495344
3.3974434
3.7584228
3.53915
3.2883137
3.7237477
2.1466778
3.4259105
0.43653792
3.6632135
2.1496646
3.6003575
3.6555268
2.6366542
3.6860348
3.5891546
3.492267
2.7843728
2.4252689
2.8220931
3.5707748
2.1239619
4.503628
1.6101227
4.3460024
4.512381
3.2887094
3.1550401
3.3213762
2.448572
3.7606185
4.0636139
3.7547814
3.4248595
2.8386222
2.4972825
3.1830604
3.1241267
3.4833486
4.455003
2.116928
3.095296
3.0817522
2.7959667
4.175826
2.9452916
2.5161747
5.2853821
4.0789037
2.3057721
2.6152184
3.6960015
3.6283047
3.9178803
3.8911795
2.4510932
3.4001911
2.0601697
3.3177474
3.3698548
3.0568771
3.2034883
3.5548703
3.858547
0.25789431
4.187571
4.1376019
3.4915262
4.1020352
2.319292
3.7159348
4.2201518
4.0204103
2.8269933
3.0163986
3.0650071
2.9663483
2.5777217
3.2806542
1.9097405
2.2287888
4.3916682
2.0826786
3.7775631
5.3054605
2.388815
3.2092663
3.7216649
2.9307838
1.6510209
3.6763357
3.7158286
4.9834145
2.6540734
2.2837928
3.8198974
3.996128
3.4305069
3.9895695
2.9062769
3.6827413
2.8907461
3.4316521
2.7785876
3.5406583
3.6441875
3.5470121
3.3970923
4.0873574
3.3480828
2.5124095
3.3922729
2.9984252
3.9996277
2.24336
1.9764107
3.5198298
3.1595197
2.8721058
0.67471884
4.0690545
3.9275954
3.3549633
3.8450395
3.1106006
2.0702451
2.3178911
3.3208386
3.5232329
2.6673116
3.9101654
1.4815629
2.2167759
2.1574084
2.2177412
2.1415928
2.2532649
1.758834
3.8424667
3.0848695
1.9667935
4.222804
1.6951268
2.7340826
3.1041888
3.2447763
1.965985
2.6256701
2.9899678
3.942674
2.9959501
3.4968219
3.5945558
3.2069596
3.2538113
3.5471137
2.8523248
3.5555625
3.5140557
3.007026
3.9722412
3.1356676
3.8959948
4.1636285
2.7052883
1.7115784
4.242005
2.6885917
3.1295707
3.591948
2.6546781
1.5340611
3.513722
1.7955445
2.9359641
4.5160755
1.0533977
3.0806805
0.93319551
2.9121875
3.2439414
3.9648024
2.3012614
3.7437028
4.0381445
3.7255147
3.33735
4.7532148
3.804913
3.6796678
3.2462064
3.028255
2.7371384
3.6886237
3.9142401
1.2906075
3.9242898
3.3952472
3.4895432
3.7388067
3.5963948
3.4786739
2.3756934
1.9915608
2.6388382
3.6613605
4.5520397
0.89455975
3.6282019
3.8152442
4.0548068
2.1439954
2.7263847
2.27177
3.4620067
3.1307404
2.7415324
2.5204541
1.6085909
3.986329
4.2075024
4.1258817
4.026881
4.0674894
3.4029981
3.885619
3.5778849
3.6003354
4.0819002
4.3898126
3.9342723
3.5479494
4.1923795
4.41677
2.7623513
4.6130809
3.8515049
3.4545818
3.0672224
3.5646876
3.4070684
4.4572931
4.0515535
4.5084395
3.8593964
4.8585433
3.9022407
3.3532951
4.034085
2.6396694
3.79583
3.2026482
3.8102915
4.8328836
4.3093046
4.7657418
4.4563927
4.0233294
3.1127018
3.5799863
3.9665401
3.8947895
3.9433465
3.7538392
4.2157418
4.1883252
4.3987154
4.1969458
4.3529049
4.289985
3.2719969
3.6150265
3.1979512
3.58062
4.3268287
4.4867435
4.8548447
3.7404636
4.0272915
3.5432585
0.80146505
3.9535234
4.2967872
4.4882934
4.0642221
2.3206214
3.5088975
4.5385887
3.4919529
3.7931446
3.2344007
3.7508318
3.2222969
4.893156
4.573365
3.8551396
2.7710174
3.827549
4.6399483
4.1355637
4.0742392
3.4176537
4.2872049
4.0112214
3.4385829
4.6905101
4.4506298
3.6075251
2.0554628
4.7954988
3.8913407
4.0302057
3.0225494
4.0945917
4.4765292
2.6299518
3.7653324
3.6618243
4.0308693
3.7129225
2.6514356
3.9543995
3.5107263
4.0197962
3.766209
3.5540371
3.5083173
3.9247267
3.7601398
4.3091914
4.2358492
3.6614084
4.6470602
4.046303
4.0704605
3.822346
4.4467218
3.2706195
3.2429121
3.3013576
4.3560228
4.3885201
4.1703022
3.498323
4.6202347
4.3018227
3.6395205
3.5290429
4.2921572
3.834525
3.3578109
3.3932001
3.624702
3.3101879
4.434037
3.4794046
4.3813384
3.7607138
4.0526214
3.4287796
2.5633687
3.8076547
4.3761408
4.0622816
4.2141737
4.537296
4.2459085
4.3956555
4.9570855
3.6673867
4.2897287
3.4817645
4.0893889
3.6279362
3.2108639
4.3845496
4.5702142
4.4337242
4.8564232
3.6050373
4.0533006
4.5085656
3.8036538
3.8998356
3.9815398
4.1357314
3.3933558
3.8735848
4.0248944
4.3199502
4.6494346
3.6518834
3.0741034
3.8693955
3.8034069
4.0667329
4.6046752
2.8152832
3.6402963
3.8746806
1.0972358
4.0891187
3.8977543
4.0434321
4.3677083
4.0597968
2.5761537
3.9771408
3.2817859
4.0369198
4.1116805
4.4441764
4.23962
3.8124077
4.0438144
3.5465611
4.1326606
4.3881862
3.8387314
4.1220831
4.6239285
4.0189463
4.5055042
3.7253172
3.6773548
4.6584381
3.7421198
3.3177631
3.6629562
3.7545947
4.0659466
4.3284739
3.8868102
4.3032106
3.9523607
4.4538746
5.243691
4.4416423
4.0801601
3.9987021
3.8597456
4.6749836
4.273894
3.8759118
4.3031348
4.7229096
3.2504644
3.9088723
3.0933271
4.5932484
3.9651802
4.6875104
3.9537078
3.9058177
3.5215289
4.644974
3.1186304
2.9615695
3.181658
3.5935551
3.9794625
3.3607841
4.2187433
5.0218824
4.5562957
4.2060284
3.697373
3.7365414
4.2619184
4.1737976
4.0676232
2.5493232
1.660271
5.054963
3.3658128
4.5763841
4.5384716
3.8159963
3.8927753
1.1461039
1.63
2.3975921
2.1574262
1.8039296
3.9680194
3.134501
2.9388501
3.1389391
0.3900222
3.2366286
3.9352749
3.8964504
3.6564931
3.6723227
3.3606538
3.6181875
4.2347907
1.8793578
3.3775277
4.0677868
2.9215603
2.9965919
4.2543899
3.6650185
1.7675208
3.314792
3.5038167
3.4857878
1.8102325
2.6662479
3.9236178
2.6971585
4.1016344
3.630051
4.3842651
3.8544856
0.55949207
2.1574262
4.7728238
4.4558025
3.5169967
3.5495105
3.4680339
2.3114219
3.7756148
4.8668645
3.9129002
3.9732598
3.1452692
3.1379231
2.4423932
2.5961086
1.8108541
3.8136903
2.635403
3.0435652
3.5617836
4.2021963
4.1262494
4.2155176
1.8535344
3.9296379
4.6166248
4.36466
3.3813364
2.0430131
4.4865599
3.9647696
2.7924847
3.1030325
3.314792
4.0284379
4.502689
3.8652661
3.9125763
0.99231583
4.9755393
3.9300204
3.8356926
2.7924847
4.670086
0.43784689
4.4520253
4.0453635
4.2425431
2.2200449
3.693802
0.75708213
4.134371
1.7609915
2.3528221
4.4919876
2.4309345
1.8102325
3.665124
2.6872991
3.5884135
3.781832
4.1016344
3.090171
2.61203
3.9738182
4.3674694
0.41018333
2.4309345
3.7372013
4.2009601
2.7958718
3.984414
1.7618912
3.1467085
4.3767897
1.7672381
1.9386677
2.6816966
3.657932
2.8064469
2.7205092
1.3477109
3.9076134
3.787535
3.0175936
3.9560238
4.244921
3.5702202
2.888104
2.2678647
3.34492
3.6946989
1.9493794
4.4586225
3.607554
1.8300304
3.863928
1.3885561
1.1461039
2.3075059
4.374499
4.0640297
3.6252874
3.2027436
4.7924124
3.4344403
3.170537
3.4796346
3.8109057
4.1241989
3.9086639
3.5404684
3.7073142
2.7133707
4.3070131
3.8635708
3.7823939
4.490962
3.8024727
2.5905359
3.1019894
2.7670788
3.8797939
1.5066784
2.5775308
4.246164
3.8708701
3.3973676
2.9072313
2.904618
3.7410098
3.8921877
3.4857878
2.7724741
3.4845749
3.8263893
4.0563932
3.6739221
3.7786668
3.7465337
4.0092018
3.5388799
3.9679005
4.4407469
4.5713765
3.5644242
3.3973676
3.069414
3.13565
3.5309367
3.7073142
2.8009702
3.670182
3.8930994
1.8102325
3.9241951
3.7504103
4.0790351
3.5058808
3.6070982
4.0635725
3.1134204
3.5674738
3.91117
3.4865434
4.2347907
3.4407074
3.5169967
2.2531979
4.2786751
1.5216738
3.978386
1.7617055
4.3217475
3.8544856
1.7760062
3.9119829
3.0186688
3.4975838
4.3495257
4.063617
4.4520253
3.6007738
3.9300204
3.8191126
3.5951876
2.5257486
4.3436521
3.7846033
3.911946
3.4410205
3.9168773
3.7751488
4.2491039
4.4382144
4.1789102
4.4520253
3.5406099
4.1936447
4.1725543
3.3142132
2.3976692
3.0827532
4.4053172
3.8930994
3.9991834
0.98701636
3.8195622
2.395686
2.9715347
4.0082774
3.9389265
3.2514246
4.2770722
2.103118
4.352683
2.5257486
2.7456545
3.6093045
4.4426369
3.3294575
4.4520253
3.6502932
2.7724253
3.7073142
3.9347406
3.4961374
3.6539175
3.739049
1.7039231
3.8834903
2.2521181
3.7858428
2.7093426
2.8064469
3.6409144
4.3539009
3.4981558
3.6020532
4.2347907
3.4747764
0.41018333
4.1678078
3.7134754
2.7958718
3.5848462
3.331506
3.7073142
4.7578304
1.3637347
4.3495257
1.6665996
4.3467573
2.4682073
3.0989042
3.1703202
3.499599
2.7296194
3.4971508
4.5760683
2.4309345
3.1314211
2.8064469
3.6046521
4.8986871
2.8587534
4.1149546
3.4778257
1.9929651
1.7609915
4.2010489
3.464517
3.9573791
3.6346557
2.4309345
3.4372613
3.4549151
2.5141844
2.6400332
3.8930994
4.4520253
1.759164
4.0593398
2.6577431
4.368017
3.0176228
3.5605255
3.4701709
3.7046031
3.74213
3.4395127
2.7941092
3.1699372
4.1844751
3.8544856
3.8544856
1.827081
2.8827132
2.916158
3.4778257
3.5271337
2.6840535
3.8930994
3.9200541
4.36466
3.6948947
3.5188395
3.8196152
3.9042718
3.1723067
4.4899414
3.6325634
3.1406551
3.1581646
2.7787141
3.9985224
4.2347907
3.765591
3.7221239
3.7073142
3.8050021
4.063617
4.0593398
4.3674694
2.3510204
3.2423936
3.9639692
3.4368141
2.4796296
1.4538477
3.8140987
0.41018333
2.3524835
4.8231235
3.8118884
3.4971508
5.0220081
3.8628874
3.4647433
4.1016344
3.5617836
4.8990807
0.9760984
2.4975607
3.8930994
0.91900991
3.2253069
3.8157403
2.195933
1.8972752
0.95136312
3.1803797
