4.0298246
3.8562475
3.8880031
4.7823584
3.5259079
4.1053178
3.1219045
4.0819541
4.1970871
3.5293492
4.0060058
4.347101
1.4385646
3.3616758
3.9182254
5.034893
4.1908151
4.340722
4.1170723
3.4129467
3.9778509
2.0608405
4.0900326
3.4099106
3.3259478
4.5221369
1.8396222
3.6476422
4.1466659
4.4721418
3.6634764
3.5478946
3.9373741
3.9127352
3.260227
3.9308626
3.9308626
3.5245408
4.4012898
2.9844898
5.032512
5.0622986
3.4597982
3.9773345
3.9461993
4.322464
3.6869546
4.0510788
4.9598032
4.9598032
3.5498225
2.3604231
3.5849987
3.9218451
3.4913826
3.9487724
3.7606064
2.8222058
3.9449603
2.8846486
3.6115506
3.3672608
2.8895343
3.3184063
3.7111587
3.9095911
2.0618256
3.9570281
3.0428899
2.7929592
2.9663583
2.9917283
3.3947743
3.3672146
3.2130714
2.2151009
3.9684239
3.353271
3.9673703
3.5198447
3.0635601
3.2808659
3.2808659
2.9440372
3.97281
3.9801364
3.6090603
1.4168074
1.9815522
3.7252047
3.5846634
3.099128
2.9175036
2.9075151
2.9075151
2.860778
2.860778
2.860778
2.886981
3.0838127
3.9566177
2.8787868
3.3062722
1.7421507
1.9305312
3.1979508
3.8055372
2.9102257
2.2349342
3.0891593
2.6479602
3.6720248
3.2889979
3.5672547
4.4970107
3.3409133
3.9813613
3.9751205
2.9540278
3.8562957
3.3084275
3.6625576
3.0528541
3.1868182
3.1834282
3.6603731
2.8685622
2.8193971
2.8781088
3.3116108
3.2023636
3.9576337
3.1783119
3.4845216
3.1731613
2.1405222
2.8290846
3.1087435
0.69869007
1.7450048
2.1196006
3.8528289
2.4171404
2.9339056
3.0473659
3.8624566
3.300167
3.4896206
3.1569269
4.2965463
1.3042713
3.1964184
3.4724084
3.1244099
2.8233321
3.8429193
3.667737
3.8164964
3.082411
3.4124935
3.5444707
3.8909853
3.2478659
4.1957484
2.7642937
3.104994
4.085828
3.1896337
2.4867257
2.9927898
3.8710875
2.7831535
2.223007
1.0250037
3.412357
0.8401671
3.016353
1.6619116
1.4436855
2.6715609
2.6715609
1.8987613
1.9484253
3.7254177
2.091871
3.5957475
3.6365678
3.3399072
2.3230133
3.1501249
2.9425189
1.1417177
4.0323187
1.65948
3.9071636
3.1628697
4.4325644
2.9326552
3.6279101
3.9839565
2.364468
2.5278779
4.3556149
3.2780468
3.6337439
1.6728308
4.2115809
4.0899984
0.34938828
3.7725954
1.4215882
3.7242177
3.8105751
3.5889549
2.7070397
3.2207959
2.7017626
4.2275783
4.1605316
4.2345315
3.4114069
4.0190441
2.4593265
2.3447936
4.2947296
2.3767128
4.0715886
3.3963329
2.820822
1.5424081
0.54340158
2.8454242
4.3371879
4.3256638
4.2154765
1.4993324
1.3155297
2.5425867
1.0296564
2.8209291
4.3393668
2.6132254
3.2598544
3.0604844
0.81488311
1.751259
2.5266606
1.5251815
1.8023518
0.92761894
3.0440948
2.2614045
4.6534563
3.3160754
2.5328342
2.8958555
3.6323412
3.0255919
1.3645135
0.74125964
4.1038996
3.5833014
3.5742129
2.9959486
0.75513501
1.1378297
3.4274618
3.2677294
4.5292484
3.9868104
2.8761429
2.7272851
3.5235541
4.3720672
3.1294341
1.7317006
3.5395816
0.69623262
3.9670319
3.11865
1.1609054
1.3486857
3.8163662
1.9757058
2.9754367
3.543474
2.8017805
2.9488724
4.1701947
2.9038272
3.223108
1.575627
3.2224857
4.4203061
0.58264781
1.3147805
2.2133109
2.5696561
2.7753888
2.0559092
1.7181792
3.2998387
2.7458649
3.2618053
2.5674979
3.2102261
3.1827463
0.7641329
0.86118209
0.70982674
0.51485057
2.6968413
3.4610705
1.3688134
0.73391902
4.1105331
1.2398512
2.7651316
3.3922515
3.8264831
3.6168515
3.0509747
1.9757411
2.3633617
1.706071
0.95830419
2.3613675
3.1717419
0.59306997
1.0274084
1.4478606
1.8424164
3.7792434
2.9640207
0.024096643
0.71705261
0.84321801
1.5213383
1.9674572
3.8042645
0.84994522
0.6398921
0.63348382
3.211167
1.5004311
1.1124667
0.93512545
2.6711046
3.1153482
0.65760929
1.0724314
-0.060192746
1.7671554
3.94057
2.0931919
3.1692951
1.3343213
3.9780965
3.1989633
2.9527776
3.0319127
1.2312352
0.48715072
2.4311646
3.3052312
4.038701
1.8927987
3.2071462
4.5121931
4.9400643
4.8607345
4.4683796
1.2756524
0.90920527
2.1225062
3.2159028
1.3681845
2.7701364
0.99100585
3.7618949
2.4105156
2.5925627
3.0235127
0.085715737
4.0567553
1.8659109
1.0458244
1.0518813
3.5762091
2.7218043
1.2919181
0.43293013
3.5102044
1.7808316
1.1279653
2.242608
1.5133086
3.6387385
2.7757484
3.5895267
3.1707904
3.4682076
3.7265794
3.6956681
1.6511291
2.2480134
2.6981624
0.69063394
0.36394281
1.0558084
1.6142044
1.3673486
1.4656115
1.3081177
3.8877866
1.7930945
2.1628949
2.6447883
0.25447848
3.656858
3.4072144
3.2328469
0.72531763
1.0365865
2.4674245
1.068028
2.9738586
2.8641808
2.4873515
3.3676003
4.6129497
2.3725096
3.6039062
3.2856194
0.82712172
3.1022553
2.3024175
2.7745167
2.8579041
0.078695897
0.81746024
3.2573167
3.0110556
0.78497619
2.8985983
2.8230173
3.506792
3.6046781
3.587239
2.8336727
1.5712097
3.7050023
2.7663515
2.2128667
1.954087
1.6969434
1.9342054
2.3763467
2.5434514
0.19025125
1.023272
0.061747746
3.8821686
3.6268288
2.3237183
3.4062281
3.1891659
2.2442513
0.61931076
1.9254324
0.74729804
3.1018163
2.784071
0.27691842
1.0107652
1.7466087
3.8219712
1.4369072
3.3784331
2.9639308
3.6342848
3.0445183
2.3871646
0.94399251
-0.17730873
3.2197165
1.5097035
0.3183153
4.3105564
2.7985749
1.7142795
3.5955659
3.0345315
2.5509596
0.79937487
0.35859586
1.2933825
0.9859611
-0.24560876
0.60080208
0.82746669
0.58457484
1.0827312
3.3659895
2.4865388
2.1751236
2.8225448
4.1135785
1.832153
2.9323351
3.4814549
2.1733103
1.2389967
-0.1689993
3.0962526
1.6921592
1.1142406
1.2260585
3.5861043
4.6047571
3.0855308
0.54253934
3.0112074
2.8272286
2.3394699
0.62384143
0.81580936
0.91916506
1.5748252
1.2054832
2.9503589
3.5468474
1.9425009
1.6565705
1.5303288
1.0640679
1.6442169
0.52579128
1.5112637
2.7732045
0.90280671
2.0125717
3.1795418
1.7968426
0.23473864
1.8719743
0.052581078
1.0852756
2.4203101
3.6353417
2.1174351
1.7456499
1.041446
3.3232175
3.5352254
1.9879317
3.331469
3.3326288
1.0741776
1.1980179
-0.077729085
3.089162
1.1503504
1.7318603
0.36169681
1.8322971
3.512403
1.5439998
0.37787904
2.4039542
3.7206279
3.3662839
2.4194649
2.1867759
1.7793094
0.34047516
2.2391167
3.6794327
3.1788118
3.3252367
3.767203
3.2745393
3.6076098
1.5592095
1.4921114
1.6680876
1.5062262
1.1434066
1.2263518
2.4316955
1.7911539
1.1149198
3.3675621
3.1884797
2.0600945
1.3357081
0.095161138
0.52835215
2.2236486
1.7670625
3.2585421
2.740412
3.0588292
3.6760575
0.86891405
0.57692887
2.0632274
1.7346988
4.0421595
2.576516
1.5194371
1.4105057
0.2172372
-0.16822608
0.11258037
3.1765331
3.6538079
1.5401896
1.5879758
2.1491918
1.9721299
1.9832658
2.7389811
4.194941
3.3645582
2.1226008
0.88130597
0.42924418
1.9558585
2.6205662
2.417778
2.5412622
1.9857723
2.4396186
-0.53423218
1.8661886
0.57033607
2.9062995
0.064918024
-0.11851716
0.93659272
4.1913274
2.1559718
1.7274176
-0.33915442
1.4589254
1.0811049
2.4278783
2.8446556
2.7832723
3.4669769
-0.10602711
0.59558802
0.31103783
2.8031591
1.7970288
2.8122963
-0.16878303
2.346927
0.43777984
1.4258324
1.4051099
2.7636976
1.1083789
2.521214
1.122624
2.8217114
1.7238712
3.9854805
1.2450113
4.2531396
1.3645212
1.2685358
2.9278475
2.9785995
2.8101294
3.3190411
3.1515237
1.7027118
3.1104546
0.35319163
-0.55873291
0.39553282
2.3464453
0.86168507
0.97823615
0.86543158
1.9498195
-0.097953749
2.2934669
3.1323403
1.9334467
2.6234289
-0.0077341562
1.0032427
2.0268506
1.2178589
2.6893105
2.6598309
0.67553109
0.17318929
1.9831466
0.42152917
0.39497008
1.5541243
0.65377779
0.15852405
1.5884485
1.016498
0.9452795
2.5705418
1.4258406
1.3342575
2.5911131
4.1814194
1.4717458
1.2686337
1.7841768
3.0484254
2.7986963
1.8343458
2.5797133
3.0791329
2.8667748
-0.10837914
0.60984506
0.39949385
3.3945788
3.2999812
-0.27185138
1.7121562
0.50174471
2.0356792
1.83253
0.78575775
3.6272902
3.3368077
2.2145769
3.3710311
1.3635021
0.66901908
1.7215843
0.66279782
0.55540061
-0.48321844
0.80981813
1.0874481
0.35998018
0.77035932
0.23291479
