2.5336507618
3.9931847683
1.7388855866
3.1306094471
0.8037476958
3.4544133604
1.5219301912
4.1213283422
4.2970881820
2.5616014240
3.6222385756
2.2415146278
2.8686164915
2.2221774286
3.7154003423
3.3821481750
0.8357400865
0.1968679373
4.2181433147
2.7000684178
0.1437317583
1.2258793032
3.6690148143
1.5464925113
1.1996928808
0.2309616367
2.6681867072
4.5905355243
2.3651121215
1.9166442002
2.3179051498
1.2033333000
4.7602962924
4.0963308299
3.6459422962
1.5628884242
0.3627807412
3.4642267306
2.8282733514
1.3682761283
1.1350348446
4.5302418488
4.3269498192
3.8551802367
0.7437778282
3.3182138131
3.0132451730
1.5268247597
3.1240503708
1.8122729517
2.4087140262
4.6522947379
3.8765123082
4.2143159750
0.8175567632
1.8381957897
3.0875453031
2.8678713434
4.0779700779
4.5029057961
1.3405456542
1.3087609544
0.1789665047
4.7317696005
3.2958355360
1.7476473864
4.0890643976
2.0760488137
4.4990649650
4.3786863338
3.8565104590
2.3909591086
2.9176107251
0.0750878864
1.6651514203
0.7545270763
0.8757164343
0.1875607460
4.8791963871
4.0382231131
3.4769989456
2.5446281502
0.7630082368
4.4344462227
4.5731344138
4.1820460057
4.1134578792
1.5101463625
0.8063216966
0.4475303255
1.3526207008
2.4284903606
1.0574153392
3.6603453317
3.0736666882
1.3429537720
4.7489642996
0.5047733456
4.7542961237
2.5551236660
0.2509498484
1.4319656411
3.5072279271
1.4765215363
3.1255758036
1.9941676128
0.7489092475
3.3367216166
0.0254404850
4.7749547026
3.4742593493
0.7288931935
3.7668515688
2.2731653676
2.1309897475
0.7267063220
4.8675964413
4.1890567557
3.6115824962
4.3935040095
2.7374407680
4.3193455052
3.6097110793
1.9390807269
1.7019108598
0.0418630107
2.0217300565
4.6677623649
3.2280601014
4.8373094093
1.4794420471
3.7633267741
1.5980902717
2.7099162567
1.7599003469
0.1343321382
2.9766840883
2.8137321894
3.2793740328
0.2134529279
2.3651198164
3.2278616214
1.2052663839
4.1854053920
3.4947213591
1.1415715189
2.7408383874
4.4820467718
2.8396119457
1.7761183331
4.6977735800
3.1054499815
1.8203754331
3.0799440827
4.6812800497
2.9485087046
0.0130003815
0.5611801536
3.6975366604
0.5093620165
4.9989275319
0.8679374577
2.1454550197
4.4252130733
0.0103051567
0.7725349587
2.3811729580
0.9706484220
3.9984680395
0.7686330603
4.0172708740
0.9161633935
3.3326086311
0.3363267583
1.0278858080
1.9682101528
2.3096422820
2.1838736085
0.5297910784
1.9097786197
3.7060464386
0.1282662590
0.7678383242
4.7304919320
0.0492653649
3.2508163579
1.5862754092
2.6307677414
3.3420313825
1.1569288856
4.2663344041
1.1622096948
1.9901998658
1.5080711848
3.5717303619
2.7356202922
0.4065923591
3.9834619904
3.6995503694
0.8015622326
2.5736792430
0.8022303998
4.3822949863
0.6520606726
2.0211244527
4.3048557897
4.9410372149
3.6747788416
2.6252988862
4.5948549907
3.7288891494
0.1348845002
3.1725104057
0.1953153838
0.2229399959
1.9900500988
1.1921857932
1.2254898033
1.3819027917
4.6389155114
3.4974877333
1.9739040228
0.6618574531
0.8443341931
1.6463969226
3.4880379824
4.9153063024
1.7943918527
0.0242998116
0.0465106008
4.9464915300
0.5042265585
3.9583853344
3.0858328089
0.6814137046
4.6109109133
4.6040833315
4.3563271662
1.1727130069
0.3660258649
4.8344122903
0.1450028790
2.2016319011
3.0331321603
4.9451085745
1.2694050533
0.2813960311
2.4003247357
4.2330725527
3.9862343858
3.8938807958
4.1247577524
2.8749030275
4.8204910509
1.8053508925
4.7428988734
0.6286391787
3.7817920756
0.0739706672
1.4668810206
2.6984529159
4.2492278364
0.6639109494
4.1063635889
3.2727231725
1.5576682635
4.4660747352
4.3226132156
1.2950912990
3.6679357158
2.5572061788
3.8560120393
2.6207824185
0.2399871060
4.0365364201
4.7419692347
4.9023454319
2.5195755246
0.1068823806
2.9184447939
0.0363033823
1.0902991393
2.8256023610
1.0593133544
0.3719301611
2.2081253540
2.2660016351
4.1730456615
4.8630181280
2.9261589070
1.5932738196
4.1702363060
1.0512381856
4.9134865815
0.6780861686
4.6140540203
0.9643082635
4.9813863111
2.5183206578
3.5655553438
4.3430920735
0.1391674979
3.6037443511
3.3649292103
0.8689864874
1.1246701331
4.8936036433
3.3471992712
4.4271869913
2.9833756323
0.7530441058
2.5768978540
3.7339354739
0.4256799866
2.7462023953
4.3540606972
4.5885671631
0.4727826925
0.8627755798
0.3500202903
3.4366228937
2.7346107719
3.5774478491
2.0854681133
4.0916431388
3.5531088498
3.1399714807
4.0778076129
0.2443004345
3.0240915181
3.9658096775
1.3257506899
4.5626710146
2.4918059066
3.7565300530
2.0353661221
3.6717337423
4.7316483105
2.6046906728
2.2454390063
0.3992788109
2.5155017040
4.4245122241
0.6062413075
0.3355992709
0.2364188122
4.4575316515
4.2829652382
1.8125392754
4.4785009324
1.7076610195
4.2745787945
3.8412230895
0.9055737026
1.1042320112
3.2952966423
2.7252524405
2.2385203247
3.1319179016
0.3969149971
3.9961257577
4.8539081672
2.0257426268
4.3067564864
3.8995153288
4.2019690239
4.3461872558
0.8118555358
4.9348764430
2.6743243865
4.5277893399
1.6823568904
4.3473202607
1.1934677270
0.5543268050
2.5460947883
1.0610485175
4.9174337840
1.2400368545
0.7052883505
1.2898372827
1.4029330229
0.1903182997
0.2316752545
1.0646079310
0.0252656037
3.6436044167
4.3477810378
0.6742002953
0.6684361511
4.3407993907
3.3620807306
3.6568547237
2.7570762047
2.8776962173
1.4903732689
1.5310305244
2.7641782238
1.7326141561
2.1837025995
4.0800771010
0.8845112680
0.1552110199
2.9666928631
3.2615950406
4.6803067640
1.1977663156
1.8444138544
2.8953665571
2.0788809258
3.4775470784
4.5891774106
0.2804120930
1.1049312259
1.4041357263
0.4024307904
3.0295815969
3.4650656363
4.9804199715
1.7457297907
3.3072790898
0.4485779759
1.2975453214
2.4363376049
2.5712366661
3.2745784377
4.1653625421
3.2481255894
1.0021131165
1.7874580253
4.1392422089
1.2910944666
4.3451319651
2.3945670293
1.4756776962
2.8600593788
4.5666579473
3.0443036188
3.2425832160
4.4450449198
3.8668288814
3.3800469397
4.1609663731
0.3360371364
1.3990255672
0.5741625937
3.5136917241
3.0893838065
4.8806148402
0.6734148533
2.1409545653
4.8618923879
1.8802042855
4.0774222392
4.6830792024
3.7742422017
1.3183904344
3.3582989812
0.6271948273
2.5035239787
0.8960795821
3.4234671964
4.6787014107
1.8944911658
1.1819507581
0.7640611728
3.5903192752
0.6425236823
2.7541778925
0.5357587530
4.9356458057
3.8635614356
1.5474219291
1.6327732782
2.7708726415
1.4056821752
4.7412575998
4.9627556980
3.5636232449
2.0550214853
4.6181528499
4.3622480838
0.8233555119
2.7799322130
0.6860355613
1.1389797152
2.2006636476
3.9793516998
2.5111513186
4.0467129558
4.3559594342
0.4451081598
1.5407515651
3.6266611070
3.0698918330
4.7072977192
3.2521926630
1.6509721381
3.0825771503
0.3539713334
0.1759371703
3.8207834514
4.2259863186
4.2513813223
2.2760181348
1.6744114665
0.0390227663
1.7422709413
2.2946694482
2.6989786081
3.2289004256
4.4735925314
2.5805793622
2.0879570681
4.8319982382
2.5611806962
4.6157542056
4.2026063035
2.5146515976
3.0999819315
2.5680742226
4.1601074344
2.1871941113
4.2902715105
0.2496973317
2.7464853331
3.5464614053
0.5918175125
3.5205585592
0.0274160623
1.6420140165
0.7112509831
4.4969869744
1.1721262383
1.4242552693
3.9481656510
3.6042072277
2.5103096748
1.0887639870
0.5010207042
2.1351233134
2.1829481198
2.0065074966
4.9962011659
2.2738370215
4.7268848422
2.0157492235
1.4371727155
4.6289967597
1.9298450696
4.7556437896
4.3632466895
2.9580930882
1.5153336399
2.7165724960
4.5998667764
2.5986294752
3.9516005097
1.4566899484
1.1184869134
2.9457395093
0.5399067891
2.4420299351
0.2011003987
0.3089591664
0.1170305435
3.6785820482
2.0224985751
2.4647837806
3.2258305404
4.4543515271
2.5757039263
4.9082581697
2.5643702335
0.3485299398
3.4291823705
0.0487039922
4.3453513727
4.2101351895
0.4279632464
3.6349449095
1.8882995366
1.0920524789
3.1473782835
3.4178365689
4.1600903924
0.4461748667
4.6435930336
2.2369588711
1.9861384349
1.0547794575
3.9883911410
4.2690214947
3.5141471294
1.7714846478
4.8488537390
2.4035342927
1.0421236182
3.7668417678
0.3008485119
1.5628910086
0.1679002404
4.4791724705
2.4269258507
0.0961218450
1.1023118830
0.2366478969
3.5257583816
1.1257268198
3.9642104419
3.6834185392
1.8862252625
0.2833716289
0.5725382255
4.8680714089
2.6923293465
4.6415999537
4.1267388062
4.5596651450
4.3161639019
1.7345048823
4.7579894227
1.9835506354
0.8190613851
3.4005464027
4.1043513701
3.4202261415
1.1629300802
3.2060658524
4.2553367014
0.7053283579
3.3848105746
1.4898208181
2.8960888134
4.5928758892
3.7111833395
4.5689593509
4.6070039138
0.6980358279
0.3909764345
4.4678095422
1.7179377818
3.5865790467
3.4671288860
3.1658435718
3.1320304468
1.8080520324
4.0486558919
2.9439733409
1.2056482374
4.8263741471
1.1042570074
1.9633618138
0.2591209074
1.9485456759
4.7935531751
0.9032292622
2.0870990348
3.3185254623
1.7551031905
1.8693608149
3.0048564353
4.6738339116
4.1566302535
1.0594701054
1.4032217321
3.9674092194
2.2107049612
0.9221574627
2.4636753118
0.7626684185
3.9999277574
4.0004590511
1.9082504597
4.9072017965
1.0240017879
2.9270797148
0.3061133412
1.7872859818
2.7646816200
4.3951260621
4.2380734810
2.1342890862
0.6042446956
2.5149216186
1.3179272962
3.0835372967
0.6728059991
1.0743317305
4.7997198931
1.9304177803
1.1365525563
2.5276163873
4.9551075316
3.7571342809
2.2730083478
3.3674533057
2.1055227256
0.0519608892
4.5640723289
3.0983455492
3.7384186820
2.3620327393
1.3292478159
3.6796867032
0.4522575123
2.4272713731
2.9297708386
4.7864662500
0.0659901707
3.6691937901
4.8119434744
0.9287473557
2.4285632181
1.1519493245
4.0907059942
0.6520528518
0.6836110735
4.5074440229
4.6712841732
1.1246918292
0.7232102201
1.9009497043
4.1896956571
4.2105130323
4.6197666879
0.0028809227
3.1471871474
0.0728711916
0.1022878514
4.4868091952
0.2976226880
1.7946526532
0.8660869763
0.6692466533
4.6018978064
3.9075661818
2.2251418309
2.1848723001
3.3241850082
3.9697277273
1.4637598595
0.7089198616
4.2489184489
0.9226432911
4.1768997133
2.6192483746
0.6357198258
1.2964358762
3.9425951539
