2.9880409098
4.9737652745
2.1393134237
2.7521700498
4.0157110646
2.9871499759
2.6909291705
0.3561078969
3.5245827667
3.6275325404
2.3928652064
1.4318267221
2.5822400955
3.9620141747
3.6058011992
2.3981508256
1.2711137450
3.4567247698
2.5333769367
3.3117886066
3.6568616765
0.0026628005
3.5406177446
2.3849620495
2.7104671377
3.0994487464
4.9728899244
4.3113194948
2.7365883901
2.8327811889
1.4794071388
4.2782323283
2.5239368249
2.2837841867
0.3861450102
0.9380960265
3.7622908699
2.4037172735
0.9968873145
0.0397723885
4.0239612484
0.3836932845
3.0008746194
0.2246430613
2.4345228152
3.4322469992
4.1196315964
1.2138399609
3.8484584258
4.2580771129
3.1881140808
4.2511461944
4.0806851562
4.6334281221
4.5060678445
2.9200169364
1.3460417387
0.2058951449
1.2497795242
3.9764736910
2.2376223860
4.3315563124
2.2532027936
0.4887228206
3.1838852971
3.5470219642
4.5673612329
0.6588104285
4.6069081389
2.3871202879
1.9201899979
3.2341459818
0.8437967374
4.4215230508
1.8234328921
4.3631267458
3.0644911600
3.5387855198
0.4223363517
4.2783194990
2.8370943816
4.8892893387
2.8367787341
2.9247754131
3.9620368678
1.3268188642
2.2938687191
4.9152637283
4.6651747408
0.3074780565
0.6622921440
1.2668302475
4.0442137805
4.7379992849
1.4437587675
1.7355630211
2.7801954145
2.2649651711
3.9984008558
0.1533502126
0.9243381342
1.5919426462
0.9361306651
4.6194393363
4.0590874950
1.0610225714
2.6176254243
0.3015731517
0.2102040863
3.4749013680
0.5152528612
3.7503308042
4.5941506517
2.8296909382
1.4899792286
2.2731136185
4.0525909584
1.7194825439
0.5648417335
4.0011786112
0.9247731321
4.9318270595
0.5042698184
4.7175595796
3.1008530381
2.5273609410
0.9423814478
0.4020708864
3.1873579766
3.1635621652
1.2089629829
3.3514330778
0.5931615173
1.8369461090
3.6613909386
3.9105875849
3.0443258106
0.6629156643
4.7921224794
0.5213002557
3.5833822115
1.9490956387
4.7080454805
2.3751356742
4.6681036360
1.1355664825
1.5990399249
0.3218864531
2.1122367645
2.2413494251
2.3732868850
2.4067592422
4.5022981094
3.1662920103
1.8465209152
2.0183724033
2.4673091058
0.5247925995
2.3575329168
3.8563544600
4.9997908552
2.9343424833
4.8343949973
4.9566178658
0.5446229912
4.7275376105
3.5623230892
4.7319146417
4.0462824257
4.6090264297
4.8776686862
1.2358793471
0.7239305195
1.6249487439
2.9217145579
0.6843759592
0.3178505812
1.0660406324
1.3868422760
3.1656588705
4.6005155789
0.2791151852
2.8459683983
4.6408296812
0.3923776271
2.3355858651
3.0092627624
0.9316410725
2.3782302427
2.6987115416
0.8510431098
3.7703121164
1.0372406061
0.3700674753
1.5109867508
1.9552462115
2.7216461930
2.9852675503
2.7296387571
2.7300787576
4.7294472074
1.3021876979
0.1264787914
2.1471469916
4.3896173151
3.8930015163
3.1830117179
4.0592144313
3.1294393175
0.3534943983
3.4325721423
0.6271674117
0.0282136685
1.2967548311
1.1775065718
3.6616265720
1.9260751962
4.9489587526
1.4134705256
3.5113021674
4.0879011009
2.5361977397
1.4157282236
1.5519140547
1.1978403302
3.3949121895
4.2751710032
4.0511654430
2.9480048365
3.9843593338
3.2195039225
0.4252993277
3.1941260726
4.6856807266
1.7405396610
0.7519982435
0.9809094299
1.4746675627
3.8102613942
2.1567569031
4.2304542445
4.6185126501
1.0103733554
2.0924337297
1.4691115422
4.4130678648
4.4421758726
0.0346665747
4.2128149328
4.4169032961
1.3111323345
1.1225403323
1.0001560551
0.5004218359
0.0944153745
2.3907650435
1.1588237850
0.4891785071
4.9666301118
0.5262327324
0.2076501047
2.9952701636
1.4610401262
1.3008649473
3.9671941613
2.7822061476
0.2288185326
3.6999611089
2.5009636766
1.3581768675
1.7905886127
3.1997555975
4.6020585677
4.4293628765
4.6819075333
0.0216593655
0.7318894678
3.9362546995
0.7221092829
1.5788950468
0.8049628568
2.0373911855
4.8944106598
2.7622533633
4.5834487825
3.0701043703
2.6403735067
0.4169484148
2.4248957458
4.0085395271
3.1353089711
1.0266004958
3.8341942925
3.6352830804
3.2302319406
0.6309227190
3.4655052610
3.7523861648
0.3933775171
2.7015522585
4.5507745547
0.5665506463
4.8485530251
0.6295937665
2.9886927850
0.5060051953
1.6428201442
3.6359017734
1.6921892403
4.3555243260
4.0519088953
1.0011159753
1.0850644416
2.7516410002
4.2837099407
4.1802985464
2.5710780933
0.8610062598
3.1191505501
2.4731513077
1.2242586170
2.8978152009
3.9523342019
2.7747830442
1.1105506991
3.0261302539
1.6902406898
0.5465488093
2.4319574799
1.9727980008
3.4443943510
2.4874139905
2.8594782052
2.2576074492
4.7061891921
4.6225515601
3.9054294228
4.5686336129
0.3231128214
0.2795315958
0.2848321990
1.2897332284
3.6796627586
4.0187031576
0.8757384117
2.1694172806
1.8946504614
0.3015202454
1.9465700107
3.3294505264
4.9518168290
3.0000711632
3.7522952936
2.2992792171
2.6248395909
1.7075044834
2.7787297709
4.1586475239
0.9981244212
1.8401002550
2.8442151716
1.6335385946
3.7440893978
3.3182324436
0.8498126158
4.6560005148
4.0344531161
0.9693531460
3.2429840224
3.3307485339
2.7414219275
1.9584711895
3.6561934953
0.8930555502
0.1443679733
0.4705926341
3.7722267926
2.3638608510
1.6839484780
3.4485587395
4.2142161008
2.5578752758
1.8996147201
2.5351034678
0.2629082724
2.5554971365
2.8146977803
0.0393278647
3.9597914936
2.9644601916
2.9779641252
0.0078480201
1.7960871080
0.3553205488
2.6795589007
0.5454370598
0.7387340760
0.3172863732
4.5960750250
