4.7603630255
2.8575002348
4.2522635394
1.4776167045
0.6014998671
0.0891058891
2.8097869893
3.4138315255
3.1590880733
2.4585613262
4.3333940232
4.6171931945
1.1496422732
3.5471593802
0.5836790501
1.8272133060
0.4283793013
2.4526684690
2.2393461355
3.4172744913
1.1072570531
1.0029166346
2.0547457472
4.2503946716
3.7087619580
3.0686953539
3.1312227708
3.1909308438
2.2204794090
3.6742722774
0.1187967238
1.7128230351
2.5787238323
4.6062014946
3.7055314322
3.4394988649
1.4383357971
4.6164026725
0.0858175518
2.8790755413
4.8389617278
4.3116542729
4.3985387857
1.4218294031
0.2051314426
1.7048438355
1.0801980232
2.3889986052
2.8082789769
3.7877978405
0.1406444791
1.5599125578
4.5541770049
4.5636577340
3.0097937935
2.8583975673
0.5603637295
1.7690851397
3.5580215390
0.4027121145
2.1669474089
4.1217008902
1.4117132208
0.7723626486
2.6332168165
0.7728471140
2.7853722240
0.4296119860
3.0549299245
4.7348920146
1.7649478111
0.7660126983
1.8767870489
1.2188809939
2.6014997724
2.1906975625
0.5458326349
3.9735082118
4.9234412386
2.2063835419
3.2694108760
3.0993973546
2.4284980478
3.1531651812
3.8114885002
4.2409221117
1.1679184751
1.5643830479
1.7299423895
3.1767734563
2.8457126450
3.1514732417
2.2617042834
3.3638250925
2.0007731241
3.7971803454
0.1799987226
4.9883181884
3.6612285853
0.5234188058
0.7464676681
3.1738645741
1.2155376180
0.8490919368
4.3695349543
4.6452617528
1.2564912894
4.8551438304
2.6583399626
0.8867561718
4.9609374984
0.4229727616
3.2690016942
2.5274410337
0.8737690802
1.7551454987
0.7075258427
2.7773143158
4.4892575633
3.3743155807
3.1526275825
4.4956594135
0.7515170294
2.2306854223
2.3540256530
3.2474777502
0.0297242272
3.4367073636
4.8499080061
1.1704576070
4.5293035262
4.0495628046
3.6244398456
4.8892891425
4.7598350011
3.4999866715
2.0261703897
0.1590398986
1.1418125062
4.9360369645
1.3154091995
1.5559208416
4.1610425645
3.3313913432
3.7681254875
3.8513579801
2.5005358428
2.5717549338
4.3913385249
1.7712216416
3.1399274618
4.4551811041
2.1966031616
4.5518623988
3.6221219662
4.1508601532
0.7209656209
4.0318922133
1.1719700187
3.8876650279
0.3062101954
4.2651894376
2.5039483361
3.6730286054
0.1655013163
3.6862796854
4.3822586375
4.5622590973
1.7404367527
3.4120590628
2.9703369580
3.2489990356
4.4304804855
3.1099146646
2.9159481915
1.5731444182
2.7507771590
1.1159173858
2.9169336951
0.4402342216
3.0241279958
2.8402967978
2.1710088014
4.8162919590
2.1597197375
4.4713648997
2.8661236900
2.0576705697
3.1269576028
1.1820677941
2.4667818400
0.2130649938
2.7499995022
0.3821695616
0.5129567730
0.9040836243
4.1704858735
3.5485936337
3.5040865737
3.4643057465
2.1362965668
1.1396716071
0.9889082978
0.6604173905
0.4473572819
0.4671105046
2.5360974102
2.2017580398
2.8406021950
3.9016447926
4.8999024036
0.4884956840
2.1308406789
4.7419718224
3.5139382867
4.4788730707
4.9887634773
4.6271865761
1.8053762723
4.9508540333
1.6685714067
3.7441664965
3.5969172943
3.7744907420
0.7732566839
3.8249675584
0.6967655030
1.5330009706
3.6335773874
2.1751614239
3.3245511962
3.0705842954
2.5860284050
4.6801783203
1.2066422976
2.3942378647
1.7650415764
3.9392539997
2.4360060604
3.1092013021
1.5152826515
3.7397696015
4.7338397063
3.9702367557
2.1119172389
3.9510032486
4.7923067913
2.6339293805
4.7213811533
0.3560895825
3.4052467491
2.7038959694
0.9044265636
1.8029409937
3.1076449041
1.2776603222
4.0595631542
3.5157798405
1.8115607897
2.4905635977
0.0216371970
4.2236472900
2.2283404519
3.7711216207
4.2009800637
3.5137993656
1.7521351015
4.3895392456
1.6977253381
2.1674071656
3.5114905743
2.3155897091
1.4185793901
1.1717038326
3.8031611273
1.7758347587
2.4151981002
1.1940485211
2.4500637034
2.2883945273
4.1506614419
3.9448151402
1.3837764976
4.3844949556
3.7702619071
0.5211938570
2.0671750198
4.9312703476
3.4324713446
1.3146740381
3.1362914337
2.6343497030
0.4636877537
1.7610413039
0.7595053194
4.3093031061
0.2949779865
1.3211764779
2.8595777266
4.2088889851
2.4699382226
2.8899232490
0.2083020101
4.6221697940
3.2700305652
0.9530521348
2.9387660412
3.1190229284
4.8679852138
1.4412736619
1.6961275220
2.8995607789
2.2123724724
0.3858513597
2.1997488630
2.3758090589
4.7791614037
3.2612680347
2.6684969777
1.2191212386
4.7515313157
4.7333646339
2.3835879622
4.9607993787
0.3505525129
4.4212826665
4.6617735294
1.8479431995
3.8203929380
2.0614064113
3.9837768155
3.9974801629
1.7468515271
4.0424528314
3.7821663343
3.1275849882
3.8723063591
2.9021530458
2.0184099874
1.8993476888
3.6692600755
4.8549921861
0.7654027020
3.4977902145
4.5948556259
4.4027323128
0.4196630358
4.7984834244
3.0069362327
1.2885685800
4.2726225083
0.7855237174
4.1559736189
1.5435198478
0.1145880681
2.7430625118
3.8446520770
1.7699142489
3.4852695352
3.7736372188
4.2768619279
3.5696056359
0.5440816381
2.9930496986
0.1997383958
2.6899811827
4.2502309559
3.1074227405
1.7162199697
0.8931515014
2.3209832348
3.2404071778
4.5420579927
1.1953352686
1.9962027503
3.7975071553
0.0715755839
1.2448683550
4.9636141784
3.7334591126
2.3626631164
2.5571156298
4.3932353945
1.9339865519
2.1560484070
3.7795997717
3.1576682998
2.0946279349
4.7999565883
0.3757683836
2.2596407336
3.7393944092
1.5926663845
1.1740062855
2.7972173437
2.0865778157
2.6065902742
4.2908968640
3.5339175088
0.7570428864
2.6833948456
2.4936025960
4.1346955961
2.7038710225
0.5459986027
0.1829531595
2.2240795716
0.7964718470
0.0563266274
3.7519076975
3.7300798023
1.7455631876
1.6443789002
2.0771286333
2.1227473797
0.2391855497
4.0720207964
3.6362257545
4.5310820005
3.4587338261
0.5920943709
3.0896839048
3.7335899357
4.4455522497
4.4787665785
3.8325833548
4.3390244628
2.9337687533
4.9878896150
4.7930915821
2.2931808856
4.2976872670
3.3465881732
1.7466065914
2.1191674924
0.6792813648
2.0499726398
0.3187478501
4.9920590635
3.3633353910
3.8810951856
3.1876292301
4.0996123949
4.2078800548
1.8799313827
1.3646418305
1.4997603263
1.7722138027
4.3208224775
3.7600810364
2.3695034977
4.5235593600
1.3586168238
3.0302544402
3.6808140876
4.6589720095
0.7554922973
0.2892131462
2.7351046590
4.1173127301
0.2775388326
3.0620912922
2.9521745203
4.9458705982
4.3676706128
2.5974751774
0.9214272674
4.4496351369
3.3649849533
3.6606369896
2.0772829629
2.3134759260
2.2965786347
1.3433665926
1.8174382966
4.9269040490
3.4529863957
4.4731509804
2.3179346235
2.4391131806
2.0503595770
4.4363426340
0.3544785424
2.0631976076
2.1494195633
4.7766079515
1.7723492408
2.9705155548
2.1518897681
2.7493629678
4.7803727311
1.8599291564
0.0289455087
1.1412185520
1.4163219219
0.2460525898
1.4932622849
0.4649289814
3.5458147521
0.4327475863
3.5371537745
4.0573490501
1.8340569413
3.4731160598
1.6953603467
1.4109634977
0.7549628277
2.5684732719
0.5141911342
3.1072913400
0.8762638457
0.9326870758
0.6214767683
0.1696444752
2.1487809991
0.2044096867
0.4873198153
0.2682175257
0.5153217731
0.7908034055
1.0777248325
0.5753120800
3.8875148650
2.7881910975
4.6562638468
4.8437861247
4.9807944573
2.2665913150
1.6480250064
4.4568263276
4.9777910789
4.0983970514
3.8008662350
1.3392497436
1.8533049507
1.2317215512
1.5577409884
0.1252603032
1.0501816653
0.3844846807
0.1774937366
3.3185468925
3.1707556609
2.7975943968
3.4375776336
3.1595717834
2.3346757847
2.6191601627
1.8387900586
1.9117434161
4.7581058596
2.0842540418
1.8681423697
1.5009038933
2.1043531358
1.2471309864
4.7107923777
2.1773218331
3.9303953850
3.1589778289
1.6256107774
2.7304232475
3.5616547468
0.0612509869
4.1920901336
3.9661996874
3.4384298191
0.0826812410
2.6202260701
3.6761118340
3.1269984701
1.7403904250
4.0016191148
1.2829908258
3.0275189883
3.1087248128
3.6219012746
1.1706867128
1.3560880582
1.1429336987
0.4948479168
0.3949063329
4.2618871928
2.3414044608
4.0009819708
2.8658294151
4.2601162593
3.6656275870
0.6925279144
2.0998246626
4.3308501375
0.5803520382
1.8772665168
3.4971647393
2.6321639348
4.8495732393
1.8218419542
2.6324433202
0.3975800965
1.6522682341
3.2666697445
4.8899364545
0.0934487637
3.9434754357
4.2567010342
0.6610572611
2.6772574075
0.2628552477
0.0424551744
2.2970852331
1.9646786603
3.3188329557
3.3621023010
4.7073919848
1.8386329538
4.2895119831
4.7867498622
0.3694419474
1.7406165945
2.4725742063
3.8968757573
1.1080521148
4.5115028552
0.4792998202
2.8980950494
4.1720072776
4.9000650673
4.8497125720
3.3098111336
2.3285290683
4.6523231501
4.7168823311
1.6420748552
4.1807963908
1.0188300555
2.8719162621
2.4760704439
4.0393442316
3.2711688155
3.3835876243
2.1846043082
4.1214852639
4.6698258026
1.3674577434
4.1639558028
1.8687868698
4.5554680328
2.8414373097
4.0312470798
1.8441030337
3.3923333953
2.0638281580
0.7965161490
0.1578388114
2.7394191694
4.7449313916
1.7109723417
1.1672725734
2.0915276281
1.9263724410
3.8781405786
0.3602607615
1.1627245106
0.7085737098
0.9890492363
1.7710093033
2.5897382193
0.9046211605
2.7932000565
0.9544479107
2.8382513359
0.8395678584
1.3713165055
4.7688460599
4.6925130070
0.0825654203
0.5519633362
3.8635453161
0.5054574996
1.7828088281
3.1708538925
3.5480596565
1.0554023123
4.3199414752
3.4584269798
4.4164463472
3.5848952353
1.2192409282
0.9481209883
2.8310325836
2.3414852247
4.2186620201
0.6053634338
2.8246802992
4.6688334675
2.2088478570
0.7069182602
3.6812911083
1.6450101207
0.6518514313
2.5638051786
4.9988280907
4.1840154765
2.3759861028
0.8310640603
3.3545188453
2.9231232954
1.1525125445
1.6273470309
4.2829877732
3.6447953249
4.6974681697
1.3804704764
1.4778526845
2.2255111452
1.1746728729
3.4960627424
3.3469443940
0.4783730155
3.5727474336
3.0303399485
3.0300257712
2.8408829032
4.6119284763
2.3404960993
2.0430815662
0.7485749150
1.9307517499
0.6334936374
3.9904300511
1.0895724936
1.9866240075
2.7731007904
2.5087049111
0.2306025379
2.3593582418
2.1133815934
2.3269286991
3.3831396291
1.4074777733
3.3726673743
2.1743303528
4.1963993504
2.6311970156
1.1541138382
0.2002565696
2.3447018441
1.7342809614
2.0566897373
3.6246230540
