3.0726852586
2.7449271320
3.1315421082
0.6377781711
4.3842567696
3.2548635185
0.6708970230
4.1300816370
2.2336364782
2.0927454103
4.4672954165
0.3696328809
0.2991014418
0.9937476685
4.3782030736
1.1915445786
2.5980856350
3.8325218362
3.3910026870
0.3627283002
1.8710879461
1.1915165072
4.3217903680
3.8099732144
3.1927350404
1.8918987157
1.7256396781
3.1484955789
4.7375334306
1.9978655021
3.3973541084
1.2640596472
3.2910874370
0.8075342567
3.3825652721
0.0962904339
3.4263904379
4.7388831872
4.7529001914
4.1993151647
4.0180049726
2.0153871129
2.6986885303
3.4592035207
4.5939469204
1.9391915769
2.4467859995
2.0697722781
1.7159192145
1.9241477861
2.5736550109
0.5062479492
2.3138654049
0.5391749653
3.9245945438
0.4902368773
3.5019219380
1.6047331467
1.3042996669
4.4627562180
1.5816543248
3.9903110295
1.6227338043
3.7311766858
0.5475054903
1.6055181447
0.2802151987
0.5403891566
1.6918285988
3.1665009628
0.2888796741
1.8510275084
1.7465105890
0.4859865949
1.2521363022
1.5539797748
1.1694305998
1.1904281809
1.6728574803
1.3796440791
4.6018784806
2.1507407353
1.7139418141
1.4945052325
0.4932467180
1.3413579528
4.0862836129
3.0418176283
1.3580934452
4.9613170668
0.0494283179
1.9558004552
2.9349687871
0.1844231242
0.9552653599
4.7412276002
1.6337406942
4.9050137974
3.4866103395
0.4971972336
2.4567137023
4.9413239101
4.8976836031
2.9128902650
3.0673937761
0.8079430262
1.5751538194
1.8650929569
0.7587286239
4.9085025495
2.0450595995
0.3961122835
3.7800846603
1.6937786125
0.8566511163
2.4935234435
3.2497732203
1.4212364242
0.2987336281
4.1801525910
4.7788987375
4.9101784919
2.6327973531
0.8571346433
0.9245844694
4.4607260583
4.9610598499
1.7312412843
1.7787760356
3.5716180104
0.2531294859
1.0595183014
1.8759935974
1.5061372268
0.7145482882
0.1222995053
4.3033890111
3.2003786620
0.1418410328
4.5056969811
2.4436787976
0.6446892151
0.2353614002
2.8556496264
0.3410063407
0.1866944261
1.8622869654
4.6296141620
3.8072014356
0.2702640811
1.8222992739
0.0942003598
2.2775411994
3.8345657158
1.8781448277
2.4258054358
0.1678875062
1.9246445880
1.2983840441
3.9980367193
4.3065215740
4.3115087577
3.3117997087
0.9689971392
4.5322801745
0.9653712851
2.0993806878
2.0010400805
3.0245092229
0.7785160401
4.9233722589
0.1961990743
2.5093032922
1.7803420273
1.9020679184
2.1561088956
1.4605329562
2.3407612746
1.7379105022
3.9729282794
3.4639398442
0.2116600383
4.3647994628
1.1277459322
2.3593909727
4.2300901323
2.2336177574
4.8685211241
1.8321433442
0.6998694321
0.5538725653
2.0172232169
4.1412160525
2.8070958270
2.7705905469
3.1250613192
4.3948642584
4.4145999217
1.4114471296
0.9682311792
2.5934864660
0.5535864285
3.9873919316
0.0202717396
1.8334876002
2.2987752561
0.1842354660
3.4198638005
3.0167045243
1.2155086058
1.2218872742
2.1967882738
4.9446419006
3.5209227402
2.0769091804
2.9489868895
1.2412537559
0.6519003077
1.6231209951
2.5585542259
2.4792538229
0.3037540005
2.5201462979
2.8754819140
2.6604847596
0.7472027039
4.5126144480
0.0196441073
3.6888867503
4.4770699796
0.3504682813
3.1915531339
1.1838688448
1.9522695221
3.7263166046
4.7316459689
4.3118157405
4.3891759460
2.8874931641
2.9202310914
4.8040976322
4.6336697271
1.1225408009
2.4128017360
4.9119553011
3.0033751261
1.3639575816
0.7084008293
1.2932958524
0.4313873025
4.1765723581
1.0554253230
0.1956705045
4.1047423727
2.4148370456
4.3161285167
1.3960536403
2.2517797071
2.5992334568
0.5976886129
2.1746660207
3.5472620990
4.3641203712
2.6767554774
2.7707736869
0.3556643903
4.2145432029
1.1116857056
3.8175617134
1.3825475187
0.8612707262
2.3711739286
0.8458676730
2.2406605647
3.9107123875
2.6817561445
3.1384275012
3.5287410470
4.0141323359
3.6848940467
2.7036254701
0.6624212444
1.3390640046
0.4253681490
0.5074642537
3.3618285264
4.5410184400
4.8979572942
2.0821196573
2.1911483732
3.1770721552
1.0434331898
4.3371815520
4.2414827580
2.6219426592
2.0954462500
2.5942969671
3.1577916746
4.1945635250
2.8777435582
2.1968372059
3.5196846275
0.0674324916
0.5802865016
2.3034473321
0.7085896739
3.0662271898
4.7002948909
0.8385674832
2.0227529312
2.1430902234
2.9202314660
0.8655302694
3.9571191501
3.8589300613
4.3625759274
4.5805510683
0.3460468160
0.8890430987
2.7673663233
0.5513774026
3.8997770910
2.3889368516
1.9924780863
1.9857138310
4.5554875638
1.0556511570
2.8511625555
4.5955789815
0.8436270350
3.1919849948
3.6422977622
0.7988955465
4.0511792599
4.8403177082
4.9650598980
0.4839013232
4.5847994985
2.6782665287
0.1633745554
0.6610637740
3.4157907001
2.4549739804
4.3417478223
1.9873711625
0.4711439977
2.1547204999
2.6112289594
2.2060741590
3.0439937009
2.1797860335
0.5437639825
1.9787019587
3.7845879867
0.7886410202
4.6696333457
4.7636404914
0.2291357939
0.9658585992
1.8837223683
3.3255262708
0.5866658480
3.2594576634
4.4228703938
3.0415919103
3.1694580920
4.8381870661
0.4324292229
2.4449373753
0.2849388807
4.7996464542
2.3025034320
0.8411587123
0.0485519347
2.3198353951
4.8733400934
4.4251323624
3.6985350487
2.5610812640
4.1883034619
2.0709422793
3.9433807244
3.8492943086
3.8182566958
4.9724880098
0.3277950586
1.7597369907
3.4525479569
1.0683887066
1.8180761867
0.6952006641
2.7118575898
2.8261897945
4.8660191537
2.8495074613
3.2027268326
0.5119997744
2.2728510914
3.1860754807
