0.970
1.172
2.290
1.854
0.595
2.126
0.952
1.949
3.234
1.533
0.763
1.149
1.444
1.278
0.373
2.194
1.917
1.493
0.889
1.211
0.487
2.143
3.064
2.442
1.609
3.258
3.783
0.600
1.814
1.070
2.302
1.045
1.104
1.208
1.258
3.621
2.023
0.853
2.409
2.418
2.113
4.807
1.162
1.713
3.337
0.745
0.841
1.367
0.461
3.421
2.476
2.355
4.149
2.232
1.019
0.827
0.395
1.792
0.861
0.696
3.943
1.587
0.891
0.000
2.828
1.079
2.749
1.428
0.988
0.787
4.798
2.113
0.726
0.970
1.143
1.028
0.835
2.067
2.108
0.581
2.345
2.442
4.812
1.251
3.110
1.319
1.803
4.399
1.514
1.580
1.536
2.635
1.038
0.729
1.475
2.682
1.019
2.921
1.529
0.781
1.580
1.235
1.540
1.319
2.388
2.541
1.973
1.912
0.988
1.244
1.079
1.925
1.202
1.215
3.380
0.635
0.859
0.531
1.060
3.396
0.976
1.363
1.608
2.696
1.228
2.059
4.950
2.867
4.225
0.513
0.806
1.007
1.326
1.533
0.605
1.990
1.412
1.127
1.426
1.721
1.162
0.589
1.736
2.316
2.802
2.802
1.278
2.302
0.484
3.145
2.404
2.818
1.111
2.076
0.611
0.800
2.388
2.359
2.264
1.312
3.950
0.712
2.773
3.694
1.672
1.853
1.684
1.312
2.194
2.087
1.898
1.189
3.481
1.548
1.904
0.622
0.746
2.109
0.985
0.815
1.607
1.026
1.580
0.901
0.976
0.461
2.229
1.672
1.725
0.690
2.730
4.882
1.478
0.897
1.551
0.865
2.952
2.056
0.430
0.721
1.437
1.041
0.915
1.580
2.255
1.570
2.229
0.752
1.925
0.877
1.834
1.244
2.476
1.221
1.079
1.922
0.907
1.156
1.315
1.191
0.696
1.440
2.160
1.938
2.006
1.013
0.991
1.391
1.639
1.019
2.368
1.085
2.203
1.707
0.912
2.982
0.853
1.546
2.750
0.781
2.818
1.669
1.454
0.849
1.866
0.865
0.724
1.063
2.535
2.652
0.939
1.573
0.584
2.783
1.877
1.599
2.084
1.247
0.812
3.729
1.367
1.264
1.117
1.189
3.866
3.760
3.514
0.643
2.194
1.540
0.635
2.578
4.127
2.140
0.633
3.130
1.845
3.258
2.084
1.468
2.255
2.081
1.127
1.104
1.982
1.440
2.692
2.146
0.769
1.179
0.696
0.976
3.099
1.149
2.584
3.089
2.871
1.202
2.064
2.355
3.162
0.853
1.222
1.388
0.970
1.047
0.622
1.874
3.151
1.201
0.927
1.602
1.038
2.982
1.218
1.764
0.976
1.779
1.047
1.335
1.236
0.919
2.174
0.518
0.724
0.830
2.113
0.595
3.381
4.327
1.130
1.647
1.019
3.364
1.247
2.315
1.195
4.296
1.388
0.690
0.622
1.189
2.382
3.173
1.961
0.982
3.458
1.790
0.735
1.202
2.606
0.605
0.520
2.644
1.738
1.412
2.427
1.733
1.072
1.100
1.391
0.752
0.746
1.356
3.962
2.887
2.293
0.718
0.682
1.001
0.958
1.169
1.471
1.034
1.973
0.873
0.763
1.168
2.729
2.194
0.605
0.595
1.108
3.283
1.019
0.885
1.715
1.914
1.191
1.271
1.565
0.643
2.067
1.426
1.114
3.078
0.871
1.388
0.871
1.433
0.635
1.072
1.472
2.329
1.208
3.178
1.360
1.973
1.026
2.442
0.933
0.441
1.779
0.933
1.829
1.187
0.988
1.779
1.224
3.967
1.130
1.063
2.194
1.136
2.550
1.922
2.509
1.224
2.391
1.123
2.084
1.654
1.227
1.332
2.986
0.508
2.084
3.436
0.913
0.940
1.978
1.909
0.889
2.203
0.679
2.314
1.339
2.906
1.053
1.127
2.039
2.491
0.758
2.657
2.663
1.767
1.346
1.933
0.859
1.647
4.771
2.500
1.251
1.267
1.208
2.123
0.939
1.182
2.431
0.931
0.995
1.769
1.845
1.001
3.208
2.721
1.602
0.771
2.759
0.976
0.701
2.113
2.616
1.032
2.911
2.379
1.639
3.871
2.177
2.682
1.866
0.824
1.577
2.329
0.865
0.859
1.339
1.191
0.907
1.026
0.510
2.064
0.812
1.048
1.305
3.258
1.312
2.734
1.162
1.624
1.405
1.412
2.597
3.425
0.812
1.595
2.255
1.149
1.497
1.632
2.027
4.616
2.072
0.865
2.343
1.483
0.758
2.418
2.935
1.305
0.611
1.391
2.089
4.504
1.045
1.231
3.290
2.194
1.136
3.294
0.763
0.746
5.000
1.072
2.251
2.237
0.513
1.677
1.321
2.593
1.271
3.402
2.861
0.762
1.149
1.038
0.780
0.476
1.468
0.752
1.570
2.569
3.294
0.718
1.985
1.298
1.349
1.162
1.866
2.203
1.593
2.355
0.792
0.777
0.684
1.493
1.540
3.381
0.487
0.818
2.397
1.526
1.526
2.156
1.946
2.748
1.360
0.871
0.616
2.783
1.123
0.497
3.736
3.854
2.597
1.905
2.753
2.417
3.399
1.037
2.285
0.824
3.864
1.169
1.085
1.244
2.172
3.002
2.152
1.803
2.126
1.609
1.790
1.882
3.676
1.057
1.889
0.988
1.558
2.931
1.189
0.889
0.108
1.231
1.342
2.118
3.359
1.602
3.575
1.906
0.976
0.684
1.677
0.611
0.974
3.301
0.964
2.807
1.156
1.159
0.830
0.795
2.500
3.771
1.360
0.806
0.476
3.327
0.889
2.418
1.635
2.386
1.204
1.607
3.823
0.622
0.985
0.368
1.388
1.381
2.034
0.780
1.149
0.497
0.841
4.127
1.123
1.013
3.258
1.305
0.847
3.931
0.988
2.682
1.244
1.391
0.466
1.047
1.621
3.370
0.769
1.072
0.482
0.853
2.871
1.443
1.647
2.285
1.189
4.140
1.066
0.937
1.305
1.179
3.240
1.946
1.941
0.895
2.952
1.799
0.939
1.311
0.763
1.858
3.114
2.206
1.175
1.558
0.830
0.775
3.359
1.428
0.622
4.296
2.157
1.617
1.998
2.400
2.346
1.007
2.550
1.647
2.657
1.072
0.909
0.958
3.575
3.333
1.349
0.525
0.696
1.123
0.741
2.644
0.958
1.605
1.123
1.853
0.913
0.466
0.690
0.810
1.013
0.618
2.885
1.454
1.143
0.690
0.724
0.806
