2.658
3.364
2.657
1.721
2.332
2.330
2.657
2.019
2.017
1.438
0.911
2.330
1.721
3.002
1.167
0.211
2.017
3.361
4.560
2.658
1.437
1.168
1.719
1.168
1.722
2.657
2.657
1.168
2.017
3.002
1.167
1.168
0.666
1.721
2.658
2.019
0.667
2.658
3.366
1.722
2.018
1.168
2.658
2.017
1.722
1.168
3.740
3.002
1.168
1.438
0.211
4.561
2.330
2.016
2.329
3.741
1.438
1.168
4.561
1.722
2.019
3.744
1.438
1.722
3.002
2.016
3.740
3.740
0.911
3.743
1.168
3.002
2.658
1.435
4.561
1.722
1.168
0.211
1.721
2.016
1.438
3.362
1.438
2.332
1.438
0.211
1.722
2.658
2.331
1.722
2.019
2.658
0.910
4.560
2.016
3.001
2.658
2.019
4.561
2.658
1.436
1.721
2.332
1.168
2.658
1.721
2.016
0.211
1.168
2.017
2.019
1.721
0.211
1.437
3.743
1.168
2.327
1.721
2.016
3.003
2.659
4.561
1.438
1.168
1.438
4.560
1.436
3.742
1.438
2.658
4.560
1.437
2.658
1.167
1.718
1.721
1.438
2.659
4.560
2.019
0.211
4.140
2.016
2.332
2.329
1.438
1.718
1.167
2.017
1.719
1.167
1.438
2.019
1.438
4.141
1.168
1.717
1.721
0.910
0.211
0.910
1.719
1.436
2.658
1.719
3.744
2.330
0.911
1.722
0.667
1.721
1.168
0.433
1.719
1.719
0.911
1.438
2.658
1.437
1.167
1.168
1.168
2.016
2.017
3.363
3.001
1.721
1.720
1.720
1.168
2.018
0.211
0.211
1.722
3.745
1.438
3.364
2.331
3.003
0.211
4.561
1.722
3.001
1.722
1.722
1.719
1.719
2.019
1.436
1.167
1.438
1.437
1.168
3.362
1.437
2.019
2.332
2.016
1.721
0.911
1.719
0.666
2.657
2.330
0.211
2.658
1.719
0.911
4.560
1.720
1.722
1.168
1.437
2.329
1.722
3.001
1.436
1.438
3.745
2.018
2.016
2.657
1.719
4.561
2.659
3.364
2.330
2.017
1.438
2.017
1.719
1.168
1.437
1.168
2.018
1.435
1.719
2.018
1.167
2.657
2.019
2.019
1.438
1.167
4.560
3.001
0.910
0.910
0.910
3.001
2.017
3.743
1.167
1.437
2.658
0.666
2.332
2.331
1.438
1.438
3.000
1.437
1.168
3.741
2.658
3.364
2.658
0.911
2.016
1.438
1.167
2.018
1.721
1.438
1.718
0.433
3.741
1.168
3.001
3.741
4.561
2.329
3.000
2.019
4.141
1.437
1.438
0.000
3.364
2.019
1.168
2.329
1.168
1.437
1.438
3.002
3.365
1.722
2.016
3.744
1.719
3.741
1.168
1.719
3.743
0.911
1.721
4.561
2.018
1.168
3.366
2.328
0.911
1.721
1.438
0.665
1.168
5.000
3.741
3.363
1.437
1.168
1.722
2.658
4.561
1.168
2.658
1.720
3.744
1.438
2.331
0.211
1.438
1.438
1.719
1.719
1.437
1.437
1.168
1.437
2.332
1.438
0.211
2.330
1.168
3.362
2.019
1.719
2.658
1.722
1.438
1.722
1.719
1.438
1.436
1.720
2.019
2.332
1.168
1.718
1.168
2.657
1.167
1.168
4.559
1.168
1.719
2.328
1.168
2.015
1.438
4.559
0.911
1.438
2.331
0.211
3.364
3.361
0.665
3.363
0.911
0.211
1.438
2.019
1.437
1.719
3.001
1.168
1.722
1.438
2.658
2.331
1.168
3.742
1.168
2.329
2.015
4.141
2.015
2.658
1.721
2.658
2.015
1.168
1.719
1.435
2.332
1.168
2.658
1.168
2.017
3.365
2.017
1.722
3.002
1.721
2.018
1.438
1.437
2.016
3.364
2.332
1.721
1.720
1.721
1.720
1.438
2.332
4.141
4.141
2.016
1.167
0.911
2.657
3.362
1.168
2.658
2.018
2.018
