4.1766
3.84
3.8564
3.4073
3.5619
3.8264
3.8165
3.9101
3.81
3.0595
2.6181
3.5755
3.573
1.9135
4.442
4.1112
3.7431
4.2971
2.1329
4.1667
3.9274
3.7316
4.0473
4.4894
4.5054
4.2562
3.7028
3.9856
3.9633
4.4436
4.1218
3.82
4.3881
4.1119
2.8847
3.8343
4.1513
4.2925
2.0066
3.7394
4.3874
4.4261
4.2219
4.1481
4.0208
4.2177
2.7696
3.573
4.0207
4.2265
4.194
4.0291
3.9098
3.6379
4.1483
4.0593
4.1247
4.39
3.9442
4.069
2.7028
3.5659
2.4193
4.0487
4.1206
3.234
4.0686
4.4225
4.1859
4.2468
3.0774
4.2803
3.9509
4.3197
4.2455
3.6775
4.1095
4.4037
3.6363
4.1269
3.8343
4.1657
4.6322
3.1003
4.4107
3.3467
4.2015
4.2643
4.35
3.6363
4.101
3.9305
4.1867
4.3963
4.6506
3.9998
4.3232
3.8311
4.0986
2.4699
3.7746
4.1365
3.4925
2.0066
3.861
3.3771
3.4687
3.9325
4.2219
4.1746
4.0313
4.616
4.5758
2.995
3.4925
4.3644
4.2076
3.3986
3.5558
4.023
4.4133
4.3667
1.7604
3.5795
4.3863
4.2764
3.3962
3.8674
2.2591
4.5455
4.3469
3.8705
4.1802
3.5451
4.3557
3.7178
2.0717
4.297
3.7017
3.7876
4.3227
4.1897
4.0176
3.6094
3.2615
3.0595
3.2078
4.2684
4.3113
3.9881
4.2729
4.1126
3.9086
3.8705
3.8896
4.509
4.3678
4.2502
3.8798
2.8821
4.2138
2.3736
4.0446
4.3522
4.7079
4.2975
3.0446
4.091
3.7044
3.3858
3.5767
3.9122
4.2826
4.5431
4.03
3.6559
3.249
3.9881
4.3954
4.2925
3.7394
3.968
3.6858
4.1967
3.9019
4.2787
4.2788
2.2614
4.155
4.1816
3.7788
4.0773
4.528
4.03
3.8132
3.9526
4.2917
2.8821
3.645
3.6888
4.1968
2.0066
4.3318
4.2054
4.0613
4.0664
4.2846
3.8691
4.3126
3.9705
2.9045
3.9768
3.7028
4.0736
4.194
3.3601
3.442
3.2887
4.5429
2.756
4.3338
4.2177
3.0063
4.3402
4.1808
3.6551
4.169
4.2788
4.1867
3.6703
4.2643
3.8761
3.9069
3.3279
4.6356
4.5903
3.4155
3.6332
4.3969
4.0876
4.6545
4.1358
4.5162
4.1867
2.8244
3.7576
4.3441
3.7034
4.0179
3.9716
4.2599
4.1968
3.6034
3.0754
3.7112
3.868
3.4197
4.5663
3.4744
3.6148
4.1283
3.5138
4.1038
3.3279
3.2672
4.3383
4.3799
4.3001
4.1867
3.5678
3.5504
2.8821
3.9944
4.2894
4.4561
4.4218
3.9451
4.4393
3.2196
3.1842
3.8696
3.3962
4.2057
4.3214
4.0625
4.0283
3.7028
3.8735
2.995
4.09
4.5004
3.3986
4.4124
4.2818
2.8821
4.1145
3.6019
4.169
3.633
4.1643
4.4171
3.6039
4.1513
3.7283
3.68
3.368
4.1545
3.4925
4.1992
3.3962
4.0534
4.1044
3.9453
4.2418
4.0456
3.8758
2.4699
4.0165
3.593
4.0289
3.6274
3.4925
4.1531
3.8095
3.532
4.3637
4.1968
4.1867
3.3691
4.0475
3.6131
4.1133
3.6229
4.026
3.9305
4.1346
4.1727
3.7856
4.1373
4.4407
4.2208
4.2177
4.2177
3.1526
3.1194
2.9823
4.0456
2.8068
4.2779
4.1968
3.9389
4.3197
4.0243
4.265
4.1673
4.1005
4.026
3.9159
4.1406
3.4601
3.9675
3.8728
4.0783
3.7028
4.4226
4.2995
2.8821
4.5561
4.2788
4.0475
4.5758
3.9706
3.8746
4.2465
3.5332
3.8979
2.2171
4.007
2.995
3.8834
4.0792
3.4704
3.368
3.9829
4.1071
3.3458
4.2219
4.0686
4.2879
3.6051
4.4574
4.1968
3.7144
4.253
4.2577
4.1532
3.1525
3.7807
3.7267
