3.7698503
3.1121166
3.1721275
3.0403879
1.6566326
3.7106564
3.2158528
3.4169137
3.9734671
4.377472
3.3570661
3.4243605
3.7754286
3.4423026
3.5076904
3.5672553
3.2523337
3.3248116
3.2383852
3.3241246
4.0374487
3.4621298
3.7048948
4.3558556
3.3142966
3.5658551
3.9376896
2.7268536
2.9478213
3.3159141
3.5141441
3.4018835
3.286531
3.4017555
3.5922901
4.3912248
3.6028302
3.1833727
3.4045647
3.6555028
3.4421479
4.6778903
3.485726
3.5833968
4.0786729
3.111228
3.322017
3.4806448
3.390925
4.4005794
3.7143921
3.8536924
4.2306474
3.5242631
3.7587774
3.5174504
3.7341447
3.3831703
3.2053199
2.7235697
4.2452361
3.3936311
3.2609541
3.4910082
3.5818224
3.1319692
3.354448
3.4123512
3.1734619
3.5838987
4.0189777
3.4185633
2.4758535
3.4462581
3.4739781
2.9113311
3.1585106
3.2607821
3.2839146
3.6244595
3.6838803
3.887152
4.6327292
3.1284915
4.5781886
3.5455364
3.4312151
3.6062675
3.4725869
3.3784587
3.1908974
3.8054608
3.4862455
2.7890155
3.3958537
4.1107772
3.3270415
3.8182835
3.4183003
3.0414685
3.0559195
4.1836053
3.4904858
3.5906401
3.5483124
3.790358
3.6711548
3.5970825
3.5442386
3.6873738
3.4625109
3.7410699
3.4428976
3.4862713
3.764597
2.6276697
3.2376824
2.9811334
3.4018447
3.7834519
3.482351
3.4553924
3.6878732
3.4179489
3.1389699
3.6327144
4.5872017
3.6900529
4.1017981
3.1840622
3.3397234
3.452098
3.0808725
3.2194165
2.5997046
3.4804076
3.8124584
3.7785049
3.0904856
3.5446263
3.7219291
3.3029867
3.7665355
3.3120275
3.9685845
3.4088368
3.7417419
3.9336916
3.3192203
3.6066472
3.2873388
4.1622965
3.3792798
3.5481883
1.8043994
2.6853596
3.7067196
3.3532104
3.7525214
4.0888793
3.9159433
2.3947676
3.7920237
4.0787724
3.5739263
3.6110609
3.7403924
3.2140952
3.553375
3.4330607
3.6308428
3.3901928
4.3571187
3.5160618
3.7133471
2.593005
3.2926576
3.1200213
3.4535502
2.2762681
3.5482547
3.9558
3.4241691
3.3727362
2.7809139
2.0802561
4.3053349
3.4194689
3.4774605
4.2771821
3.4525345
4.7312318
3.1078747
3.5181424
3.3604767
3.2403731
3.7040148
4.2572471
1.7534939
3.047111
3.7351847
3.3923713
4.0284015
3.5774652
3.8705574
3.7198755
3.6462678
3.7724951
3.3998123
3.5152134
3.7262943
3.6528229
3.624123
3.3004908
3.5019526
2.9989161
3.4301173
3.558294
3.521673
2.757008
3.3818906
3.5733886
3.3995857
3.5688012
3.2920727
2.9889463
3.5325515
3.319002
3.5654723
3.4574742
3.7608607
3.3915665
3.3816759
3.0677896
2.538732
4.0118014
3.3128863
3.4909817
3.8047355
3.4242361
3.3323232
3.4637726
3.6081479
2.7237619
4.1432658
3.4201384
2.8619491
3.4895733
3.5453888
3.7115918
3.3345706
3.6922227
2.7155134
3.5359284
3.5760435
3.2313634
3.3751727
2.8186527
2.5390761
4.0472112
3.4636346
3.3820647
3.2369452
3.5712817
3.7458562
3.556034
4.5357627
2.8802989
3.4550018
3.2878578
3.3535633
3.7170156
3.8818785
3.6176788
3.4609501
3.8411666
3.4889578
3.5319805
3.519457
3.5140116
3.5599356
3.4807467
3.7916767
3.2718693
3.354843
3.7108926
3.8344873
3.6960782
3.4395148
3.5805825
3.3072038
3.501426
3.3381293
3.2431325
3.6760682
3.6246439
3.3179889
3.5781317
3.9006968
3.9792408
4.1824762
3.338032
3.3207237
3.5114456
3.1547431
3.6295898
2.7686707
3.0458119
3.7670746
3.4819739
3.6300745
3.3402036
3.3113287
3.8612019
3.1555874
3.5673777
3.1587872
3.3437127
3.1597541
3.3548553
3.3997663
3.1013349
3.648545
3.7536726
3.3436509
3.3714308
3.5104287
3.1453243
4.0366898
4.4281989
3.6994586
3.8131169
3.2643425
3.6278012
3.1622135
3.4656159
4.1157911
4.6312107
3.4098857
2.7458947
3.3867084
3.4049292
3.1725088
4.0216304
3.4943404
3.5873972
3.5634135
3.4776519
3.3819738
3.7190947
3.5843027
2.5112252
3.5426079
3.0018087
3.0483485
3.6643653
3.1953572
3.7862548
3.4504804
3.1832065
3.6889332
2.641169
3.2268525
3.2687692
3.9497939
3.5679474
3.6205264
3.349209
2.6822828
3.3563435
3.3700481
3.6062267
3.2580776
3.512132
3.6689725
3.1640867
3.4473366
3.4195544
3.7524658
3.4895614
2.845759
3.6956717
3.5998282
3.4148973
3.0182619
3.3142302
3.3091294
4.0554264
3.2627781
3.8109228
3.6211194
3.118875
3.4981497
3.5819814
3.197267
4.2472553
3.5357751
3.3768463
3.0428101
3.197965
2.5729516
3.4470038
3.6300335
3.1970737
2.9884696
4.2062154
3.6378007
3.2262392
3.5341657
3.6551364
3.4292235
2.5253825
3.7775826
3.1607997
3.4903447
3.427928
3.3445798
3.1653898
3.7548082
4.1856861
3.2549336
2.8988528
3.9774759
3.3137234
3.5397962
3.2980214
3.1829988
3.1993761
3.5853374
3.5572608
4.0632221
3.4389047
3.155578
3.3062183
3.5173847
3.348699
3.5289689
4.4211724
4.1863466
3.0293538
3.5627696
3.5689122
3.2434297
4.0432371
3.0443807
3.3313458
3.5136721
3.554372
3.0969612
3.2038615
3.5871825
3.5318697
2.6998637
3.5697238
3.8801334
3.0989989
3.4148164
3.261687
3.4545953
3.5314126
4.0684132
4.1607335
3.3509136
3.0838139
3.9421582
3.1313221
3.1447418
3.4884868
3.7389109
3.3403049
3.4454935
3.2029353
3.5880051
3.5836124
4.3392552
4.0670801
3.655506
3.2095794
3.8309185
3.176693
2.3231604
3.9725797
3.6407752
3.4400625
3.6529026
4.1208942
3.5402066
4.3256724
3.5688734
3.8192283
3.6966314
3.0749714
3.3565341
3.5003086
3.1886094
3.4958746
3.5548851
2.6993781
2.8823081
3.4117091
2.7559146
3.7158003
2.7634583
3.4159705
3.5105733
4.4134466
3.64577
3.4869892
3.4540929
3.6622633
3.3732846
3.3599455
3.8185301
3.822606
2.9194786
3.5738182
3.6079024
3.6208642
3.2811832
3.1410304
3.6821946
4.1413048
3.4035756
3.3378277
3.6726992
3.3108499
3.370969
3.4516704
3.8153368
3.5108863
2.7380969
3.4702781
3.7180817
3.6776836
3.4489033
3.2238832
4.6052263
3.8408498
2.8964891
3.6667826
3.9827465
3.1474978
4.1999285
3.4732828
3.4607203
3.5552768
3.3894558
3.3260357
3.6491714
3.7274138
3.1548412
3.3374765
4.1346348
3.2824783
3.1942159
3.5173778
3.1701289
3.1246896
3.7435592
3.5184719
3.3545588
3.6662539
4.0564305
3.4864283
3.6643029
3.4469137
3.2284055
3.5382907
3.5863774
3.4977166
3.4362082
3.6831122
3.2713068
3.3932943
3.3471876
3.4112407
3.3213135
3.5240342
2.5785826
3.1267033
4.1900072
3.5482426
3.1839444
3.6901454
3.8620373
3.3478346
3.7341299
3.3012637
2.9955118
3.6706861
3.0862178
2.803598
3.9059962
4.8481932
3.4070015
3.6159086
3.9805765
3.4128376
3.1156152
3.4473834
3.7272488
2.8146741
4.4237663
3.2336978
3.3187153
3.4675347
3.671594
3.9731851
3.8236511
3.8970852
3.8184148
3.167419
3.6132312
4.107384
3.8617656
3.6656225
3.4939814
3.1039528
3.2903277
3.5390935
3.2882869
3.4574616
3.3503226
3.261502
3.2114561
3.7458685
3.5997792
3.3876831
4.3095641
3.595028
3.3393124
2.5574469
3.7113823
3.3403337
3.5370367
3.2587769
3.3753646
3.4386439
3.1793474
3.5476007
3.4891928
3.3020067
3.5796235
3.4745627
3.704093
3.409342
2.9987521
3.3988844
3.4480417
3.4604594
3.2668274
3.500414
3.1614661
3.5463798
4.2658653
3.3056912
3.3969203
3.098821
2.7882247
3.1760165
3.6062296
3.408938
3.4065989
3.4213341
2.7965224
4.2581518
3.022871
3.2505184
4.1953152
3.0799161
3.6608506
4.1673376
3.4021097
3.6569602
3.3905707
3.4440035
2.3963795
3.34706
3.3413371
4.3197468
3.6377053
3.5235931
2.677619
2.2834306
4.0627091
3.4874811
3.4085385
3.4397997
3.2901636
4.7653329
2.8716823
3.2597539
3.2937456
3.7281571
3.7811338
3.7728472
3.3215275
2.7424829
3.951105
3.5391006
3.3657102
3.3564784
3.2438547
3.5451182
3.6579052
3.513525
3.2958105
3.3601024
3.5064305
3.267782
4.0720526
3.5575775
2.9615025
3.9665266
3.8001502
3.103402
3.5365574
3.5949711
3.622169
3.4604229
3.7782438
3.5375083
3.8077681
3.3221657
3.3360706
3.5526129
4.0551046
3.5102764
3.6102557
2.271605
3.0916254
3.1573995
4.0407579
3.4529843
3.2908353
3.4364351
3.5091022
3.6457962
2.9937236
1.9193335
3.723245
3.3831769
3.6005868
3.0670299
3.9178903
3.7328015
3.268981
2.9559458
3.398621
3.1254691
