0.0253672119801
0.0375557940339
0.0152358148239
0.0403621441555
0.0319288027807
0.00633251949967
-0.00664764168157
0.0466996908285
-0.0145111455683
0.0165964715131
0.0066000080637
0.0131552695148
0.0319288027807
0.0303963613752
-0.0322445529514
-0.177444899254
-0.0289799599192
0.033314377788
-0.00349013796586
0.0432469017052
-0.0233512184687
0.0319288027807
-0.0162788222092
0.0319288027807
0.0319288027807
0.029676959841
0.0209802047497
-0.0100847839296
0.00244128046748
0.0281798932184
-0.0528563721902
0.03264014717
-0.125230100303
-0.0169904788309
0.0211572099809
0.0371848952864
-0.0266296377486
-0.0223994129061
0.0319288027807
0.0481804158478
-0.0210756628271
0.0319288027807
0.0331023407377
0.0074489219643
-0.0182409002717
0.0165964715131
0.0221721399769
0.0272344047457
0.0319288027807
0.0319288027807
-0.177444899254
0.0198277749961
-0.00682248579499
-0.0106047835048
0.00711192439757
0.0224659057968
0.0641945347322
0.0027387486663
0.0387140113442
0.0319288027807
-0.00642581154621
0.0422798381113
-0.0160528099786
0.0481804158478
0.0205643054886
0.00348914945309
0.0221721399769
0.0221721399769
0.0193347603943
0.0251450198088
0.0548683479216
-0.0208448083973
0.0331023407377
-0.101591619931
0.03780965661
0.0319288027807
-0.0555006775916
-0.177444899254
0.0137878206188
0.000464908487875
-0.0160528099786
0.0107743363591
0.0182151092968
0.0319288027807
0.0185230987745
-0.177444899254
0.0481804158478
0.0197549642963
0.0380885625073
0.0319288027807
0.0604941430908
-0.00164864887946
-0.0613232484037
-0.00349013796586
-0.0251105427628
0.0042465801917
0.0197549642963
0.00694252860851
0.0387140113442
0.0215987305224
-0.00945484155026
-0.0064481751969
0.0319288027807
-0.003804166175
-0.00198170503726
0.0191866286005
-0.00735217586519
-0.177444899254
-0.003804166175
0.00201844981729
-0.00447589472966
0.0401430811641
-0.177444899254
-0.00186342929777
0.0307840844716
0.0319288027807
-0.00404044658485
0.0401430811641
-0.0114316277492
0.0195460902157
0.0217820961986
0.0378262930667
0.0509258158097
-0.0182765603624
0.0641945347322
-0.00349013796586
-0.0229519689163
0.0295581612038
0.0182151092968
0.0197549642963
0.0392319377303
0.00866149313544
0.0331023407377
-0.053912813319
-0.00953917638211
0.0401430811641
0.0182151092968
0.0105895454359
-0.00349013796586
0.0470835311126
-0.177444899254
0.0177269462499
-0.0145272741368
0.0319288027807
-0.0184780061494
0.0319288027807
-0.0795472194727
-0.0330518627701
0.00244128046748
-0.00394324003222
-0.053912813319
0.0359873906096
0.0226622573426
0.0359873906096
0.0376612659034
0.0601568710941
-0.0742892463881
0.0361967699105
-0.0391845419332
-0.177444899254
-0.0598967710938
-0.0795472194727
-0.0252814847156
-0.00198170503726
-0.0139593752276
-0.00784044768868
-0.027381652574
-0.00542906502521
0.0319288027807
-0.0581293983275
-0.00669896803982
-0.003804166175
0.0185179302807
-0.0176970224494
-0.0522388070556
0.0118532371518
0.0163364690843
0.0156592810567
0.00355371133829
-0.053912813319
0.0319288027807
-0.003804166175
0.00244128046748
-0.064908991214
0.00252044187935
0.0163364498907
0.0401430811641
-0.0150796646104
-0.00878041569047
0.0362162688129
-0.0106664626899
-0.177444899254
-0.177444899254
0.0481804158478
0.00686737424776
0.00417086874705
0.0295206750586
-0.0301297570358
0.03508881972
-0.177444899254
0.0387140113442
0.0319288027807
0.0205643054886
0.0319288027807
0.0481804158478
-0.0139593752276
-0.019579535332
-0.00212684237845
-0.0187865545557
0.0332017945928
0.0641945347322
-0.00186342929777
-0.0397001126593
-0.0104803356403
-0.0555988893117
-0.00212684237845
0.0319288027807
-0.00243761236806
-0.0398093217637
-0.000434488529731
-0.025573225203
-0.0888403964507
0.0290127002001
-0.0120493561444
-0.177444899254
0.0197549642963
-0.0179922454669
0.0576315646563
-0.00349013796586
-0.0128448994949
0.0481804158478
-0.0596401640784
0.00989101924582
0.00776630460515
0.0481804158478
0.00943198271884
-0.0412277761895
-0.0236168204331
0.0342486632201
0.0234527303395
-0.0061408629168
0.0254218195349
-0.0226956479989
0.0387140113442
0.0153807068716
0.0375557940339
0.00869090575326
-0.00402534264723
0.0165964715131
0.00901686573449
-0.0123715833212
0.0601568710941
-0.00445071422485
0.0319288027807
0.00739830027048
-0.0119831437373
-0.0225368656909
-0.0106664626899
-0.00335511528281
0.0121439632941
0.0604941430908
-0.00212684237845
0.0182151092968
-0.00335511528281
-0.00349013796586
-0.011531836472
-0.061600842457
-0.00550249123889
-0.00265278057438
0.0205643054886
0.00244128046748
0.0189245302173
-0.053912813319
0.0200513417658
0.00550931411694
-0.0400996984021
0.0319288027807
-0.0139835695844
0.00607201719941
0.0185230987745
0.0219106347024
0.0113198733322
-0.003804166175
0.0314633172672
0.0197549642963
0.0170053936669
-0.00198170503726
0.0118532371518
-0.0251105427628
0.0182151092968
-0.040030988861
0.0376101275638
-0.00949573851026
0.00417086874705
-0.0795472194727
-0.0866951392354
0.0348602178189
0.0347500584248
0.0205643054886
0.0269607588642
0.0387140113442
0.0062969908395
0.000206402195433
-0.00212684237845
0.0376612659034
-0.00206295269752
0.0185230987745
-0.177444899254
0.0375557940339
0.0299226316981
0.0362162688129
0.0105693310491
-0.003804166175
0.00866149313544
-0.00322335964589
0.0300778473536
0.0146436304852
0.0319288027807
-0.00848937925609
0.0355044849498
-0.0123715833212
0.0336210242298
0.0234492736299
-0.0205019898848
0.00588639764343
0.00448731676547
0.0401430811641
0.0387140113442
-0.0106664626899
0.0319288027807
0.0319288027807
0.00348914945309
-0.00133375019723
0.0401430811641
0.0603034719534
-0.153296217377
-0.0100847839296
0.037763685418
0.0245048918177
0.0324140051858
-0.0236851398238
-0.003804166175
0.0481804158478
-0.000733360803791
0.0392319377303
-0.0582634236052
0.0197549642963
-0.00878041569047
0.0290554635283
0.0165964715131
0.0302704921716
-0.177444899254
0.0185230987745
0.00417086874705
-0.0145805861611
-0.0229515964825
-0.0103502895035
-0.0197993130255
0.0319288027807
-0.00206295269752
0.0319288027807
0.0641945347322
-0.177444899254
0.0133472604632
0.0319288027807
0.0152167621901
-0.00212684237845
-0.0172817284266
0.0197549642963
0.0319288027807
0.0182151092968
-0.00573854710347
-0.00378552098172
0.0641945347322
-0.0387376253427
0.00233186228248
0.0227526729715
0.0319288027807
0.0362162688129
-0.0795472194727
0.0109600956401
0.0176713751785
-0.0555006775916
0.0312149626694
-0.00349013796586
-0.0533011211156
-0.0123715833212
0.0146273316438
-0.0481367126064
-0.015172740465
-0.0163867642551
0.03780965661
-0.0521680484907
0.0641945347322
0.0380885625073
-0.177444899254
0.0295206750586
-0.0181885073905
-0.0238306603157
0.022565595663
-0.0287274415454
-0.177444899254
0.0182151092968
0.0604941430908
-0.0238449115805
-0.0123715833212
0.0275314261514
0.0319288027807
0.0319288027807
0.0319288027807
-0.00674345809752
0.0251443922299
-0.0481367126064
0.0213000282776
0.0326113202542
0.0208380706589
-0.0121896700331
0.0376612659034
-0.0121896700331
-0.00198170503726
0.0361967699105
-0.00198170503726
-0.0102378090142
-0.003804166175
-0.0139593752276
-0.101591619931
0.0319288027807
0.0319288027807
-0.00198170503726
-0.0546395728384
0.00244128046748
0.0319288027807
-0.0530724401498
0.0319288027807
0.0185499730061
0.0117845376095
0.0149648612664
0.0604941430908
-0.000663574801841
-0.00232154972455
0.0375557940339
0.0319288027807
0.0401430811641
0.00246638037101
0.0401430811641
-0.031390865659
0.0185230987745
0.0319288027807
0.0376716024514
0.0376612659034
-0.0061408629168
0.0176816621636
-0.0300096253216
0.0109669249255
0.0375347031231
-0.0274687283508
0.0197549642963
0.0284802015364
-0.0106664626899
