0.00321021297741
-0.0183194159449
-0.0164539241694
-0.00986557040987
-0.0245168531509
-0.0464248682466
-0.0248553981286
-0.0517059184599
-0.0736122606086
-0.0532381754942
-0.0283041017112
-0.0428394805433
-0.056027815173
-0.000142473247595
-0.00836962672343
-0.0561823192269
-0.0289896169674
-0.00603725893276
-0.0459321305958
-0.00965334843031
-0.0529309098034
-0.0532868149869
-0.00862890917749
-0.0131494056002
0.0308511850442
-0.0565993617343
-0.0115647665863
-0.0872548053742
-0.0125499371412
-0.0347582580722
-0.0510415311507
-0.0294100710735
0.0291683550752
-0.0565880234757
-0.0770598816087
-0.0506466830634
-0.0661461152893
-0.0696726131952
-0.021291488187
-0.0166797754148
-0.0352047004634
-0.0266589830701
-0.0284072059267
-0.0205355679824
0.00446891455285
0.0113925323005
-0.0263620477183
-0.0291950709423
-0.0488775466787
-0.0560982182169
-0.0270539277493
0.0214745651563
-0.0226441071921
0.00671027353245
-0.0284835468621
0.00149432643555
-0.0174891753414
-0.00730526494294
0.0296836321759
0.0176584058434
-0.0623100370189
-0.00873229263851
-0.00393974933398
-0.0417688728723
-0.0678161691684
-0.0667016366591
-0.033909282998
-0.066976075911
-0.0438715653609
-0.0469764412348
-0.00198951619706
-0.0306504515045
-0.0149648436817
-0.0618338371144
-0.0692178582049
0.0394363844745
-0.0632696305209
-0.00182973008109
-0.0599151036951
-0.075705989766
0.00212739578342
-0.00680633353713
-0.0623079507059
-0.058402968347
-0.0657993896817
-0.0809792984589
-0.0612522788842
-0.0610797287684
-0.0671542488984
-0.0844777665996
-0.0869316575566
0.00631158925793
-0.00060032879929
-0.00792061348598
-0.0186360215689
-0.0200602397848
-0.0389637625068
-0.0070365376604
-0.0207584228893
-0.00331178726147
-0.0330117787476
-0.0366317679565
-0.0334954589455
-0.0614796628646
-0.0213011169214
-0.00534966005461
-0.0463429346164
-0.0381655614094
-0.0503406583077
-0.0707508085649
-0.0768463768978
-0.0374432445154
-0.0644596148307
0.0019641033666
-0.0698462741506
-0.039722439897
0.00413402442397
-0.0295929998472
-0.0498234300359
-0.0503061154653
-0.0239945285331
-0.0353890096122
-0.0525442190921
-0.0373839002184
-0.0714754355622
0.00359906253197
0.0314625602171
-0.0585728516088
-0.0230655931512
-0.0599832127129
-0.032698816302
-0.0465250992865
-0.0635922063401
-0.0561817297288
-0.0587490155856
-0.0214538765736
-0.0717889884882
-0.0638713532697
-0.0224856458962
-0.0366786267344
0.00673135612721
-0.00727008675847
-0.0702002168884
-0.068890122557
-0.0612352473047
-0.0421813920156
-0.0569426298376
-0.0262364769554
-0.00820446970517
-0.01640353719
-0.0711421463968
-0.0207453893672
-0.0217726140628
-0.0737696682065
0.0309329422167
0.0140354220796
-0.0671083282775
-0.064366832544
-0.0208351234631
-0.0580461623016
-0.0654068399422
-0.0419379315464
-0.0682472582031
0.00926571837076
-0.0751676163304
-0.0443212041538
-0.0305937529856
-0.0252458884484
0.0168997783199
-0.016836700081
-0.0202738036891
-0.0244372326516
-0.0622362565816
-0.0661337922416
-0.064366832544
0.0122719088683
0.0322498464131
-0.0041891238851
0.0242709076308
-0.0624022710698
-0.064366832544
-0.000312349990545
-0.0706718290484
-0.0707752390048
-0.0679910578818
-0.0664985897334
-0.0733832672383
-0.0288170391626
-0.0281013373925
-0.0717874072754
-0.0622341859555
-0.0663732113133
-0.0176153265016
-0.0631003402464
-0.0680270207033
-0.0344683854084
-0.039840136833
-0.0617850560449
-0.0328002647241
-0.0613633328297
-0.0161577656402
-0.0710677027587
-0.0647740727244
-0.0159256684519
-0.0674873431098
-0.0590818394052
0.0055328717782
-0.0257577226122
-0.0173199511246
-0.0278170735736
-0.0659666039062
-0.0100790354787
-0.000139055837041
-0.00687517270534
-0.00225245869711
-0.0318155773709
-0.0118023075156
0.00503336373431
0.00378641035564
-0.0135031683558
-0.0727086212502
-0.0751413313114
-0.011685311603
-0.00162689950706
-0.0128216370682
-0.0356102784469
-0.0216459392015
-0.0193007085439
-0.0568952546496
-0.0198242230944
-0.0569797638283
-0.0719425665019
-0.00489234860102
0.00535880048765
-0.0549412416905
0.0110742262603
-0.0456210616706
-0.0475385610563
-0.0335647952695
-0.0723980633133
-0.00422353671654
-0.0666456974202
-0.064366832544
-0.0414687083958
-0.0687339683162
-0.064366832544
-0.00522288389774
0.00633244257211
-0.0334229994894
-0.0654100794025
-0.0265305086949
0.00816434353936
-0.072820971305
0.0280448426183
0.0273329680342
0.0330859547268
0.00540286643925
-0.00576814920659
0.030471155365
0.00569279940889
0.0117487624475
-0.0235048181769
0.0294817683957
0.0229370559449
0.00847573635075
0.00918618445481
0.0318560788367
0.0294333567725
-0.0198028766904
-0.00887025611671
-0.000894942350467
-0.0136777281272
0.0177128555069
0.0347174080254
0.00363897996879
0.0353785133224
0.0214171987099
0.00948782220427
-0.0183411780351
0.00658761778309
-0.0137320335675
0.0285320236572
0.0200405975437
0.022914049233
-0.0017442315789
0.0327151226415
-0.0250161363205
0.00591040758063
-0.0440356523055
0.0184253819529
0.0145048841426
0.0299357144051
0.0389412607397
-0.0358600812768
-0.0172050716279
0.0197895714605
-0.0290033867692
-0.000692326375522
-0.0361490947493
-0.0145830307815
-0.000114234514765
0.00922050720404
0.00662056750362
-0.0451493242343
0.030842586929
0.0137460959171
0.00450478147998
0.0255232496176
-0.00685887349579
0.0184559883395
0.0226759974601
0.0528706319679
-0.00478082590505
0.0139819477262
-0.00196755037971
-0.001004578675
0.0338477826281
0.0218426112635
-0.0372604545653
0.0107917711307
-0.0227822417181
0.00370749377496
0.000220903708542
0.00874601780647
0.0204251719312
0.00736462795969
-0.0463536464151
0.0353785133224
-0.00123725203044
-0.0154896996545
0.00216027269224
-0.000623071390955
0.00586304151772
0.0050704666969
0.0303222248773
-0.0164978749942
-0.0166586443137
-0.0369222241778
0.0107525836724
0.0310620142179
0.00355930480541
0.0214841534983
-0.0239343806261
-0.00491011447043
-0.00969904182408
0.00641700276588
0.030667530709
0.0361013517252
-0.0127080558383
8.12467946712e-05
0.0410668845967
0.0298413011052
0.0457691868122
0.0135108735862
0.0227373603735
0.0114129451755
-0.00449787410686
0.0190691819773
-0.0629450709926
-0.0251492679732
-0.0393512338846
0.02527807883
-0.0217286602699
-0.0482461174714
0.0528706319679
-0.0188832920737
0.00576805815679
-0.0144051017738
-0.0140176047893
0.0211564172259
-0.00963246813621
0.0157899012424
0.0353785133224
0.045666835374
-0.00224985179746
0.0349763048535
0.0163624124658
-0.0265598004751
0.0463266140121
0.0261729487183
0.0371201725281
-0.0234321383265
0.0261945255233
0.00786308507371
0.00300845236953
0.0401689741833
-0.0064018451503
0.0208348116946
0.0402791919148
0.0145024513286
-0.0210601220719
0.0296615521206
0.00476284050266
0.0136908808149
-0.0144235448919
-0.0327401509379
0.0131608800365
0.00962087222026
0.0227455825323
-0.019464522151
0.0187001814646
-0.0175213182347
-0.00205324707151
0.0114747277126
0.0323047701542
-0.016179570505
-0.0163691487448
0.024183949499
-0.0112433290986
-0.0275930842248
-0.0189319133685
-0.0194686894497
0.00154914078467
0.0336558481861
-0.033197321925
0.023848046864
0.0486049307676
-0.0319428117789
0.0405306497443
8.75130144569e-05
-0.0242093981998
-0.0107587418059
0.0098329349075
0.0174798628969
-0.0027536776378
-0.00127595815508
-0.0189870639122
-0.0340851971201
0.00017321699861
0.0063430359196
-0.00999329833729
0.0454916459611
0.0230847273057
0.0304654660747
0.00421498552995
0.0376099181208
-0.00266274522784
0.028708791938
0.00801444666736
0.00436890893792
0.0165711074702
0.0022980021219
-0.0199791973032
0.0415359391991
-0.027148405891
-0.0283327732783
0.0328726939186
0.0225220913031
-0.012845979862
0.0320225442539
-0.0231029639893
-0.0404240636182
0.0302492065805
0.0367270874092
-0.0390084116549
0.0371692703653
-0.0535207959933
0.0249733732665
0.0180655993139
0.013466939899
-0.00409754536375
-0.00196308986892
-0.000813509722013
0.0376116431679
0.0336422574042
0.00146654064269
0.00491759613009
0.0357868735857
0.00997004101679
-0.0149344602359
-0.00649750865917
0.0134984808365
0.0118826704294
0.0362236587166
-0.00354603888626
-0.0121496337022
0.0361480287571
-0.0267068518076
0.0131740671186
-0.0281711529823
0.0111613072718
-0.0154578529827
-0.0170984833539
-0.0168951063751
-0.00185750659822
0.0168268658693
0.023028339738
-0.0782995335084
0.0303756836198
0.0270325432902
0.0389219694308
0.03051952433
-0.0578849790614
0.0263941773898
0.000281595058387
-0.00322813561929
0.0107004155702
-0.000521726516364
-0.0391242783263
0.0217352337132
0.0528706319679
0.0375149493693
0.0570285070386
0.0463221209432
0.0339822205221
0.0318362372783
0.0119717435391
0.0438743004238
0.0559386220373
0.0405996021878
0.0527994487536
-0.0159056419
0.045367103888
0.0369713881326
0.0173050654968
0.0188261505864
0.0414947933198
0.0298258296616
0.0113442612757
0.00965785633838
0.00639928528253
0.0422746034124
-0.00957988701147
0.00984428215313
0.0294387101853
0.0142472634192
0.0383642315831
0.0177145781794
0.0355947567605
-0.00497239103135
0.0389065290775
0.00902638657935
0.0419705151388
0.0383642315831
0.0575362096574
0.0102200947763
0.0255720915566
0.034916475581
-0.0501239193283
0.0305538329795
0.0301292019806
0.0592498318769
0.0349530029356
0.0306402204402
0.033303245812
0.0403140159072
0.0513101119043
0.0528706319679
0.0495931634811
0.0405996021878
-0.0458758912571
-0.00541426776094
0.0198728289057
0.0392842832175
0.044171903051
0.0321816996021
0.0353785133224
0.0256531724635
0.0448353907271
0.0495173800474
0.0173242701734
0.047678805035
0.0350963022313
0.0289676602516
0.060843692829
0.0339833948455
0.035223571526
0.0365633104051
0.0235447273844
0.0296290683359
0.0301885208336
0.014892845488
-0.043223333399
0.00968209220442
0.030713437499
0.0353785133224
0.0361009855253
0.029769441695
0.0598721443791
0.0610506237072
0.0534109358316
0.0365330288224
0.028505473195
0.0476591073051
0.0330507907131
0.0557669313312
0.0377842648216
0.0132851980839
-0.0801115309612
0.0353785133224
0.0326338526483
0.0343369320485
-0.00338391919276
0.0526110293255
0.060506885082
0.0148075740395
0.0435620111272
0.0388880474349
0.0371673793687
0.0207205372846
0.0304746441848
0.026641291493
0.0154393529597
0.0366691476647
0.0435352610043
0.032832669678
0.0363486267735
0.0214418307092
0.0328852569266
0.0238761346953
0.0366882507495
0.037267180937
0.0528706319679
0.0462975514408
0.0392594579965
0.0377866207021
0.0207543222131
0.0175694136033
0.000629203457348
0.0270185750154
0.042274824111
0.0395649986183
0.0514471044364
0.0185567905413
0.0410782943138
0.025549062891
0.038025597716
0.0130257442443
-0.0032080441683
0.0304591579781
0.0185152801569
0.0380629772798
0.0390054252391
0.0360434578289
0.0408721476601
0.0457330954171
0.0299875988462
0.0258463392103
0.0348483203517
0.0126034062556
0.0213047782354
0.0349678506439
0.0385362213866
0.0373093583774
0.0364804310537
0.0442935904457
0.0369187123619
0.0187457229102
0.0417355637536
0.0336736696823
0.0419010708252
0.0362309870902
0.0361257074548
0.0342408052105
0.0418029044735
0.042274824111
0.0369713881326
0.0585639193334
0.0389925371679
-0.00579576740974
0.035005942114
0.0405996021878
0.0396587479716
0.00591905098758
0.0340946891373
0.0430552563759
0.0195506155132
-0.00881826901651
0.0211768283167
0.0326435828125
0.0438142463761
0.0423460270084
-0.0493122613872
0.0364419251781
0.0487225964097
0.00850164984938
0.0462375207452
0.0158736545456
0.0106494091966
0.0111862692036
0.0241925666262
0.0344034897228
0.0556322972233
-0.00544836962723
0.0382236864309
0.0147310139017
0.0175028683018
0.036253034968
0.013184708296
0.0248774860844
0.034536373853
0.0383642315831
0.042139471367
0.0382588929709
0.0388190573044
0.0586482870388
0.0338849145745
0.0353785133224
0.0409498163529
0.0375212692908
0.050873665221
0.0281601683222
0.031717243847
0.0351170403734
0.0255500931819
0.0393058671139
0.0435750406681
0.0222035495774
0.0122007065267
0.0370870148144
0.0406014331244
0.0468416506768
0.0188167850875
0.0566539585878
0.0327293873037
-0.00196033931418
0.0528706319679
0.0383642315831
0.0413727658069
0.0337428215833
0.0499565572961
0.0405996021878
0.0452571083345
0.0474689651605
0.017726405095
0.0356907871595
0.000985287534023
0.034646472587
0.00851989338542
0.0309558784574
0.0455412129481
0.0284721493548
0.0142503694101
0.0413382215882
0.0143954902812
0.0184739616935
0.00485001139466
0.0342794737841
0.00568525203067
0.0285972687442
0.0354217808245
0.0464723658744
-0.0676783242147
0.0345221052607
0.0479206690766
0.0441237862684
0.0430862882931
0.0375548224412
0.0405996021878
-0.0513691571525
