0.0686638226185
0.0497958937921
0.0571808793646
0.0630789117261
0.0534332302206
0.0305987415546
0.0517575840343
0.0241691896879
0.0251616648782
0.0463325427898
0.027064111167
0.0494344474328
-0.0312582697571
0.0261168254278
0.0144107624225
0.0539373889371
0.0677172155985
0.0246132700589
0.0551570718543
0.0433496162405
0.0368880354142
0.00198080403198
0.0631313125199
0.0211275503157
0.0174293008878
0.0630789117261
-0.0230730409918
0.0545612854715
0.0608379958841
0.0612842716695
0.0425217987989
0.0213765341595
0.0492024041152
0.0336455141366
0.039217881854
0.0583895408124
0.0583895408124
0.0203587413202
0.0486990282688
0.0199100083845
0.0517575840343
0.0517575840343
0.0200770869605
0.0368487280735
0.0454052605151
0.0504625974792
0.0580823105685
0.0599088436938
0.0517575840343
0.0517575840343
0.0256305969615
-0.0356249442375
0.0302722536194
0.0436216109646
0.0255273182174
0.0518299481673
0.0251474513612
0.00475752559483
0.0583517802225
0.0339193744691
0.019784131888
0.0439409539185
0.0103551448151
0.0328092077495
0.0341873124583
0.0602927214806
0.00851531569115
0.0574754166113
-0.00246936824502
-0.00667663484222
0.0376673559463
0.0251973965946
0.0218575966416
0.0218575966416
0.0199205773982
-0.00775239526675
0.0469776572001
0.0436318961574
0.0580693294148
0.0309114555333
0.00135361842088
0.0234379152157
0.0234379152157
0.0262027654483
0.024208798762
0.0371117488496
0.0584759154572
-0.0228554520114
-0.0279363556255
0.0354212698966
0.043557465629
0.048046039836
0.0139408423171
0.0200373540871
0.0200373540871
0.0194243470481
0.0194243470481
0.0194243470481
0.0195950092205
0.0239634701522
0.0602868311147
0.0593039340313
0.0399206142301
-0.0404771861176
-0.0142905543363
0.0512820537088
0.0584631296172
0.0232136123095
-0.000329975758407
0.0336066747499
0.0212247528547
0.0356205266277
0.00892618412241
0.0415293464371
0.0649061623021
0.0375504570345
0.059688438036
0.0518176917285
0.0188906718743
0.0586731090826
-0.00801162620577
0.02071137646
0.0199100083845
0.00975522977408
0.0336208163795
0.0250231168203
0.00710660339512
0.0140962327618
0.0312462074599
0.0414573842499
0.00536543508258
0.0343028960452
0.0480162872802
0.0235448575436
0.0480162872802
-0.0254849301595
-0.0379338672971
-1.82464125897e-06
-0.0585062366702
-0.0306138735874
-0.00566427386156
0.0224538859702
-0.00805252784655
0.00469016944655
0.00469016944655
0.0151452879959
0.0174801921778
0.0253312155042
0.0378917895503
0.0527744946991
-0.0462812835521
0.017376148592
0.023063032902
0.0401055577456
0.0267530942777
0.0496764125805
0.0431952568043
0.0340520275555
0.0190083834489
0.028606770981
0.0457695852744
0.0190041274717
0.0313636757835
0.0568303741395
-0.0257714021519
0.035051093178
0.0561209160302
0.00951300483256
0.0163709902228
0.00411677655457
0.0561958877453
-0.00750630411429
-0.0195986569084
-0.0459013002216
0.0378828428255
-0.0456923240743
0.0235008153663
-0.0419374126661
-0.046930441979
0.0214047105587
0.0214047105587
-0.0392964322147
-0.0194377416708
0.0317202692802
0.00699899510013
0.0491010101998
0.0282220557194
0.0294093351392
-0.0135475086498
-0.011774066114
0.0206008879165
-0.035530279428
0.0504593888266
-0.0255963622153
0.0612352888812
0.0131955269461
0.0530273767751
-0.00911081452732
0.0414018205984
0.0430371023115
0.0073324105462
-0.0121393673608
0.0494158943378
0.00755541810894
0.0400628901773
-0.0510250659656
0.0492320850768
0.037385267358
-0.0536858662675
0.0466358326485
0.029399026789
0.0344092809861
0.017593209419
0.0258294715367
0.0141662169386
0.0138089192084
0.0365758105877
0.0498204673924
0.0496502629437
0.0495803773728
0.0388398501747
0.0441065026429
0.00210708263579
0.0219488785837
0.0421993282385
0.0212308269721
0.046762773971
0.0387796807635
0.0107832276151
-0.0270028675529
-0.0533216030801
0.00490445185672
0.0456424845291
0.0636091679031
0.0558568481855
0.0119418799002
-0.0147624209659
0.0485201104556
-0.0431773166609
0.0190632493573
0.0546364726789
0.0251653191962
0.0333330850356
0.0400158870718
-0.052346095371
-0.0172207160434
-0.0292908066067
-0.0349809659647
-0.0151581620572
-0.0405196544522
-0.00162438665968
0.00382466166642
0.0442887557914
0.0491568792195
0.0117849867303
0.0187138977047
0.0438593167368
-0.0086744118377
-0.0430501054226
-0.057648342838
0.0196018078979
0.0216526739256
0.017563224342
0.0233821831041
-0.0519902290489
-0.0565959495325
0.00865505035037
0.0394494499007
0.0500875603324
0.0113839253549
0.0127623612451
0.0171525751806
0.0535543921775
0.0540299949403
0.0148078940071
-0.0113531858808
0.0300962129994
-0.0435895607045
0.0312487354726
0.0449846196686
-0.0582538321114
-0.0452373353718
0.0293508079666
-0.00492167402956
0.0281690259251
0.0233808704691
0.00122585925248
0.0185956294228
0.0504910625588
0.027290174713
0.000113770889497
0.00564986556962
0.00835366067551
0.0164238186251
-0.0495526176126
-0.0378494129899
-0.0240918502694
-0.00451601308803
0.0345729694937
-0.0182571198737
-0.0280140671393
-0.00373118064211
-0.000215671265897
0.00988212807566
0.0148571637229
0.036199728605
0.0195826239097
-0.0590755427773
-0.0481717048097
-0.0420605691994
-0.0530182402579
0.02971239542
0.0299475164588
-0.0170933511212
-0.0611154405462
0.062595732532
-0.040024008553
-0.00986292999345
0.0421578969559
0.0152618789951
0.0177074089229
0.0271021721283
-0.0307676052718
-0.0252180272831
-0.0354199233635
-0.0580026768637
0.000695573989943
0.0425902244578
-0.0457992395342
-0.0426548436876
-0.0174859211482
-0.0163731991259
0.0316110604621
0.0129264441666
-0.0569650171174
-0.0525709237549
-0.0367580865349
-0.0361864902216
0.002978820696
0.0480749067479
-0.052035241851
-0.0500826375689
-0.0529671803107
0.0213907775612
-0.031471952712
-0.0280469507381
-0.0486842878706
0.0476845837019
-0.0280999711264
-0.0479928224002
-0.0493666870447
-0.0626103295431
-0.0332367520361
0.060724441537
-0.0116105766397
0.0438986849354
-0.0319417353837
0.0351772732245
0.0518866868386
0.0123043786811
0.00241649328955
-0.0392267506454
-0.0563878245731
-0.0184667070716
0.0428363240219
0.0492292878298
0.0106079296281
0.0279528596351
0.0282226353509
0.0459250803395
0.0584654070692
0.0453874524929
-0.00732588852498
-0.0450759138763
-0.0268342924028
0.0553946811035
-0.0183420332226
0.00930430303431
-0.0442742399483
0.0261117676514
0.0405798310378
0.0206012140542
0.00371075021049
-0.0684266279471
0.0230758877313
-0.00527784059632
-0.0421776069654
-0.05657799105
0.0359898016584
-0.00554346083641
-0.0611013838129
-0.0589548426102
0.0159656005444
0.010350874779
-0.0495595394512
0.00574403051327
-0.0394474962281
0.0306664598106
0.0142445001586
0.0169043680895
0.023852464577
0.0369770140366
0.0282148605667
0.0300515884425
-0.0154796858476
-0.0349027815889
0.000353050587207
-0.0481775031153
-0.0602361717857
-0.0529064297002
-0.0255128317526
-0.0336198708329
-0.0409431291908
-0.0406557208264
0.0489823124743
-0.0480899577887
0.00960314033906
0.0261342694961
-0.0486666914645
0.0370203408317
0.0431297481623
0.0286625490728
-0.057661708884
-0.0575997227028
-0.0141444290913
-0.0593451343824
-0.0111113955678
-0.00870079796434
0.0276024465222
0.0420966638351
0.000981435688313
-0.0181077721878
0.0315241304452
0.0233896806591
-0.0388182763489
0.0272059892571
0.0168660166035
-0.000641557416246
-0.010364078562
-0.0586300284124
-0.0587024838824
-0.00772003156786
0.00827205779897
-0.060715276773
0.0271742456776
0.0278430854673
0.0205082488215
0.0433861428387
0.00894391635719
0.0221951362146
-0.00234787838198
-0.00286510279279
0.0266803121332
-0.00600886286759
0.00468662727622
-0.000621430577477
-0.00967718234831
-0.0111413207528
-0.00117487773901
-0.0384901227692
-0.0370260336998
-0.058432613288
0.0242742312172
0.0613192313795
0.00153094758116
-0.00835273799731
0.0214782352721
-0.0133925815072
-0.0487475861333
-0.029667149618
-0.0586424734591
0.00457912381516
0.0260933173596
-0.0656395774517
-0.0546484141164
-0.0280970427529
0.0390035680832
-0.043949932368
-0.0101939753048
0.0428640059137
0.0345043589484
-0.0174659935877
-0.0217271554508
-0.030621670426
-0.0629770041664
-0.0159589152835
-0.0190374434714
-0.0581524452084
0.0486962298374
0.037701696586
-0.0444616102863
0.0245491738725
0.000169529077535
-0.00514437268075
-0.0276262828512
-0.0454995359138
-0.0300516418431
-0.0575042704552
-0.0635194890514
-0.0591585207702
-0.0485329760389
-0.0605813313156
-0.0478340404101
0.0337678951999
-0.0175863405562
0.0204797419134
0.0322413853863
0.0154356466896
-0.0219373395931
0.0143782913909
0.0197235572029
-0.0262151948069
-0.0467479721109
-0.0630932913762
0.0500928005203
-0.0413237497907
-0.0362450312958
-0.0382379514809
0.0218124688789
0.0477284959988
0.00181710465351
-0.0494535367013
0.00523067689103
-0.0245555518229
0.00659277513327
-0.0480774537783
-0.0481903586456
-0.0358581404217
-0.0411292852977
-0.0449263371188
0.00253999254919
0.0032049701493
-0.0101213382084
-0.0203604814408
-0.0351661721401
-0.0521367054186
-0.0587223988182
-0.0568869425544
-0.0561305076888
-0.0136220708446
-0.0329824514136
-0.00779164097039
0.0216247575928
-0.0308243941247
-0.025406308695
-0.0448157017824
-0.0640052150155
-0.0612562142293
0.0171623892669
0.00053654943269
-0.0188217084749
-0.024548425656
-0.0339014739648
0.0483700035755
0.032726809336
-0.0282680718211
-0.0122587899657
0.025047257351
-0.0469849730915
-0.048568482595
-0.0655765706572
-0.00191193888691
-0.00573738240536
0.00884831915772
-0.0539323217249
-0.0164185777925
0.0426829174469
-0.0536060563673
-0.0444978951988
0.0133167213029
0.0595383040887
0.0258229902167
-0.0310727209605
0.00953678158361
-0.0593078398318
-0.0582238655185
0.0148228846016
0.0342658629022
0.00233565729915
0.0452676202751
0.0209414160713
0.0220709479095
0.00354469139347
-0.0203454676157
0.00948667349876
-0.0340697755823
-0.017256095536
-0.0319331264674
-0.0334759702641
-0.00992312800282
-0.0227441344758
-0.050810475941
0.0356419918205
0.0171586789463
-0.00282972888817
-0.0194611267921
-0.0627583563338
-0.0647245795845
0.0140733043169
-0.0217624723449
0.000443737400582
-0.0165852566168
-0.0118598563308
0.0165470767651
-0.0314735603182
-0.0306680682104
-0.0056017164386
-0.000789139374714
0.0264921147482
-0.0175407566513
-0.03080324719
-0.0297352315094
-0.0598847920903
-0.0644875850183
-0.0487865308541
0.0456646548223
0.0260174422037
0.00233016526433
-0.00810792485473
-0.0059128224717
-0.000408531944451
-0.0148700717638
0.0104997038443
0.0236264270752
0.0426651335832
0.00370714542673
-0.0486430041668
-0.0570713114204
-0.0192718886052
-0.000607411968127
-0.0204444800068
0.0201372126732
-0.0140778765965
0.00150091809954
-0.0495651235395
-0.0150267646496
-0.0642051073454
0.0119744471677
-0.0472816463304
-0.0544713277739
-0.0441738653606
0.0435388452638
-0.0274636925361
-0.0532159179509
-0.0535966702882
-0.0307547415678
-0.0538244687631
-0.0340383770413
0.0242674428873
-0.0158343992523
0.00936558358783
-0.0614575675044
-0.0357295161669
-0.05539323427
0.0187103429311
-0.0392319546815
0.00885188578363
-0.0372327155224
-0.00477453394838
-0.0315798170949
-0.0136650936815
-0.0236989207495
0.0131827832739
-0.0580920436314
0.00296015657703
0.00448136270843
-0.0175576147312
-0.0138358410339
0.0349680888193
-0.0220951833269
0.00315801763796
-0.0433745405749
-0.044825411723
0.0247207318456
-0.00956872104768
-0.0199184265232
-0.00556438497502
0.0103097490495
0.0133382080462
0.0234572580401
-0.0534437262151
-0.0520621797569
-0.0680083678857
-0.0107214032653
-0.0560552824329
-0.0236852843615
-0.0628631814799
-0.00796186203848
-0.0387106186399
-0.0371195209058
0.0242459839666
0.00500174108835
-0.0108412861098
-0.0636352652842
-0.0369129540307
-0.011268420876
-0.054822736831
-0.0110643129324
-0.00340775121608
-0.0318679356866
-0.0653878466368
0.00473051628883
-0.062730020404
-0.0619701216414
-0.0485555184165
-0.0593415463447
-0.0530931994361
-0.0442983874191
-0.015831305984
0.0245221209665
-0.0140354116606
-0.0278798594377
-0.0503086405546
0.0199896796021
0.0454546778716
-0.027431734774
-0.0282974002597
0.012326797222
0.00219322446067
-0.00523178660643
-0.0575758963128
-0.0145821976301
0.0403691077804
-0.00217769083887
-0.0608706330333
-0.0481949995192
-0.0520391502985
0.0275405756938
0.0111394358394
-0.0497921037635
-0.0327011601369
-0.0566835239193
-0.00288324076758
-0.0191487705275
-0.041366619156
0.025458311695
-0.00406712902977
-0.00259362182079
0.00240987281106
-0.0106535841202
-0.0402358453578
-0.0251030211609
-0.0452747942737
-0.0475096156318
-0.0444738763006
-0.0659664815079
-0.0324648599919
-0.0647555863237
-0.0495688626061
-0.0605391081501
