0.1055806914
3.7307015392
3.5908392306
2.1601670112
1.6728068056
0.9484661195
2.1372117877
2.9521072285
0.4117031360
1.7557905280
1.1829073530
3.6934651189
0.0416310296
1.4090059364
0.0750233644
0.1009222672
4.4483792583
3.1639055506
0.9664774876
1.6839210658
2.5231501405
1.4475806037
3.2980072523
0.3418840455
4.0099505297
2.1491073703
0.5228872090
3.6681539898
0.7889220091
3.0398743584
0.9533845327
4.2137554671
3.6863869778
1.3367382770
2.1488103411
2.3585982212
1.2312180256
1.8164801292
4.5988901060
3.8662592456
1.5303461609
0.8862066313
2.7559240115
3.0018136538
2.2632231150
2.8975399498
0.4233134836
0.8142799429
1.4858831811
4.3769182669
3.5705949699
2.8231732607
3.6705749019
1.9224737591
3.2858729306
3.6026161247
3.0080414742
1.3102710116
3.5308324856
2.2797600288
4.1783350423
4.9578105035
4.8823148058
0.6133688151
3.4050931724
4.7373863972
3.5443567005
1.4028759009
3.8906498026
2.2210182711
2.6278565062
2.5107477448
0.5689869033
2.6052604456
0.3194828770
0.7273856251
3.2847710282
0.7193629968
0.9105679878
3.2370221987
2.9245999489
2.9032732268
3.3096235429
0.1771887246
4.9967727071
4.9702080944
2.2135133948
3.0485385829
4.6246807491
0.5875046986
1.4225620983
0.8044331131
3.7232123956
2.9428001789
2.2299508936
1.8121721422
2.2449068008
3.5620621513
2.5372530105
3.4646541946
3.1811508366
1.2414688600
0.5031153703
0.6702755729
4.4922720623
0.7046323909
3.5437552865
0.3508435968
2.2183571630
4.3363013962
1.3105852106
0.2261325864
3.7300570384
2.0377296087
1.5760074762
4.8065220010
4.8461911409
2.3397358139
3.4829609475
3.6021197938
2.4439237799
4.6676176973
3.3425040190
1.9912108456
1.1795679709
0.4261489065
2.5975601209
3.0792255927
4.1262170998
3.0396435849
3.9765343125
2.7812679889
3.0115752267
0.4963983438
4.5200592580
4.5392700507
1.4393423649
3.3917259723
4.6254974411
0.7548727327
4.0247255745
2.1004109306
0.5804904450
4.6001150911
4.9341292868
0.0270016712
4.0779070678
2.2320159197
0.4464929772
4.9482918693
1.7647265236
1.1593496019
3.0453802009
0.1721395514
4.0870525530
2.1186711297
3.2936941526
4.5640626927
2.1785655075
4.0433793975
3.5643403790
4.7395899219
0.6918839271
3.7388933130
3.2184411134
0.7660183445
0.6987513778
3.5965472794
3.2966169898
4.2700449777
4.7585399071
3.9294115099
3.3678046837
0.6938266994
4.1637449769
1.3388537506
1.1541123785
2.6956437626
4.1700397083
0.4183526219
4.5999929463
4.0448766254
0.6767852852
3.2710442545
0.5008264040
1.3349629048
2.5770109658
1.9130535070
0.8617626375
3.0310135061
2.5947579262
3.0122741185
4.1749216316
1.7075921999
0.3889276435
2.3814889891
0.5249455712
3.3216839490
0.5586143074
3.7182576977
0.2432342419
3.3391019250
2.7331833687
4.7276636815
2.0043862333
4.9006442227
2.4845613682
4.6467535244
3.2094525810
1.7164665810
1.4384271955
0.4333858360
4.0352507526
3.3307697765
4.7799684681
0.3124325831
4.0934743377
1.9495175736
3.7089403606
0.7671617449
2.5745815150
2.3951360067
2.1739145113
2.4046221424
3.5269923960
0.4957551548
4.0484341591
1.8455195330
2.4101357514
3.4624232501
2.4595249645
2.0291128879
4.7691484753
0.5138577591
3.1645006294
0.1728914894
2.2089604921
0.2108317950
3.1337249901
2.3791624127
3.3361327316
1.0254846835
3.0390492986
2.2832544027
1.9188203425
4.5370755122
3.3897614772
4.6410234353
1.7598965555
1.0854758686
1.0854148043
1.7600476755
1.1475085973
0.5756555240
2.1688233167
2.7957704255
1.8436848671
2.5873103551
3.3294217688
4.2204593042
1.3882362746
3.7584981382
1.0093158274
0.9918936330
2.6658832677
4.1636927996
1.8495448642
0.8159901270
3.7337077106
0.7561740880
4.2458218061
0.3320748258
0.4987144732
3.8813952465
0.2904035729
3.4232770504
2.0271554213
3.9592989332
3.7045082320
0.2427543560
1.7546075151
0.0749891673
3.1241827056
4.9774762822
4.2355209993
0.8823472857
0.4177142238
3.0765444868
2.0506022578
2.7158605874
4.4761713044
1.3350779064
2.1981328732
4.5019963412
2.0376824059
4.2352392232
3.4899408440
2.1709089377
0.7534641216
1.6438434526
1.8036458255
0.0782470049
1.5678724055
3.8951162032
3.3000367412
3.0695880753
3.0199714244
2.4446284208
2.0786712216
2.4489537178
0.7500217626
0.3664215196
0.0373011270
3.2684557364
0.0462344408
1.6331720386
2.6334409686
0.1370268961
4.9460961003
4.2253736534
3.6718454100
1.5791554906
1.2291453243
1.9695068380
4.4030122839
3.8644547164
0.6364969619
1.6197180123
2.9988677501
3.0087630835
0.1245220755
0.0384609520
3.6469344155
2.2284237835
1.7193722862
4.5678088825
2.9885704996
1.7506868636
4.1645904236
0.4367963439
3.7259625200
1.3622010375
1.6406010553
0.6463909113
0.8827445535
0.0598198040
4.2427762316
1.4908464959
3.2613179659
3.3770720648
0.0100002080
4.1936975535
3.0736956562
0.4473984409
4.2398135527
2.9930873923
2.9001583905
0.2615137913
4.7665284798
1.0421792247
0.0599767768
4.3390318637
0.2380250271
3.2868959513
1.0603349056
0.6999123495
4.1437383883
3.8391192188
4.0634297271
2.4536217037
2.1247328708
2.5258203641
1.7081779056
1.9655197234
1.6564541482
0.2135907587
3.2133282575
0.6814018817
1.5211102718
1.0870071209
4.4349669947
2.6409755850
2.0806298610
1.4046538612
2.5559539306
0.1660846864
4.4893845693
1.9279998081
3.8409046163
4.4246035543
1.9305688879
4.4783860118
0.5317251337
1.6291075681
0.2691551568
3.1419450799
1.5098270231
2.6918239208
4.2511618771
1.9302859539
4.9770386538
1.7132328460
3.3726906100
2.0883115146
4.6635502966
0.7984076817
4.6375274771
3.2947852137
0.1542723011
3.2682603373
0.7294211041
0.2545473838
0.9216631818
2.3359295620
3.2704163340
4.3650472906
0.7909361306
2.0533707322
3.2114437485
3.4386736699
3.4607425668
3.6796604961
1.4129655286
0.7639297587
0.6177488729
4.2886253476
1.7947100264
4.9336289835
0.2663815015
1.2052728601
0.2528671763
3.9009298350
1.4354552473
2.8524057087
2.8146660933
0.1412533437
0.1020837088
3.4931145601
0.1937414711
3.8001292838
4.3114888947
4.6920842165
4.2604682472
4.4471180965
1.2809926068
3.6874408921
4.7004810205
4.8905998396
2.1101247282
3.1919749748
0.8184974490
2.2469795584
2.3195869222
0.9328759006
4.5855598789
2.6134256410
2.1935535628
1.8256216611
4.4237483308
