2.623750	100
4.185714	100
2.616071	100
3.500000	100
4.500000	100
1.779286	100
1.983750	100
3.691500	100
2.931071	100
2.750000	100
2.083333	100
3.000000	100
4.500000	100
2.530000	100
0.955833	100
3.750000	100
2.425000	100
3.023333	100
4.039000	100
4.642857	100
2.063333	100
4.166667	100
2.615000	100
4.166667	100
4.500000	100
2.697143	100
2.321429	100
2.349375	100
3.415312	100
3.254286	100
1.932917	100
2.833333	100
2.233333	100
2.063333	100
3.221875	100
4.375000	100
0.104167	100
1.875000	100
4.642857	100
4.166667	100
2.557500	100
4.166667	100
3.713571	100
2.500000	100
1.902000	100
2.750000	100
3.869375	100
2.780938	100
4.166667	100
4.500000	100
3.750000	100
4.204250	100
2.312500	100
1.137143	100
3.152500	100
3.496111	100
3.385000	100
2.549375	100
4.010000	100
4.500000	100
2.419643	100
3.492500	100
0.500000	100
4.166667	100
3.368214	100
2.122813	100
3.869375	100
3.869375	100
3.485000	100
3.394375	100
3.190000	100
3.262250	100
4.070714	100
1.492188	100
4.010000	100
4.500000	100
2.111250	100
3.750000	100
3.375000	100
3.215000	100
0.500000	100
3.934375	100
2.865714	100
4.500000	100
2.695714	100
3.750000	100
4.166667	100
2.571429	100
4.393333	100
4.500000	100
4.375000	100
3.276429	100
1.743333	100
4.039000	100
1.422188	100
3.869375	100
2.571429	100
1.902000	100
4.010000	100
3.056250	100
2.882500	100
1.677500	100
4.500000	100
4.166667	100
3.276429	100
3.466250	100
2.965000	100
3.750000	100
3.666667	100
3.227500	100
2.732857	100
4.150000	100
3.750000	100
2.937917	100
3.706111	100
4.166667	100
3.154583	100
4.150000	100
1.514063	100
3.450714	100
3.326429	100
4.010000	100
3.666667	100
3.866667	100
3.385000	100
4.039000	100
1.862917	100
3.574722	100
2.865714	100
2.571429	100
3.875000	100
3.500000	100
4.070714	100
2.021250	100
2.944375	100
4.150000	100
2.865714	100
3.253571	100
4.039000	100
3.836250	100
3.750000	100
3.140909	100
1.642500	100
4.500000	100
1.987143	100
4.500000	100
1.387188	100
0.882857	100
3.280312	100
0.951562	100
2.021250	100
3.020000	100
3.625000	100
3.020000	100
4.086389	100
2.833333	100
1.832500	100
3.565000	100
1.395000	100
3.750000	100
2.000000	100
1.387188	100
1.559063	100
3.276429	100
1.753750	100
3.600000	100
2.632500	100
1.535000	100
4.500000	100
1.333333	100
2.315000	100
4.166667	100
2.688333	100
2.996667	100
1.777500	100
1.665000	100
2.594375	100
2.405000	100
3.085000	100
2.021250	100
4.166667	100
4.166667	100
3.280312	100
1.245000	100
3.565000	100
3.038438	100
4.150000	100
3.281667	100
3.122857	100
3.666667	100
2.940000	100
3.750000	100
3.750000	100
4.166667	100
3.158409	100
3.011667	100
3.442500	100
3.500000	100
3.820714	100
3.750000	100
4.010000	100
4.500000	100
3.158437	100
4.500000	100
4.166667	100
1.753750	100
2.871250	100
2.835000	100
2.349375	100
3.333333	100
3.385000	100
2.937917	100
0.289167	100
3.436500	100
2.668000	100
2.835000	100
4.500000	100
1.881667	100
2.395357	100
2.083333	100
1.598889	100
1.099643	100
2.425000	100
1.917143	100
3.750000	100
2.571429	100
1.710000	100
4.166667	100
4.039000	100
2.248333	100
4.166667	100
1.833333	100
3.671000	100
2.822083	100
4.166667	100
3.368571	100
0.605000	100
2.083333	100
3.839444	100
4.085000	100
2.368333	100
2.321429	100
2.815313	100
4.010000	100
2.955000	100
4.185714	100
2.763571	100
1.905000	100
2.750000	100
2.083333	100
1.559063	100
2.833333	100
3.392500	100
4.500000	100
3.840000	100
2.214375	100
2.829688	100
2.940000	100
2.725000	100
2.691786	100
4.375000	100
2.835000	100
2.865714	100
2.725000	100
4.039000	100
3.183750	100
1.991667	100
2.418333	100
2.469583	100
3.158437	100
3.415312	100
3.960714	100
2.021250	100
3.671000	100
1.750000	100
1.772857	100
4.500000	100
2.557500	100
3.240000	100
2.695714	100
3.221875	100
2.349375	100
4.166667	100
3.574722	100
2.571429	100
4.116429	100
3.276429	100
1.665000	100
1.422188	100
2.865714	100
2.259167	100
4.500000	100
3.215000	100
3.011667	100
1.387188	100
0.000000	100
3.491667	100
4.220000	100
3.158437	100
3.596111	100
4.010000	100
2.190000	100
3.221875	100
2.835000	100
4.086389	100
2.441250	100
2.695714	100
3.750000	100
4.542857	100
3.865417	100
3.666667	100
2.131667	100
4.166667	100
3.500000	100
2.690000	100
2.898438	100
3.289250	100
4.500000	100
2.061667	100
2.985000	100
1.559063	100
3.574722	100
1.710000	100
2.814167	100
4.069375	100
2.083333	100
4.150000	100
4.010000	100
2.940000	100
4.166667	100
4.285714	100
2.122813	100
2.083333	100
4.150000	100
3.976667	100
0.295312	100
2.349375	100
4.500000	100
3.596111	100
3.750000	100
2.168333	100
4.166667	100
4.166667	100
3.326875	100
4.010000	100
2.022917	100
2.571429	100
3.122857	100
3.427500	100
2.750000	100
4.375000	100
3.750000	100
2.695714	100
3.011667	100
2.256250	100
1.690000	100
2.807500	100
1.605714	100
4.166667	100
2.441250	100
4.500000	100
3.385000	100
3.750000	100
3.320000	100
4.166667	100
3.256875	100
2.835000	100
1.570357	100
2.571429	100
4.500000	100
2.865714	100
1.972000	100
1.066250	100
3.385000	100
2.142083	100
2.365000	100
3.625000	100
4.500000	100
3.666667	100
1.387188	100
2.088571	100
2.822083	100
1.931250	100
3.486667	100
4.039000	100
1.931250	100
1.559063	100
3.280312	100
2.335500	100
1.537187	100
2.143333	100
3.875000	100
1.668333	100
3.385000	100
3.596667	100
3.750000	100
3.442500	100
2.725000	100
1.762500	100
3.362500	100
2.915000	100
3.750000	100
2.865714	100
4.375000	100
0.605000	100
1.559063	100
3.092500	100
4.166667	100
4.500000	100
4.500000	100
3.374286	100
2.835000	100
2.335500	100
3.596111	100
2.688333	100
1.683125	100
1.422188	100
4.086389	100
1.422188	100
3.276429	100
4.230000	100
3.276429	100
1.422188	100
4.166667	100
1.753750	100
1.387188	100
4.500000	100
4.166667	100
3.276429	100
1.758333	100
3.415312	100
4.642857	100
1.832500	100
4.500000	100
3.478214	100
2.763750	100
3.358571	100
4.275000	100
3.390500	100
2.965000	100
4.185714	100
4.500000	100
4.150000	100
3.376250	100
4.150000	100
2.083333	100
2.695714	100
4.500000	100
4.086389	100
4.086389	100
2.368333	100
3.581000	100
1.189375	100
2.511071	100
2.825000	100
1.835000	100
2.571429	100
1.833333	100
2.940000	100
