2.9226879383
3.3203639052
3.2141528617
3.65781804522
3.97794459702
3.43583664552
3.81366910502
3.95000950532
3.7255371155
3.2636358836
3.27202010412
3.72849017092
3.5142400383
2.93322938452
3.7874008254
4.2889318098
3.59105031622
3.2774124725
3.16032091652
3.9742110575
3.77563894752
4.0076874249
3.4479573195
3.42928023992
3.4878723226
4.2818392794
4.1487509043
2.7227782105
3.38681963469
4.0176190319
3.5567438077
4.1020553149
4.2105077321
4.1947168536
3.82358837112
3.8871419412
3.8743310919
3.52609621999
2.92109936162
3.1158024372
3.828506436
3.9821475662
3.89216594602
4.28130846872
4.4522863531
2.8230789974
3.23728884602
3.5142400383
4.4637807994
4.1795470811
4.26259798872
4.2558977081
3.8185303678
3.34547148392
4.1060221138
3.6924425619
4.3720976762
4.45385533549
3.89101193062
3.8345636487
3.0229260758
3.2986479107
2.92109936162
3.16312359512
3.70117970059
3.5689128987
3.9810810473
4.33692516772
4.5423028236
4.2955731792
4.23577108872
3.8401242585
4.035144697
4.2105077321
4.26029989452
3.7476335262
4.05231582492
3.31947232432
2.7404839389
3.6549969537
3.8871419412
4.5407757446
3.57909768229
3.6778194345
3.6360336029
2.98661067212
3.9929856076
3.7610047249
3.6996025975
2.7404839389
4.0063037284
2.5845976375
4.2726819839
3.6611060661
3.4517625462
2.8788380381
4.6567947839
2.7006086172
4.104528582
4.10440346192
4.4897636722
3.96762734992
3.7937391907
2.92109936162
3.89750004602
3.47355302062
3.7695575253
3.46195667201
3.89216594602
3.5776868404
3.8242726535
4.65114107642
4.03113674537
3.2636358836
3.7937391907
3.5365655948
4.2875826494
3.1331949593
3.3322759764
3.47682526422
2.93968229202
3.8364865809
2.92109936162
3.9730669709
4.0709370222
3.5660686068
3.6913419167
3.42563097212
3.15948374862
3.6545235835
3.66062105881
3.15244141662
4.0829266687
3.50933269202
3.6995887521
3.8823401204
3.69039551102
3.92058890452
3.3467636089
4.3667267413
3.9741046333
4.0923510476
3.48183267522
3.9273922186
3.50283573579
3.2636358836
4.1044253023
3.5308272492
3.6601693985
3.23222007352
3.95533713642
4.4587234004
4.25516504
3.1513818029
2.94019232942
4.5494392639
3.48967585
3.7718071972
4.232521685
2.61515841062
3.9152504572
3.7835751822
3.64201578572
3.476460755
3.88854253637
3.6057168798
3.6390891547
3.8150729775
4.2795006671
3.9171467251
3.0023439283
3.77541853962
4.1892808985
3.2801798812
3.6419777508
3.47254455332
3.31164468389
3.29512517982
3.5860710594
3.52609621999
3.4867642704
3.63512452022
3.7708912597
4.5712453646
3.41645132369
3.9569423837
3.6691854141
2.52362043502
4.2627855166
3.99923914752
3.7996953826
4.0315496062
3.33497872677
3.6419777508
3.73697101702
3.19229601962
3.6951419437
3.32375627992
3.48897908582
3.9171467251
4.1585477147
2.92109936162
3.4044056134
3.0297015473
3.9316002323
3.9433309039
4.1474609254
4.0821067568
4.05493548662
4.0875947253
3.8306913838
3.9764891333
4.0849849427
3.8751779538
4.26259798872
4.0821067568
3.9121945266
3.16995764222
3.513569048
3.3364581783
4.0104750713
2.8230789974
3.7546405997
3.8949059555
4.1288214755
3.62611187452
4.05738378232
3.6681436318
4.2726819839
4.1448536206
3.7610047249
4.2596973309
4.2027452236
3.8167757647
3.94373333887
3.542106894
3.8306913838
4.1924240576
3.75959805372
3.8364865809
3.4517625462
4.1396258836
3.496352426
4.2726819839
3.4229121571
4.2993453168
3.87245131252
3.936965527
3.73171771929
3.5567438077
4.02686050102
4.1585477147
3.9201205551
4.2605912478
3.9613309584
3.59286985512
3.6719145753
3.55648463192
4.1834467843
3.9034560467
4.0488012515
3.2347555548
3.96739655222
3.7114669448
3.9171467251
3.8682725292
4.1722587722
4.0417600725
4.2726819839
3.9171467251
3.45597652792
2.61515841062
3.4302425164
3.9351969809
4.61133831479
3.66445304511
4.3478416907
3.88987649432
3.72186593017
2.79354392222
3.8848924526
3.6913419167
3.6582718482
3.8673584734
4.311467152
3.4401604061
4.0849849427
3.4487188111
3.2636358836
3.9593466884
3.9961872991
3.1331949593
3.6657505071
4.0996479469
2.61515841062
3.5833507198
3.3345628571
4.05738378232
4.1145637377
4.09990887442
3.4222767093
3.30821436002
3.6330468155
3.7244713955
3.46661970191
3.9248298412
3.9556474719
3.7937391907
2.88725587602
3.6913419167
4.12168562742
3.9831639839
3.17954663229
4.3074226984
3.377002465
4.1845627386
4.10440346192
4.0734819362
3.36094352509
3.6595938256
3.9177032326
3.7937391907
3.9358891616
3.15457867856
3.60958601142
3.5838304326
4.1585477147
4.4580917525
4.29857659172
3.8311891597
3.40841435102
3.72876965402
3.46058557952
4.16231172042
3.8751779538
4.021969866
4.21318595472
4.5596720654
4.4848408242
4.4760068896
3.88346348669
2.8230789974
2.8230789974
3.2153498148
3.5041004303
3.887076504
3.377002465
3.4762448325
4.0286362294
4.1585477147
3.84531296132
4.2105077321
3.66567783702
4.4465433861
4.4669598126
3.8109721655
3.7932450457
3.7598716024
3.78800962752
3.49271712299
3.55634316242
3.59076619502
3.8660260821
4.0849849427
3.42928023992
3.895372155
2.61515841062
4.5279146341
3.6681436318
3.8311891597
4.03113674537
3.6089970489
3.85874516152
4.2955731792
3.6164750862
3.16226554962
3.34013795352
3.93902994402
3.2636358836
3.44967060224
3.6924425619
3.67774290202
3.9248298412
3.85642566116
3.86273024402
3.9248298412
3.89216594602
3.9810810473
4.0279775698
3.4781842034
3.4943205382
4.1585477147
2.2479274421
3.7149303915
4.30595373422
4.0500103962
2.7379211008
2.6985008135
4.1125308578
