3.68213085962
3.54583050092
3.73871849387
4.32121928129
3.39192154419
3.15735872542
2.61322017172
3.50506487622
3.4435407463
1.8450590058
3.2214179716
3.45524197012
3.73082383962
3.25946532719
3.63753128372
4.25543873082
2.21841632962
3.67614943142
2.21331032301
2.76813272972
2.98354992732
3.1653536733
2.81920810812
3.07897729152
3.3364364082
2.36023066912
3.3163869742
2.5924674685
2.6599021476
3.34888904882
2.92839895119
2.22905333332
2.9121669953
3.73602227071
2.3671412847
2.81698926432
3.0941811942
2.7774756971
2.44205076512
3.39350209352
2.95711743552
3.6690622201
3.3766841463
2.69839160562
1.48642897642
3.78346547731
2.9145167912
4.3352383276
3.58737859262
3.39420888202
2.78815085132
3.59873287647
2.59875537682
2.71189436859
3.09119979929
4.08760515202
3.5111254469
3.04641320732
2.8000396571
3.8099276982
3.09387762
2.35152128359
3.30820971062
3.7725252425
3.7155242572
3.18828051652
3.20621690632
3.06547323392
3.03551109372
1.99876592912
3.58816478782
3.96695663812
3.41793439952
3.4901574695
3.3509598234
3.09446855012
3.11830319492
2.27287503482
3.09369923641
3.26982551312
3.5237894221
3.17835650612
3.49848353299
3.136535246
2.58915865672
3.08818593072
2.88706509112
1.97558234179
3.05774811122
3.78999924661
3.4719622554
2.75217072114
2.8631031363
3.03102061392
3.14797905632
3.50060749942
2.8558754957
2.68398369982
3.61846515102
2.5162308527
2.55677413982
2.9759922434
3.23165309549
3.1266723687
2.90537567162
2.93092335342
3.61943689872
2.95238303481
3.61541470467
3.6661057578
2.8684556889
3.34350550252
2.42648840617
3.87470922242
2.86949154232
2.1372484691
1.80819389201
3.38429217369
3.42508313574
3.89266288332
4.45969752452
3.91659683092
2.13629317992
2.6658474028
3.59784223362
2.94260124472
3.71690049942
3.0549268882
3.30932412991
2.90294334022
3.90372737212
3.30920484082
3.47373250642
1.9644298931
3.40501489112
2.92142846032
4.07823026652
3.66036698822
3.63937963922
3.4886113569
2.21302697089
3.60413120222
3.27706702512
3.59760734412
3.16696776342
4.13969422452
3.21373682112
2.24880843102
3.92974120102
3.5411914953
2.71524465172
3.57974927092
3.0163657261
1.93385419052
3.86889980152
4.0122508226
3.15491606239
2.4358215104
3.4821657073
3.9646756328
2.56082220702
3.82326688282
2.9525796014
2.59331539749
3.43230680162
3.02116156492
3.37735145331
3.04815182232
3.04112627752
2.9154464784
3.14796998911
2.77270449972
2.38630448442
2.39216793542
0.840753879717
3.6365316586
2.25103520402
2.91451133122
1.77553762748
3.39920421979
2.12892903572
4.00353098462
3.43322708497
3.7350180479
2.70321195809
3.52905939012
3.60605897082
3.64677541102
3.48587651037
2.38671403252
2.87301583902
2.6475286012
4.30571422592
3.79802433702
2.9268652468
2.2988840063
3.73994883602
2.80120394522
3.36671664322
3.76013379342
2.71655011921
3.65423486302
3.79492219992
3.64728202812
2.1261219054
2.58240923774
3.04291057122
3.0617719133
2.5894642745
3.56379739382
3.52673665141
3.45275387162
3.1521766956
3.8277602684
3.19937268162
3.04796974852
3.92080711452
3.03875372912
3.61153918872
3.9573227598
2.75090377114
2.47296875702
1.90036069829
3.736232634
3.98164256292
3.04656414782
3.89183002242
2.9958989242
3.4896472288
3.8664281523
3.577552255
3.17899740768
2.68955246322
2.41765153862
2.75462015092
3.37972093589
2.8119669784
2.6735992035
3.5265380363
3.54875804352
3.6740848423
3.71143143992
2.7024649196
2.44652899002
2.61909008779
3.29609759889
3.41923646552
3.62469609302
3.9453558877
2.6535056655
3.62939984602
4.7417029544
3.78206883907
4.0839100957
2.8659387771
4.1733590531
3.40788070482
3.01099630292
4.1554024203
3.1767112284
3.60250128142
3.2669582303
4.1398058053
3.4246004159
4.333708314
3.26333804569
2.5650308901
3.01861927609
2.6659773981
3.71740224992
3.5306763918
3.397362855
4.4991597056
3.5231658967
3.7868816052
3.0041986411
2.84268625001
4.0496697412
3.10250726662
3.04793547569
2.76573200469
3.2581610964
4.15541238502
4.15561011841
3.4865374919
3.4356233416
3.80864246992
3.6603892649
2.0943722473
4.27981625872
2.9806797422
4.12039099192
3.66109915472
4.2228278562
3.65419438772
3.4637173216
3.662426988
3.31346081522
3.49798421472
3.10652086589
4.25585509211
3.7958248351
3.90100942039
3.82597778122
4.0307459449
4.59184504477
3.67640990571
2.78846784422
4.37468891312
3.86573871632
3.66621981832
3.47392309981
4.34542098482
2.8273362241
4.3177557471
2.80489079042
2.5755691263
2.92667160712
3.1466599324
3.81075292692
4.0113051943
4.1149451474
3.59469583122
3.8763694107
4.12187517571
3.76172453092
3.53870209552
2.85582886262
1.17224311529
3.3087244381
4.3166790463
2.73713042082
3.44743520767
2.13393035182
3.5626755172
3.0780433825
3.53956270502
2.89990120937
3.43239638662
3.52425749629
3.49964189462
4.0755676998
3.8279426642
4.41433805612
2.96243125232
4.31371352902
2.56210444971
3.8802468233
3.25938569262
3.78421067472
3.555094911
5.0675025552
3.7063489267
3.31993720302
4.11098065152
3.70766222422
3.1034181963
4.09699242092
3.14226294932
3.5419402569
4.17024609502
4.37724548432
4.09213360322
3.2166120039
3.51919905059
3.2633659029
2.88421256962
3.9699976885
3.77842137111
3.59026774412
4.11267828362
3.62538363002
3.4810430123
3.44527876289
3.67062304902
4.01473907572
4.0110217143
3.19124412921
4.23637992572
3.2635571879
2.998095461
3.88524039659
4.0956573559
3.5243571051
3.4784361935
2.58315205632
3.5500477431
2.46400638902
2.90929005142
3.56948602462
3.72998548792
4.41783636262
3.25064408542
3.5278129684
3.4034918126
3.13578992349
3.9713667529
3.24368007712
3.80569773862
2.329335585
3.2971155538
3.21730708412
2.37165837079
4.5575840871
4.2440944554
3.76835800652
3.15866451032
3.1301800346
3.87429933032
3.75957730519
4.19496157732
3.9763458794
2.49106447692
4.50648903377
4.36168190182
3.25365620032
3.7522956492
3.89556525672
3.9711488509
3.26238360852
3.1050129833
3.7800267156
3.41105797502
3.03619207092
4.0024670424
2.38799591539
3.0143367036
3.87913009622
4.14454732542
3.5102283108
3.421628899
4.0444329828
3.574724508
3.29830318909
3.8844727854
3.1117544433
4.28893840669
4.0804136837
2.93179290722
4.0036804765
3.15375945044
4.07341311032
4.08263892892
3.29510595442
2.13997656232
3.9916311792
2.8881968065
3.02166342652
4.0096881192
4.20809350172
2.3821689814
3.0517488555
3.0867674865
3.85488295471
4.24983573879
3.286431344
3.76599343002
2.58563593097
3.2688599927
3.97167521812
2.73212050632
2.8992753869
3.2663376788
3.66023568012
3.32625843649
3.98263520862
3.80400159929
4.60013352671
2.93042381002
4.27884193582
3.28979897382
3.28590159762
3.41017080952
3.0165819322
3.6920614188
2.75303760471
3.81985879842
4.77789812832
3.3899014475
3.83491448932
3.86284309772
3.44413277504
4.34245726072
4.0601945579
4.0727453787
4.0349614787
3.20619670554
4.5033072163
4.0493592069
3.8522765627
3.89503284751
3.91039860374
4.05155995062
4.07321380267
3.96398788939
4.12572253351
3.8631551417
2.25305796349
3.53621920657
4.08042122082
4.25176456872
3.88729127682
3.74237389922
4.37805887472
3.5484305926
4.3112087614
3.4267341751
4.69942701562
4.14914549662
3.76056857172
4.40943486791
3.9326893349
3.4678808194
4.26247699419
2.5130685448
4.1768793987
3.94145474662
3.5103705475
3.87352474317
3.8772324277
3.84223781679
3.99881829852
4.0505086127
4.52493550672
3.34277955792
3.04657666542
3.330569543
3.93978670522
4.89876855832
3.02753121592
4.46269415662
3.7752643704
3.81152134982
4.0252632917
2.9605401827
4.3492428606
3.59066595572
3.6559480944
3.99999846362
3.73211166771
3.88031100162
4.03437156632
4.38932324792
4.46096941652
4.13499180412
4.56331370812
4.28446700149
4.17614017012
4.04260222032
3.84305026702
3.54530248442
3.6750799973
4.68660635612
3.27561044979
4.18100072272
4.39917739012
3.4961059089
3.4056810601
4.2462597643
3.6646951696
3.7516330713
4.34688026549
4.25324221462
4.569788974
3.68732494101
4.0593730336
4.66349800582
4.2938560029
3.6263953611
4.218299624
3.5481348401
3.89858749472
3.49110675784
3.19689460709
3.54583025281
4.071376469
3.6838510631
3.4664437169
4.2510402517
4.0665516121
3.86658095472
2.9284228003
3.8203276286
4.08832387112
3.6683090123
3.83879416492
3.5973828935
3.047388061
4.06795180582
3.38268901209
3.90361447582
2.6879079879
4.5476344099
4.78042881162
3.54142945324
3.5699146963
4.2788661977
3.49507189092
4.4681905754
4.21108511302
2.56532944321
4.10654421452
4.5290784195
3.7873534373
3.6456151664
4.306799619
3.83082762472
3.26651381382
4.21667616652
4.0465766778
3.95584475792
5.18492417091
4.1506770445
4.24019805982
4.29943797272
4.44802481122
4.18993922509
3.44766648728
4.50161534962
3.72882159702
4.33677703092
4.0882846941
3.87457992677
4.03113586642
3.86381651702
3.93128407959
4.40862621439
4.51595744232
3.65594119702
3.89963912322
3.1939328837
4.16003136782
4.05228609532
3.5288023054
3.8389925377
3.88342075392
3.44685072012
4.0093816194
3.83061397479
4.70915844292
3.77597404942
3.156169148
3.40854378042
4.15071508579
4.1181913664
4.00078877132
3.78214002742
4.267183893
3.85773233232
4.16728951849
3.8618015134
4.21409707829
4.3077008259
4.59023714972
4.0991129913
4.183844687
3.93934611882
4.29853536152
3.98720860967
3.97883346017
4.71110580831
4.3848812975
4.16882415809
3.5463361298
3.85466814832
4.41394922029
3.89782950212
4.1817167461
4.03765840702
4.3546852702
3.4960107803
4.03926850602
3.104922391
3.82406629992
4.11115581982
4.4214747609
4.3068290389
3.5474948655
3.66471807882
3.5745621894
2.72739245222
3.72190501494
3.84554745172
3.7347400801
3.78412428422
3.02906134549
3.7169601122
2.7021538348
3.66801539402
4.267856499
3.79708991781
4.20170207662
3.6239158441
4.2397994683
3.5365406066
4.36117680752
4.34537872402
3.2854003398
4.10794348552
3.90201738852
3.77335147279
4.67070085802
4.2272637778
4.24730538322
3.9305756354
3.37621577182
3.62186408482
4.07035819042
3.7327509705
3.9076203138
4.59378127342
4.4730202729
2.6318660511
4.494150849
4.50825766092
4.52157461399
4.3056519319
4.06475094912
3.97186910292
3.92537414509
3.97567400627
3.56082372389
4.39542396102
4.6737427693
3.97366699261
4.09269909962
3.8571020262
4.33347785452
4.09563624682
3.79460096532
3.33229094532
3.25300376352
4.11817308109
4.4462438911
4.57549696627
2.97077062582
3.02190824409
2.94305803309
4.00439286422
3.6699847404
3.74449141532
3.61078126342
3.8429304216
3.8023733142
4.20138281892
4.56222585512
3.50468894159
3.2825490553
4.39292679341
4.57467072551
