3.6541828
2.5608969
3.0940173
2.4789867
0.52357394
3.0196782
0.35080037
2.026459
1.3264259
2.3001366
1.3635211
2.3375837
2.2529544
2.3983253
2.3068619
2.376292
2.5623998
2.8855245
2.2455216
2.2296433
2.3888287
2.1018253
2.5317667
1.8740819
3.1970719
2.5354882
1.655092
2.213287
1.0877018
2.2079337
2.4042
2.4807457
2.5192126
1.7702104
0.87754426
1.5419994
2.1149841
2.3756889
2.0669793
2.1341361
2.8816067
2.9030475
2.7222761
2.4476134
2.5262553
2.7696918
2.469154
1.7977373
2.9391799
1.4805882
2.1488196
2.9461235
1.5005352
2.2007525
2.1065092
3.019363
2.0817305
2.0641331
2.6813346
2.5268223
2.3316343
2.042468
3.0551246
1.7292252
2.0044662
2.5568076
1.1314255
2.2125222
1.6806187
2.4574716
2.4718974
2.0355041
2.4991247
2.4253733
2.5794254
2.8231193
2.057222
2.0349263
1.9497569
1.4883651
2.7057486
1.3471791
2.1808941
1.7899457
1.6478007
1.1970274
1.7870992
2.2221579
2.1171456
1.7020868
3.3054311
1.8902314
2.133868
1.6987198
2.5289965
2.5228436
2.980387
2.665867
2.9267088
2.5818394
1.9383946
2.2872759
2.3686624
2.3765616
2.420063
2.2894831
2.204663
2.258362
1.7931543
2.7869139
1.2426769
2.4628725
2.1043294
3.0478996
0.74461485
1.9686206
2.7357633
1.5417008
2.1583929
2.0270413
3.087042
1.7412132
1.9151079
2.0412345
1.5298747
2.4862005
3.4953519
1.5672536
2.5656974
2.1829772
1.9015391
1.4713244
2.1908963
1.7226146
1.275966
2.3002793
2.4920745
1.6217338
2.2833315
2.7877557
2.8135864
2.8217542
1.926342
2.0051069
1.9709566
2.8831239
2.2313117
2.2265325
2.5006848
2.467439
1.7810985
2.2340686
2.4372076
1.5181862
2.1926073
2.7769863
1.4242511
2.2162582
2.0945171
2.119739
2.5562489
1.8414381
1.6717927
2.6447797
1.4241223
1.7811155
1.6593981
2.6844085
3.397366
1.877296
2.731643
2.6206161
1.4679426
1.8178821
2.4131099
3.0212286
2.8479202
2.7529242
2.297033
1.8141139
1.0314059
2.6373747
2.1702862
2.3327619
2.2199654
2.2568463
2.365248
1.5266811
2.1558861
1.7915768
2.031823
1.2729871
2.8375609
0.96029664
2.2969424
1.8909105
2.4192764
2.1387889
1.9923459
1.7406689
2.2398653
2.0450335
2.810181
0.6185591
0.67273369
2.3950634
2.994588
2.9672149
2.0092574
2.8010356
2.3101933
3.4185714
2.0548014
2.4015248
2.0955186
0.84881523
3.022429
2.9297497
2.1263856
1.5403637
1.8990492
1.2327709
1.545604
3.2789794
3.1282877
2.7662956
2.2531463
2.7106359
1.1493082
3.0349117
2.5570902
2.9960418
1.5140801
2.5603485
2.374588
2.3865816
1.9591761
0.89388518
1.8333056
1.7762923
2.8602629
2.0979379
3.1326129
2.2288057
1.9024406
2.1912938
2.2239357
2.5508718
3.0359707
1.0840502
1.6686323
3.1696285
3.0439727
3.3459188
3.4545413
2.6019363
4.2558601
3.393989
3.7991347
2.3097213
3.5652161
2.7558533
3.7583435
3.8754906
3.3203417
2.5177423
1.6538026
2.9204533
2.5205879
2.982973
2.1185181
2.6260901
3.8077684
2.6936161
3.0959583
3.4951497
2.8722977
3.0725577
2.8890097
3.0865099
2.8808327
3.5525783
3.4275985
3.8966378
2.0134869
3.6850012
2.7983125
3.5898056
3.2223112
3.7092372
3.4512793
3.7351632
3.6276545
3.0475841
3.0950465
3.6748827
3.5248671
3.2266279
2.3702379
3.3392823
3.0087471
3.00662
2.2697597
2.4400303
3.0253197
4.0686184
2.9463922
2.0055898
2.0273488
3.8442464
3.5186113
3.8508293
4.0441039
3.9535433
3.5566961
2.4642898
2.88445
2.0482294
2.6022671
4.0740328
2.5688172
3.0457383
3.3056862
3.0634337
3.1214146
3.7599028
3.1390842
3.7442529
3.3037499
3.5343293
3.7250274
2.9171741
3.28235
2.5047735
3.5232026
2.7922871
3.233553
3.4859267
3.5017089
2.1020814
3.039704
3.8504424
2.2218694
3.4438268
2.0351509
3.7521388
3.6746139
3.4597325
3.7001562
3.6422009
3.5636782
4.0597769
3.7858794
2.7078959
3.6383911
3.1854456
3.9110961
3.6811274
2.8611879
3.6919775
3.3253074
3.4717808
4.0594601
3.3635691
3.6538942
2.3377458
2.9448405
3.8571533
2.3832269
2.1220563
3.9838357
3.7170869
3.6744166
3.6294195
2.650124
3.0510322
3.7172188
2.3953703
3.9194318
3.2572209
3.5334273
3.0733069
3.5084772
2.5382933
2.9864204
2.184646
3.5554355
2.4609637
2.1270586
3.4729222
2.5872545
3.5416781
3.1686948
3.9978505
3.0269277
2.120067
2.4725532
2.9412364
3.1939819
3.0914405
3.6785843
2.8268334
3.4375112
3.7273035
3.4780883
2.5845789
3.275896
2.4416376
3.6802143
2.4060667
3.7124177
2.0746638
2.6049074
3.6746618
2.5249122
2.7698385
1.2413051
3.2484571
3.6439367
3.8503186
1.8136962
3.4841441
2.6698348
3.1012306
3.1056406
2.9372053
3.9219632
3.9790783
3.5259755
3.2975791
3.0096731
3.6313597
3.8918921
3.2691652
3.2103039
2.5947613
2.3044859
4.0852479
3.0692911
2.7465513
3.8928312
3.0473267
3.7441112
3.166201
2.8038395
3.1791847
4.0131974
3.9443651
3.1792051
3.6693288
3.2849147
2.9240413
3.473122
3.6550385
3.7388662
3.430741
3.6310334
3.492652
2.7052421
2.2984122
2.7342263
3.4432718
3.0365221
3.1386035
4.0489806
3.9118007
3.8538024
3.7211943
3.5208536
2.8205905
3.6302626
3.3231573
3.7360523
3.8075961
3.1418787
2.851514
3.2353737
3.428222
3.3314694
3.4764011
3.2099788
2.300981
2.6158291
3.7507111
2.8609662
3.4020444
3.3672129
1.6671666
2.0766335
2.6359228
2.7214255
3.3759018
2.9016929
2.7656725
1.718156
3.5766417
4.0282797
3.0384682
2.449562
3.7525651
3.7662433
3.9470534
4.0286878
3.5824981
3.5628624
3.6928551
4.263648
3.7467489
4.6429619
4.4258294
4.5498732
2.969386
3.8426413
3.9191625
4.126949
4.4821244
4.4375557
2.4551745
3.9924804
3.4331058
4.3173196
4.3422041
4.2214418
4.0201956
3.4283672
3.2118839
3.7408167
3.6860276
3.7686108
2.8688011
4.0548686
3.6122914
3.5512717
3.9905296
4.3306346
4.1411712
3.875056
3.3376601
3.1209966
3.8905452
3.7993924
3.5679412
3.945842
3.8173932
4.02846
4.6967594
3.7380499
4.1760344
4.2455785
3.6485085
3.5625369
3.0414961
3.9731631
4.6061209
3.7261357
4.094096
4.1673624
3.8179696
4.4498418
3.8172671
2.9730279
3.4037765
3.9312675
4.0835072
3.093974
3.0055245
3.5576728
3.9643411
4.4459661
3.7141493
3.5659035
4.2585724
3.2686367
3.4951171
3.9827576
3.4144827
4.0032014
3.7175906
4.2177918
4.3207771
3.3116462
3.5036693
3.8069366
3.8412722
4.2553556
4.3700138
3.7272825
3.588942
4.1861601
3.7523189
3.5519176
4.334033
4.6007928
4.6831127
3.858504
3.6829087
4.6057165
4.1545598
4.0996797
1.461515
3.7149084
4.0753412
3.998231
4.2235954
4.5872569
4.7676757
3.9387993
3.9175775
3.755582
4.3415323
3.8806045
3.5446998
4.1181674
4.4715497
4.8690291
3.9534738
4.1900074
3.8272322
4.4111454
3.7200502
4.41595
4.6903789
2.5945548
3.9796054
4.4293787
4.7798623
3.6116493
3.6194073
3.9903987
4.2072617
3.876054
3.5400858
4.3683734
3.341173
4.6131538
3.6595565
4.2099357
4.396008
4.1215559
3.0013535
4.1407523
3.187894
3.4944377
3.106676
4.0225408
4.5019154
4.6151972
4.712019
4.6301655
3.3349521
3.3399833
4.4748882
4.0928398
3.4740432
4.435814
4.3846422
3.5243192
4.8013613
4.5705826
3.5799339
3.4331465
4.6990708
3.7047158
4.0698335
3.1210962
3.9669902
3.5326543
3.545594
4.6314783
4.2818138
4.5431371
3.5502438
3.8096001
4.3106061
3.2457949
4.2899743
4.9434724
3.8863668
3.6524367
3.5799913
3.9026085
4.5022397
4.3162144
3.7724479
4.8317108
3.6863156
3.8317673
4.1995109
4.3864172
4.2389135
3.7903602
3.8564879
4.9040151
3.6934493
3.6892742
4.0426
4.8166683
4.1911874
3.8645843
4.5943938
4.3547404
3.2810512
3.918169
3.9217018
4.1875742
4.2438272
4.0258938
3.6342438
4.3138306
3.4645528
3.7579992
4.7174648
3.3566669
4.1690499
3.8633255
3.890443
3.7478094
4.4133055
4.3633281
4.8913437
4.8130687
4.2504223
4.3179655
3.9366646
4.0404641
4.1040433
4.113858
3.8589183
3.5695856
3.9765649
3.0596365
3.9734335
3.9146296
4.6921193
3.612755
4.0541762
3.3445744
3.764367
3.9341632
3.4147783
4.1406946
3.4385213
4.5895346
3.5269421
4.4481635
3.4687554
4.1468482
3.5852996
4.5665999
2.0841356
