3.6801001
4.5699229
3.7146128
3.3887683
4.5447302
3.6120947
3.5624103
4.4723666
3.2372555
3.5125195
3.2679676
3.5219663
4.2270126
3.6043374
3.1221892
3.5027234
3.502853
3.5948697
3.6803275
3.9888578
3.3308767
4.0876067
3.1021041
4.1058037
4.7639238
3.6640118
3.6896114
3.4432649
3.5176847
4.1318617
2.8517136
3.4864246
3.5392196
3.4464659
3.923951
4.010417
2.3919222
3.8891274
4.7357109
3.6334559
3.6206706
4.0876067
4.1603242
3.6321401
3.7399375
3.3363915
3.9100384
3.5506191
4.0408841
4.3029752
3.5026588
3.8791435
3.7755082
3.4799486
3.5679804
3.5456873
3.7004089
3.498976
3.7782684
4.6130614
3.5867129
3.8038738
3.7340901
3.6002711
3.7342312
3.4768812
3.8494842
3.8857828
3.8317621
3.7694023
3.7374308
3.6692693
4.1492165
2.8383726
3.6881052
4.8468951
3.3761336
3.5034459
4.2387499
3.5290133
3.5564122
3.9009998
3.7203743
4.7287196
3.8034836
3.4984805
3.6396277
3.8134177
3.8956765
4.8018216
3.8028422
3.7311063
2.8736851
3.807319
3.0914324
3.7733485
3.846814
3.6219101
3.8812237
3.7496643
3.096376
3.4940058
4.5621343
3.5614681
3.7500328
3.687448
3.5272998
3.5034799
3.6995508
3.32176
3.7495023
4.8963688
3.5034459
3.4479981
3.7273163
4.0351939
3.356644
4.6710253
3.4414302
3.6605966
3.8072863
3.7977361
3.3071208
3.6294741
3.6102057
3.811408
3.0948108
3.7032266
3.811494
3.784462
3.7907387
3.4793571
4.1999414
3.1824123
2.7085272
4.7495999
3.9209164
3.5677884
3.7151242
3.9338776
3.5026588
3.6664027
3.4279058
4.5180692
3.4855828
4.1113577
3.2141086
2.8182657
3.4099276
2.4684674
3.1605756
4.0483305
4.093957
3.9484788
3.6838796
3.6983832
2.6999776
3.6617348
2.9877668
3.5032129
2.8884138
3.1665783
2.7881755
3.765032
3.3266484
3.7282001
3.6731529
3.1937751
4.6667567
2.828973
3.6157279
3.5962239
3.7413819
3.464091
3.5773161
3.1424919
3.4852313
3.5593297
3.3884754
3.1635031
4.0800643
3.5590197
3.4108439
3.4123947
3.571292
3.6846418
4.2632872
3.3311797
3.4627358
4.3966604
3.5417568
3.5027198
3.5034687
3.6334559
3.5412774
3.6516525
3.5381153
4.240779
4.157515
3.5027234
3.7897064
4.6130614
3.7650435
4.7856286
3.6002711
3.324554
3.3098993
3.8382384
2.8885008
3.3556481
3.6968054
3.4439182
3.2038125
3.6065483
3.4689668
3.8668312
4.6668191
3.5165985
3.382281
3.1582861
2.7277275
2.5656614
3.6470481
3.5288517
3.5036532
3.8418052
3.4015825
3.7464784
3.8499088
3.5524737
3.6371214
3.378218
3.5120614
3.6623903
3.633848
3.8572712
2.6744622
3.5201024
3.4747984
3.9338936
3.464712
3.6796342
2.8052476
3.7689089
3.4898604
4.3184951
3.7226279
3.753467
3.4039202
3.445857
3.3417585
3.6634712
3.5682334
3.4956275
3.6648143
2.8231472
3.2213395
3.5460426
2.924195
3.6530892
3.7846627
3.865965
3.7262077
3.1634417
3.6571481
3.7731476
2.3389984
2.7657976
2.0181314
3.7050207
3.4987311
3.7926466
3.161517
3.5144504
3.7037413
2.6366923
4.5361178
3.6736965
3.5140136
3.7293758
3.9376254
3.5143273
3.5614681
3.6660848
3.8237673
3.8968789
3.7053158
3.137897
2.8878036
3.956729
3.3300766
4.4489651
3.6227404
3.5803016
3.0896699
0.70896963
3.7163327
3.7097467
3.695065
3.6173551
3.8924924
3.586081
3.7862506
3.8557275
3.7561174
3.5003947
3.7773772
3.4888074
4.5770827
3.8005854
4.4586184
3.5355677
3.5343152
3.4616837
3.4016574
3.7256731
3.6534566
4.8202059
3.3981561
3.5961916
3.4168273
3.7025306
3.4395233
3.2649659
3.9610559
3.4750074
4.6217037
3.8750724
3.5374236
4.0800643
4.7706508
3.4326247
3.145462
4.7497809
3.6315507
1.0256586
3.3412082
3.7830119
3.5509938
3.5821836
3.3702238
3.6827244
3.6351703
4.0700678
3.7689089
3.3368978
3.7553045
3.5415953
3.6144393
3.3331233
4.2305556
3.5027712
3.9219277
3.6540899
3.144613
3.9202622
3.303408
2.9778412
4.0952784
3.5426292
4.7071382
3.6726767
3.5036794
3.568024
4.0800643
3.7936602
3.8544028
2.8434354
3.6402861
4.6239533
3.956729
3.7616694
2.5119271
3.7128068
3.3636982
3.3975028
4.0512631
4.7275526
4.459143
3.0982689
3.6509337
3.6141355
3.199958
3.5836618
3.7642367
3.31249
3.4208305
3.4932106
3.6077536
3.2729237
3.6130773
3.7624584
3.3970506
3.7203014
3.8953266
3.5036658
3.705169
3.494886
1.6099511
3.6432936
3.5993855
3.5035099
3.9186062
3.7446725
3.2797341
3.3580079
3.6565241
4.1254578
4.8533196
4.277601
4.0965374
3.7372404
3.4970748
3.6295049
3.5560937
3.4961408
3.1948075
3.723804
3.1755821
3.7411407
3.7559105
3.7482256
2.4843757
3.6804657
3.472565
2.9394343
4.683714
4.103513
3.7466312
2.9694493
3.3206992
4.7073614
3.5089812
4.7121698
3.7203914
3.4002724
4.0805749
3.8980018
3.3889303
3.4432506
4.7575701
4.5180692
4.7364111
3.4628369
4.7364111
3.4429321
3.7019436
4.6257483
3.787143
3.8201183
3.47715
3.1109248
3.028744
3.6403302
3.5716942
3.6377401
3.6605103
3.5163917
3.5333358
