4.083550619319036
4.452370781369291
4.582916062448708
4.313686455827421
4.629727576993658
4.036666157047392
3.689772690021255
2.6203276025978237
2.6705470083435383
4.722521043170259
3.421658397291469
3.0580441931835853
2.017346014946197
2.7119316142558145
3.256457363515861
4.2201774886310375
4.632492760664664
4.001199199266414
3.627082259729666
4.598492095708584
3.3633493452188707
2.856985699225061
2.86646335127614
2.381728759400571
3.511884965623423
3.428213661638371
2.017346014946197
3.6821599831953264
3.9686059459277527
3.6886062037386975
1.541726417343806
2.896957585822869
4.749165075451234
4.082711467794684
3.003954374630351
4.847616190417436
4.847616190417436
3.3431585189067072
3.91220984805742
2.8973179410280974
3.9076476300148832
3.9076476300148832
3.863335092047234
3.9944419991149935
3.117706291565548
3.9908724600080117
4.598492095708584
4.748302771555234
3.907647630014885
3.907647630014885
2.6230275437280683
1.5040389998181944
3.473471581572563
3.94331184273592
2.7123618393175253
5.0142078904974365
2.837521780732853
2.399968671101927
4.9390754583507785
3.124145914375602
3.1293805041501526
4.874410426459886
2.8954585949103397
2.1182256939237267
2.1699153438351657
4.868714342548068
2.8973179410280974
4.8439640714697
1.7023256352457368
1.5864573918761402
3.1966709493200147
3.070448128506459
3.3406388919889385
3.3406388919889385
3.003954374630351
2.504497955893676
4.874410426459887
4.847115108077148
4.847616190417436
2.582530223856887
2.1664062590310476
3.224919213076187
3.224919213076187
2.42128889765661
4.76298534348094
4.855313761741119
3.579523083788953
1.3661169551541925
2.017346014946197
4.074594986596123
2.5160199901344003
2.6975315288183457
2.8063026043013495
2.8996181649456663
2.8996181649456663
2.8973179410280974
2.8973179410280974
2.8973179410280974
2.9258198382601885
3.3345095178729287
4.87482299396164
4.6886138724774185
3.8250987820121747
2.017346014946197
2.017346014946197
3.985215806791244
3.456733237786505
1.962854622138214
1.2633097705989154
3.539403348618301
3.224919213076187
3.473471581572563
2.4484373523201777
4.287487985290053
2.912060827155142
2.6762647285925985
5.001869934822491
3.951670924480477
1.69149917192806
3.4620563176131776
3.096898649085923
1.6138108636727342
2.7851936660259113
1.8295216063613924
2.9030846661166945
1.1846948502435897
3.2643655301769257
2.896957585822869
3.4596508108163295
3.983960859424873
3.0645123057801693
4.462144498913926
3.741311846747325
3.1336609262033868
3.792684295053791
2.017346014946197
2.017346014946197
2.7763858039689864
1.6773732991163266
1.5341826106705683
3.003954374630351
2.456957551233232
1.5905306571622215
2.003890193412295
1.6190382768035014
2.975017193655194
3.2202472946020757
2.8973179410280974
2.7923986125002047
4.521932497919564
0.7224115625740266
2.8246923213401565
2.724993002654771
3.5170937188509277
2.4197322600361137
3.1617173532803355
4.417055705963066
3.4817231632674117
2.3873720239522185
2.9657874859485487
3.1857622062589646
2.8022327854015643
2.3508393154785585
3.90448954465
0.9098525486023594
3.1670063984925276
4.757016499330709
1.8891918076958503
2.3273197267660715
1.6044999349670934
2.993931201161397
1.5142453281970853
1.1054963909334736
1.2976844134305399
3.2274416777428647
1.956734634326226
2.334096272802968
0.3004476356586361
0.3004476356586361
2.8973179410280974
2.8973179410280974
2.017346014946197
2.017346014946197
3.08892036619075
3.5272516171418933
3.42797233966107
3.8232979364168234
2.7665390385136917
2.0573035690992776
0.9607902918586873
1.1679068928989227
1.0390758755522804
3.8164347208383465
1.0390758755522804
3.1924067033275305
2.756008842052281
4.273428827872802
0.7224115625740275
2.777476112917252
4.630065389545644
1.8091613942489624
1.534619132903022
4.458676392099147
2.071606084632809
3.010040252668158
0.3004476356586361
3.834828211929409
2.9992043218230946
1.0390758755522804
2.9206631854039173
2.5084003672654083
2.721908423469911
2.7992133700047703
2.801705936647931
3.7665126904747908
2.944006577122805
3.0496896588971065
3.7835979113579796
4.0437254076317055
3.797276747775605
3.003954374630351
4.70404874799072
2.8982759731761116
2.489935587231944
4.2980022093447685
1.8995870138606796
3.5688780729206635
2.8107490968582347
1.573349400793203
0.9076895759488521
1.0390758755522804
2.907713561903433
2.779785395885742
3.620145115139821
4.439390547967625
2.8640212485022993
2.226621153394196
3.0081601903225237
1.1972786335974472
1.431384460331914
4.412415126220514
2.5409548063814977
1.6689581365391337
3.7484177885681564
1.0122396530198237
0.9076895759488521
1.1459820939915466
1.791976839191687
0.5992004840209306
0.7783338306537733
2.260467841144716
2.5324567578453543
3.884517486517858
4.134596960097741
2.5206686250560875
3.073849104436128
3.2403243480157267
1.602532539227258
1.0390758755522804
0.30248321412806467
2.3772541127063125
1.4457785393178828
2.1303911582834782
3.026946391150946
0.9983402534305905
0.40531053137484774
1.9218408198263959
3.026946391150946
3.193342646509846
2.8722855547587804
2.641355392593069
2.071375786749539
3.026946391150948
3.241672595653158
2.7772959473155585
1.8528673110671345
3.155792978966995
0.9098525486023594
3.075756329890125
3.2274805803116875
0.49046381778678105
1.0390758755522804
3.042200072756769
1.7506637562579144
3.186126704267231
3.1291072298080684
2.300350171395732
2.803494643356238
4.011883045826494
2.1128627972417
2.6492629423381793
2.5511460885528363
2.968479346640986
3.2137320963996356
1.4170195408933375
0.9260747698886962
0.9922592452118262
3.0340356064112743
2.05493971770154
2.791599970435991
2.072027143937805
2.589606911773737
1.6180110095594082
3.2790447459424223
1.6163834332979365
2.505241514713684
2.0065287207420752
0.060373362758391114
1.425333493123639
1.0390758755522804
1.2255709632214395
2.133562825244973
2.5843296692626545
1.1154641616387715
1.1358884505112377
3.4093575419666307
1.2976844134305399
2.1512797516128863
3.520418960291265
2.1660763935716516
1.8919787518605298
2.340263405847537
1.1179521475139964
0.5007691890893118
1.0394877722262308
0.2792731972293816
1.3967536111094243
3.4239634239059957
1.425333493123639
1.2976844134305399
1.2976844134305399
0.5409802251037541
1.8151131498462632
1.190290275041348
0.3532082628843889
0.9076895759488521
1.133301640985604
0.9076895759488521
2.4721467028346362
2.784959592658394
1.0390758755522804
1.0390758755522804
1.0390758755522804
3.063118030922544
0.8516204787810531
0.7224115625740266
0.060373362758391114
3.4515404340287934
3.147655903573308
1.2642605768210067
1.1486209630893698
0.16986413297462732
0.7783338306537733
2.7504418240012827
1.8282441676325576
2.647714630791522
1.4253334931236337
4.554543447636204
3.785824283372143
2.422094790075337
2.6973975933472127
2.3497451079338667
0.1693566819182415
2.213195484352617
2.173083883443943
4.245348959347501
2.747435210041763
1.6850337284730836
4.412778131819698
4.285270862412302
4.220634656700621
4.564460462320286
1.4939467191894393
1.2255709632214395
0.7783338306537733
2.942987554104272
1.4741807648665364
2.736795904366157
0.8415843505107197
1.8151131498462596
3.2346738104856345
3.043702444917141
1.0032946835514562
0.3321916406210992
3.224689131676845
1.1985876124428638
1.1034738315783126
0.29539844899461176
2.939577283771995
2.412618125020094
0.11670773450802807
0.060373362758391114
2.368764885011584
0.9098525486023594
0.29539844899461176
1.8984050898456402
0.6793382368645369
3.646696946684702
1.3750781046454035
3.1951539103995774
2.9145676483408396
3.5764094678535225
2.618571577168507
2.51616370910005
2.0125997614632434
0.21102882654926924
1.021054009877552
2.100776812965349
0.060373362758391114
0.046223707406959136
1.6117188112321479
1.806495610995528
0.04995940363025264
0.9098525486023594
2.1747691398049085
0.924295372253551
1.318167739360773
2.718381412181491
0.5885034183923818
2.6169540894763563
3.433367105659822
0.9983402534305905
0.060373362758391114
0.11670773450802807
2.3845183416599056
0.3028707748049837
3.562404307366674
2.6983282453171196
2.4861017308098057
3.0918737344993588
5.02394600425919
0.7068259055892798
3.5640920332665984
3.4892808874570025
1.2202602808892349
1.5703094110464073
1.8017883069333303
1.238302066483834
0.9983402534306012
-0.1999566800011645
0.334950320653832
3.7147603991055838
1.033415074362137
0.060373362758391114
2.926731219984662
1.3203904337300991
3.220805766866716
2.5351452305770765
1.4745768650694049
2.6110464730367697
2.01099563893072
3.2331386313655543
2.4167577560628732
1.6632729725587132
0.7045473802448567
0.9487926810011511
0.5885034183923818
1.5016215289661716
3.129858009688427
0.11361018094183084
1.12977616254086
0.4666896430866192
2.3611376524958843
3.2553912917901617
0.8945182121170929
1.8020299317062745
3.545911613599049
2.185194744268055
0.23617446039294032
1.7510884199565098
0.20040122456616594
2.5365625799328426
2.976835002555587
0.0915765944799749
0.11188641714537617
0.6524027143647833
4.738141909732815
1.0091409662933697
2.1073563775251674
2.065085922253778
2.525412264902092
2.504064250153379
1.2307193722395833
0.9076895759488521
0.1194946079044179
1.0669745611664365
2.229284893123034
0.11670773450802807
4.46427093069585
1.4447785186518436
0.05056820598139389
2.1329897569569054
1.2482330381432583
0.5992004840209306
1.8899051887998373
0.5934839275668469
1.8948639751756102
0.11970126787368018
0.16047633329160726
0.18424359884005304
-0.05249472290841739
0.11970126787368018
0.0993539544815798
2.998588354951689
0.8418332686880485
1.8958375792288233
2.493952460708002
3.3630382079143804
2.008852242478498
2.1182161944382276
1.1696716848943196
1.571824135797689
1.5018631348450957
0.10394072870250737
3.873047918902333
0.8228207998035075
0.8633557956596083
0.7306627480842471
3.1204844930261033
4.509429707125237
3.6977893630810827
-0.2309211925551069
2.130227205982341
2.6458819789159316
0.9339705977282651
0.34455909265173235
0.8799730435283304
1.747466168755821
0.5010486423429694
0.6497542249678889
1.918226859849522
2.3771694200965117
2.0558733885575666
1.2290008998447763
0.9981015801262734
0.2835987452650195
0.18424359884005304
0.19412164374396523
0.15228798661676457
1.2097152570694802
1.0526879540947003
1.1850022733707841
2.3678054869400937
1.8477391611818352
1.0949912165244755
1.8062549458040285
0.18705521235050915
0.11970126787368018
0.8297748503737581
3.279230515371429
0.7152193832299663
1.506712679771926
1.1093701630560724
4.033783125862963
3.630694024284213
1.3626310786429332
0.9979084112226486
2.868266358077162
1.1319886963780745
0.3716700609996346
-0.06702178815271109
1.062767746150823
1.3125655282147761
2.028810509369152
0.40956752545254993
2.2946465302869274
4.11800958399363
0.3099677702571064
0.7781213583591358
2.191377119430225
2.8317843716327222
2.2347847796600746
0.44260618469593505
1.1200470193863574
-0.13077423856570114
0.299894007760523
1.9313042410823056
4.586392965851228
2.367894131936815
4.335974236315156
3.708153166674826
1.721386915959899
1.8853649816245128
1.3669408166634507
0.5514356405498497
1.1106182362124568
1.665117504694698
0.7670889819778579
1.387534229462879
1.5275955676355886
-0.05249472290841739
1.0312758302963698
3.651828546401893
2.7562503288507396
0.10492910088250751
1.3760065004164712
0.5338363126316996
-0.07165078378568168
1.9867301538432498
0.9387052950233374
2.4057196825209184
2.762575353169053
1.2317543878050663
2.0316036878578436
1.062418656877882
0.5775605369144112
1.746556404620742
0.8757879018610977
3.870313510122266
1.182868221889807
0.5732484781051648
0.36758938519607876
0.20040122456616594
-0.1581223187625027
0.10634218814368745
3.5902818159043512
4.545639219384016
0.8710450068590578
1.668157380154184
1.8114689780907063
1.0644984742118972
0.31383897542208894
3.072505705930169
1.9516357640924156
4.80402406088435
0.7902555908995414
0.1491032792966669
0.06431528896269789
1.1018559335036833
1.316158148298725
1.301404578320198
2.045991146008201
1.7142051927530693
1.8337252049842037
0.04319256276392025
1.4128405097757855
0.050537041060756405
2.326805084602762
0.3608637915804205
0.5643356354123106
0.19344834309954662
2.2241988475639713
3.413438668924361
0.36435388433369464
1.2260109806080681
0.15156869175128307
0.36688979310066694
1.4841336011182162
2.3410744261053233
2.2253708650812407
2.858540509556777
0.2422181681877018
1.1034738315783126
1.0312758302963698
1.8651202370347892
0.36688979310066694
2.9120511004236174
0.9960135467054418
1.5133868071522922
1.0392509619676211
1.8595167208322139
1.2564588261660146
2.4500231009941147
0.23855366012864954
1.015401743000354
0.741901650735278
1.5041370107197354
3.0851446988147586
2.955101731042307
1.4518098924328413
0.848250565909725
0.16911239796044297
1.1749791056980654
2.713795388906731
1.284687808165888
0.48724521480550465
0.9648030279310285
1.7473262670120588
3.5096201125009543
0.8379830934136834
1.1570300263074107
0.25879677542895463
1.3392466294381886
1.6297910523555919
0.017063718598803845
0.7653653271892842
0.16986413297462732
0.7916240685762888
0.9897324999735999
0.26377592316105103
3.9461192672286205
0.44789143295263445
1.2211889312901938
0.30522119365723865
1.8818583191826006
1.1777396255787784
0.34650001968037225
0.5911359628954145
2.0022963772507465
0.38540107490262754
1.9642764873303051
1.351512164160956
-0.021392950625982454
0.20317063668970237
0.5938324439311127
0.4278444768656988
0.13260813137011462
0.4244863421244607
1.062418656877882
2.825843737723024
1.0751269269146642
-0.32797673432193397
0.28063073388449666
3.048990028107878
4.559202790287111
0.6614051135803383
1.9453596651326652
0.9885355913947564
2.0883206660779567
1.4901132493008062
0.419895918061981
3.176139853606645
2.8223794120472485
2.00461613301212
3.931175002174214E-4
0.2864959478103981
0.24296733234290757
3.4397824206868117
0.848250565909725
0.1634823993985317
0.6120355041464429
0.4805493033570136
0.8435189783103425
1.0249973352247044
0.7961176849992784
2.7394672798538533
1.4547703241928092
0.9107472474739522
0.7745566295155331
0.8905706871667678
-0.03805836551398789
3.241036925573203
0.1476987146865869
0.8125902618618746
0.7443937303817973
-0.004885454499599096
1.088333214331613
0.6161304906536831
0.26212343132216365
0.25189658663935965
