3.44619
2.54703
2.48183
2.67485
2.33799
2.11507
2.19746
1.87621
1.75664
1.6669
2.11496
3.11452
1.71757
2.49806
2.16067
2.57258
1.97696
3.02718
1.76787
2.01282
2.69996
1.86766
2.07447
2.28251
2.52349
1.65138
2.27929
2.03694
2.30902
1.89891
1.40958
2.19577
2.44674
2.41901
2.07708
1.96092
2.65208
2.92702
1.83494
2.0896
1.81662
2.49785
2.4831
2.01748
2.69897
1.89839
2.95127
2.65168
2.55127
1.60017
2.78771
2.32733
2.29676
2.97117
3.38763
2.56043
2.79253
2.32478
2.76262
1.79802
1.87757
2.84157
2.05783
2.06152
1.76306
1.73443
2.33706
1.96842
1.66399
2.11867
2.95156
2.65539
2.34661
1.97945
2.42287
2.04242
2.344
2.31527
2.10315
1.6628
3.08011
2.6829
1.67572
1.36509
1.77594
2.2598
2.42177
1.86326
2.12114
2.35735
2.64555
2.51175
2.33848
2.30089
2.50845
1.97221
1.83836
2.08643
2.85825
2.35797
2.3622
2.61428
2.24676
2.08921
2.68491
2.0632
2.62263
2.81798
2.52751
2.72963
1.88478
2.69445
1.79673
3.1657
1.94065
1.87565
2.2605
2.03226
2.7836
2.15498
1.7313
2.59091
2.41902
2.14914
1.98792
2.3193
3.47406
2.31249
2.50142
2.06651
2.78968
2.68152
2.29981
2.22358
2.35711
2.77636
1.5086
2.263
2.28111
2.14649
3.0656
1.92893
1.8376
1.63231
2.78372
2.68434
1.97461
2.23966
2.72415
3.03089
2.28661
1.70771
2.00019
2.44482
3.14696
2.44431
1.6217
0.683244
2.84433
2.2093
1.42967
2.50368
2.02859
1.71734
2.08872
1.99154
2.135
2.53906
3.62233
2.44747
2.30077
2.39833
2.18667
2.42508
2.03013
2.74562
2.36532
2.18996
3.25412
2.02088
1.91783
3.1502
1.9435
2.27362
1.5127
2.06491
1.66757
1.57951
1.6666
1.94965
2.20431
2.92782
2.74944
2.3298
1.76581
1.7941
2.27332
2.1985
2.42389
2.5923
2.86644
1.88515
2.24068
2.56498
1.98495
1.62927
2.23365
2.54529
1.99485
2.72881
1.67591
3.0207
2.6135
2.00729
2.38082
1.89948
2.82761
2.92475
2.9191
2.41184
1.92512
1.55813
1.68128
2.76986
2.42605
2.40483
2.48797
2.21903
1.90331
3.38192
2.10656
1.32101
3.43427
1.95571
1.59692
1.86561
2.05982
2.45142
2.33439
1.91748
2.87015
2.00208
2.67513
2.4787
2.01635
2.11707
2.91515
2.58428
3.07197
1.69574
2.84241
3.28853
2.73786
3.28631
3.54348
2.98062
3.51223
2.23005
3.51135
3.10745
3.20151
2.77771
3.40916
3.44908
3.6507
3.38874
3.25458
3.14667
2.98757
3.31604
3.49137
3.01465
3.76221
3.17287
3.33123
3.80255
2.86155
3.59994
3.55295
3.23856
2.86166
3.56254
3.11219
3.84737
3.28862
2.6562
2.73419
3.53237
2.67291
3.92497
2.84108
3.50628
3.21143
3.41327
3.09422
3.86044
3.63687
2.70547
2.75721
2.9204
3.25499
3.36646
2.8769
3.59517
3.66618
3.72799
2.75411
2.76806
3.25411
3.82606
2.83922
3.59768
3.28273
3.63083
3.7502
3.11204
3.26783
2.93617
3.20954
4.41614
3.11646
3.17853
3.46446
3.29367
3.17282
3.07503
3.12499
4.01485
3.65025
3.08007
3.20434
3.15101
3.46157
3.14732
3.38063
3.05201
3.50091
2.6779
2.03581
3.19576
3.30825
3.55549
3.18892
3.15058
2.83558
4.01684
3.84971
3.49626
3.24856
2.63768
2.94032
3.88877
3.16572
3.18336
2.56176
3.35678
2.97963
3.30683
3.22786
3.12191
3.3331
3.6177
3.02151
3.43872
4.19026
2.75768
3.13836
2.97765
3.21802
2.66754
3.61853
3.59784
4.21241
2.79498
2.78372
3.22417
3.51917
3.40976
4.04568
2.62347
3.97904
3.38345
3.13153
2.81248
3.31119
3.06503
3.35087
2.52675
2.87669
3.91431
3.3955
2.94831
2.86282
4.2985
3.15203
3.67382
3.97276
3.32651
2.96707
2.8138
3.27613
3.6919
3.4408
3.69517
2.90892
3.09543
2.98388
3.26163
2.73682
3.08233
3.95715
3.09823
2.86585
4.08446
2.89379
3.00246
3.4899
4.1569
3.57623
3.5406
3.18962
2.76018
3.40311
3.0319
3.28671
3.65103
3.71945
3.43266
3.3543
3.36145
3.13629
3.06113
3.30159
3.01261
3.42447
3.4568
2.79883
4.01337
3.13535
3.45711
3.21975
3.07095
3.77691
3.21668
4.1082
2.86242
3.75004
3.24118
3.70458
3.37742
3.25598
2.70356
3.16512
4.10347
3.2362
3.51675
3.18768
3.37284
2.52532
2.83646
3.15061
3.07708
2.85476
3.7456
4.10632
3.56066
2.93883
3.99489
3.91648
3.51587
3.42256
3.53204
3.23699
2.95641
3.20468
3.45703
3.13352
2.66033
2.96787
3.83741
3.71607
2.89341
2.98193
3.45842
2.83544
2.97395
2.83278
2.95123
3.4906
3.29183
3.30204
2.95785
3.22617
2.28596
3.2988
2.92547
3.83086
3.50415
3.63252
3.74559
4.32059
4.21108
3.53156
3.8626
3.4464
3.42178
3.68649
3.86115
4.31026
4.19852
4.62718
3.63135
3.89666
4.26053
4.0599
3.52655
3.86709
3.52856
3.68096
3.86477
3.89131
4.18478
4.40963
3.86094
3.68781
4.04132
4.18392
3.53352
3.93615
3.37478
3.51773
3.94307
4.08517
4.02672
3.80072
4.2301
4.2481
3.89437
3.5616
4.12085
3.81784
4.19244
4.17622
3.70652
4.07051
4.02847
3.84471
3.87086
4.25888
3.92027
3.70988
3.7428
4.0201
3.75844
3.55933
4.07577
4.28888
4.0239
4.08098
3.96628
3.61241
3.49513
3.67035
3.53684
3.62171
3.48631
3.40119
4.22899
3.96139
3.87097
3.58334
3.73129
3.73935
3.91053
3.45433
3.613
3.81596
3.66903
4.39665
3.91518
3.79101
3.83804
4.72462
3.19319
3.74725
4.19467
3.73931
3.78374
2.34453
4.39565
3.55602
3.88473
3.90699
3.97578
3.84907
3.64162
4.17829
3.9298
3.29382
3.46633
3.36073
3.27158
3.8596
3.96237
4.6743
3.86446
3.55209
3.82262
4.07188
3.9996
3.66126
3.45247
4.01171
3.77595
4.15161
3.57847
3.97807
3.55974
4.27243
3.2386
3.85922
4.37039
2.67378
3.98403
3.83221
4.23041
3.77552
3.792
3.78626
3.64192
3.74544
3.29804
3.53812
3.55708
4.13161
3.73711
4.18606
3.87322
4.00833
3.44012
3.71611
3.73286
3.53009
3.29278
3.69469
3.76264
3.67462
4.26158
4.44661
3.31302
2.77537
3.38376
3.80051
3.73785
3.53776
3.84933
4.02347
3.95216
4.07025
3.77399
3.98743
4.30197
3.36909
3.86742
3.61166
3.59054
3.61098
3.93436
4.09556
3.88993
4.22059
2.98336
3.67475
4.10997
4.0435
3.95172
4.08347
3.65694
3.58675
3.67751
4.08648
3.88698
4.33348
3.81215
3.88111
3.00995
3.53036
4.03802
3.6649
3.78935
3.02818
3.86282
4.15392
3.68755
4.01454
3.31153
4.29484
3.95041
3.37581
3.9801
3.69059
3.90786
3.77986
3.37196
3.65071
4.03015
3.43265
4.11375
3.18741
3.51476
3.2811
3.28315
2.70472
4.29342
3.53934
4.0214
4.44588
4.28394
3.71829
3.72242
4.60034
4.36306
3.78935
3.7612
3.97514
4.13378
3.90678
3.01983
3.62714
4.05411
3.23759
3.71547
4.27846
3.44378
3.78635
3.21115
4.002
3.52086
3.65269
3.51088
3.96477
3.76387
3.68143
3.69185
3.93099
3.21714
3.88347
3.53867
4.3772
3.45094
