4.3567713482
2.6924295029
0.1037833422
2.9581591829
3.1024579710
0.8593225024
2.6849112783
2.8648364639
0.4019392340
4.6284215283
4.1269521311
1.4230498147
2.2295584787
3.3889389170
3.3040190247
3.4777843479
1.9679077608
2.3255695467
1.3497806623
4.0614393043
2.2097045967
4.5454049555
2.2429765879
2.2742505080
1.4743235762
1.1049484814
0.7918999675
1.9026836061
2.7665171838
4.4480205777
2.3968688186
2.5288987264
1.5681025083
4.7677429074
1.5105429526
1.2789069918
2.1822212437
0.2010725599
2.0498100117
3.7855557207
1.1029885412
3.7605315956
0.3127114521
2.7458124216
4.9103459396
0.7909749084
4.9079846982
1.1739131819
2.8807638280
0.1237189150
4.2673625478
2.0898690600
1.2397637594
2.1784976597
1.9515217877
4.6367799294
3.5833394800
4.0560293533
1.9148614661
3.1437092103
0.1741618473
1.2690979830
2.4130939086
3.2999703663
1.4274959301
0.6047392275
0.3375499309
0.6911372567
2.1842025831
3.6992503139
0.4733603524
4.4796107273
4.2078307321
0.0743274697
1.8031304116
2.9589735138
3.5140445505
0.5378050602
4.3268485946
1.2405899260
4.5585107185
2.2354851850
3.5216682681
2.0650261960
3.2795591007
3.0687882331
0.1165959239
1.9950771225
0.4607145050
2.3119314916
2.1673653575
2.3198050336
3.6824917782
2.7956871704
4.8618492763
0.3614734406
2.2501903893
1.0242409646
1.2078602290
0.4641603720
2.2829819394
0.6871503295
4.9103479324
3.3918605803
2.6381437556
1.6778958204
3.7566615969
3.7658519051
3.4222679553
0.4701619415
4.6351902974
1.3199543821
3.5487071592
4.3970337853
1.6184233428
1.3951215059
3.5680694553
0.4691351303
4.0660125490
2.1817667108
2.8975353270
1.1258704122
2.4321208635
1.6526649290
2.5670521284
2.0879999122
3.8951834964
0.0176243432
0.7886063727
4.9465324144
1.3337901383
2.4329674742
4.5319446614
0.5372453045
1.8319465614
0.8768888506
2.9900995886
3.5950464029
1.3583424588
4.7717890096
3.3652914589
4.8190075846
0.5909163497
1.5156667852
4.9652592374
4.7964852244
2.8790693200
4.4486540694
3.7274888472
4.3006795527
4.8960638477
1.5029947890
2.1804428302
0.1857819091
1.7438035393
4.3935230498
3.5936665322
3.4311484643
2.7573008386
0.4324295553
1.8900914397
0.1324790509
3.4083042293
1.0813908425
4.4121401398
4.2836531107
4.9340006979
3.0736678894
3.1071486600
3.7456892551
1.2902848138
1.1893795542
4.2765747327
3.6453833391
0.9382692875
1.5927674233
0.0074938874
1.6998001007
1.7716048402
0.5379622777
3.4546632567
2.3163281154
0.1505062325
0.4197338542
4.5882446566
4.2919648759
0.7614979008
0.7412751875
0.0780379364
4.1285110457
2.6207734258
0.9486858885
2.0023218335
3.3191781616
2.5003095412
0.0510455491
1.7912966992
0.9516350851
0.9117141696
0.0185043853
1.6254605246
3.9457431449
0.3310705960
3.5944835420
1.6824407690
2.6122909752
1.9022429225
3.0408175056
3.5768886268
1.7211953621
1.4953329512
4.5785561093
3.8726836382
2.2212667625
0.8159521889
4.7173689880
4.1111840046
0.3042553788
3.6200463007
2.0613813599
0.7305056806
2.8771285662
3.8641596424
2.5202619799
4.0263603427
2.2501407323
4.4538560215
2.5760523599
4.7929927407
1.0941255708
0.8007451441
0.4962661707
1.9920207865
3.4265752673
3.5840538590
2.2330194648
4.1269110869
0.5886050371
4.3744038760
3.5003212826
4.4914575427
1.2380918158
0.3195146723
2.9242306547
0.0426351879
2.2505059336
0.1336683719
4.6635652879
0.8928646777
2.8587319786
0.6603040563
0.9055496486
0.7859588269
2.2251326054
2.2910287920
1.7576610354
1.0173704122
2.1000045817
3.2912432150
3.3435418843
4.0759841350
0.0352927077
4.3847073499
1.1298902787
3.4553842735
2.3739721917
4.8345690277
3.3785387662
0.1316971867
2.5850164467
2.2901193616
1.0524294145
0.7977935282
3.4505928882
3.1759288088
1.8779608925
0.1355028615
2.7034569795
1.7277799510
4.6544165490
2.8948323835
1.3539523028
4.5383008260
4.3322012873
2.9189057400
2.6112046409
2.7903920064
1.0868648243
1.2329865048
3.7937787463
0.1200332035
4.2799399760
0.0236878643
3.3211304741
0.1690775466
2.2081722492
1.5290844603
2.9866420594
1.5360454007
0.2405815545
1.1913482552
0.5220073572
4.6971912184
0.8719235907
2.6807667686
3.5854946346
1.0053380165
1.3785777143
3.7642331412
0.9355398284
4.5498812063
0.8488751955
3.2838122827
0.7067208682
2.2133082363
3.0277169995
0.4436999178
0.4860665271
2.9385394030
2.5214589235
2.0293407123
1.7206191149
1.0439697955
1.7630343834
0.3438219156
1.8770819772
3.4215092461
2.7518366863
0.4276991430
0.5542480306
1.9250279018
0.9238135654
3.3035551210
4.3298572562
4.0158961944
1.7434823989
0.4708794778
4.7448269987
0.3578611162
1.3632252003
1.9759520538
2.3068219020
2.1400523741
4.2914634627
1.0416027876
3.3773881527
0.3148137590
3.7284645865
0.2999220708
3.0160022235
4.0422834936
2.5480392113
0.1047456174
3.3421353139
1.5778039652
2.7598226499
0.5782014226
4.3726939943
4.7785526831
2.3178890642
4.9755723623
2.0549729817
1.7651040822
0.9379443750
4.5346104592
0.8806803197
2.9904324797
4.9412284443
0.2492768847
1.8989263228
0.7472516580
3.3055991445
1.4043394383
4.5876882811
3.7042827424
2.0232658282
2.2976256109
0.1646809181
1.3884008376
2.4436077649
3.3229184526
1.8684107733
2.1236088425
0.6248996119
0.5910334042
3.1952288413
0.0660255422
2.3901412642
0.0226910585
4.2933027640
1.9187810357
2.0422487844
4.4881925778
4.7726154529
3.2197373724
2.7584268627
1.1200252470
3.2524940154
2.8317724895
2.9715567184
4.5504144693
1.5240391073
2.2590827358
4.4299668304
0.0821594631
3.3215431221
4.5082999972
3.6812026939
4.8841320648
2.2700637820
3.5205352649
0.9786962552
4.2994954399
3.5793905320
1.3457279742
3.7940010891
2.4925512201
3.7894624521
2.6055011509
0.4160760608
0.5573136789
4.2187510270
1.8023228961
2.4206634821
1.1262270916
2.4332168449
3.3540065841
4.9379379243
4.6003014681
2.8253189560
0.0519218977
0.6792442187
0.6623814493
4.3844570205
0.9128380520
2.1009680563
2.4139473938
0.6445423227
3.0878058174
1.0855853173
3.6140656099
2.1316320402
0.8422578097
4.2600371190
4.3087703624
4.0033546457
2.3805435324
4.9062218910
2.9728127871
0.8989607931
1.9720184000
4.1571538704
0.8865152139
4.8091363172
0.9768009916
0.3279045826
0.2222127221
1.3612198665
4.7652516622
3.2686404344
2.4918610683
1.7093100032
4.4895849195
1.2168408172
4.0248805160
3.9591831584
4.2779092314
0.8891974104
0.8088526108
0.0623574382
2.7751177212
3.3159519935
3.7815806534
0.5275357390
2.4117830935
0.9598473473
2.8481785832
4.3446777798
3.2175166875
1.9598890438
2.9888062629
0.7488422869
3.0507363220
0.3313154203
3.6895858111
0.9975905024
1.4496771551
2.7752441086
0.0799027280
4.1551582320
0.8426256868
1.4952264597
4.9931311603
3.0049186208
1.0272358451
4.3773413802
4.2248638214
3.0131295544
4.8434993864
4.8125677964
1.4736378769
4.6839708471
0.0422171613
4.7751854866
0.3852175989
2.4489349973
1.9760047178
4.9221876982
2.2446368286
1.2713740975
4.9139417953
1.0525910959
1.7729583523
1.5961822676
2.2705420624
3.3216694846
3.1812372279
2.8900905760
4.6270035458
4.9062127362
3.7462699820
3.3828776082
3.1555531251
4.0787417217
0.2257854791
1.3950864783
2.4995968229
4.7901391369
1.0898252135
0.8128459393
3.6424329307
2.2534552092
1.8658348547
1.4125021675
2.1602038708
3.7419117115
0.5737341442
4.2424865791
1.1109066411
4.8896777849
1.8508627682
3.6108064881
4.7866273047
0.4462721121
2.6627546686
2.2055073651
3.5423138195
2.3690282849
0.5823364740
3.8723006973
0.8185801196
4.7306391017
0.2561663946
2.7962878116
3.4710943332
3.5111913098
0.5111420866
1.5694703048
1.2935218922
2.4802602988
3.3787487237
3.4867797506
1.6288716444
1.0516247597
2.3070558744
3.5930659230
1.6751564592
3.9111796653
1.8145928309
4.5223617155
3.2408808052
0.0309924135
4.5268508452
3.1274270459
4.5449829167
3.2456069179
2.7780163448
4.7188211397
3.2010900335
0.1902241405
0.0007957043
3.4234454831
1.8095183506
2.0969703586
2.8496385882
3.5656462560
2.9002163084
4.6809266438
2.1817173271
1.9806979918
2.1392872672
3.2908799288
2.5707133023
0.0300673928
1.3099369879
1.2729379505
4.2564619512
4.6176604586
0.2003992574
1.4234226092
3.2851048429
1.3517951771
1.0369510132
3.7691391711
2.9065043562
1.8825487984
0.8655129916
1.1896575935
4.0458328953
4.4201609672
1.4521448264
0.5222073687
2.2226183614
2.1372145482
3.9982112011
4.4028739837
1.6618998203
3.0333726497
0.6729696908
3.7888136874
1.4279360322
1.4326559474
3.5932878693
1.6691190604
4.2511538051
1.4538567469
1.1312386667
3.1538412014
2.7443870529
4.9870881068
4.0251754143
4.8817005000
2.9862300553
3.1941655965
4.6939030554
3.4105172632
2.9494237816
3.6761486850
0.9077162079
2.0568112178
3.0731513267
3.8946861737
2.8209696908
2.0919254355
3.9131015679
1.4496982969
4.6007093423
1.5441208341
3.3859581581
3.4873949423
0.0425720157
4.3151824102
3.6799979759
1.0008076992
0.7121401112
3.3151230667
4.5957782299
0.5791609299
0.1163094459
2.7216356246
0.4661186177
0.3299066037
4.0397262415
0.8572236717
3.0790333331
1.1336070400
3.5863210872
3.0747576022
2.2778513653
2.0707017852
0.2713914705
3.1829988630
2.3670214993
4.0822974201
3.1071614302
1.5119833558
4.7281947692
0.5743549635
3.4215036257
2.6017494539
0.4079009019
3.4540265226
3.8183972148
2.5375575017
4.0249005795
3.7845437486
1.4181909292
0.1944212796
4.4521412027
4.9752433052
0.2599462143
2.5905280500
1.0358343216
2.8784117549
2.4767768100
2.3831577675
0.9437970802
4.8651518305
3.8035302551
2.4253441450
0.7987719449
2.4970467977
0.8953500685
3.5931958380
0.4024977388
4.7257873368
0.3422163476
2.6020853435
4.8360146261
3.1440089038
2.6907138028
1.7675116304
1.9148352589
4.0103746655
2.0278713690
0.0991703331
1.1586178673
4.9915626735
4.0564330672
0.4135678590
3.5188737138
0.5425337419
4.1754572993
0.4334633011
3.9006950958
3.9016513514
3.9694277951
2.9367099207
3.4617900382
4.9544046194
4.0634455745
3.7010164807
1.1111700321
0.9422827683
1.3975340835
2.2462031834
3.0381966970
1.7135224090
2.2512306855
4.6362577125
0.3485161573
1.0598801358
2.4676834969
1.0075992012
4.4754852671
2.6162802294
4.2072747098
1.1282521711
2.3734356707
4.8542834824
