4.1921282808
2.5785178020
1.8720009063
0.9606247202
4.8114459712
0.5305653007
2.6017989272
4.7884171388
0.1135781582
4.9308811282
4.7804273119
0.7737820281
0.4938448222
1.6596234373
4.1847415703
2.1323042472
0.1432963471
3.5498120723
1.4898551841
1.6824185747
4.6049847981
3.4932465947
3.3160806496
4.7712423197
2.1902025662
0.4855878281
4.9326505400
3.0399412180
4.3072227198
4.7463920813
2.1222395167
3.4067292453
0.4183177464
2.0522866475
2.2511445522
3.0401227890
4.6696640840
3.8167579283
0.9238467490
4.5235860040
0.9919480054
1.4461973842
2.9004256031
0.2160374638
2.2964880784
4.3850483031
4.9094019407
3.5347837057
2.0825196613
0.6473758965
4.0511506035
4.5253732790
3.5066117466
3.7103273097
0.1277748462
0.3368207452
3.5662950219
1.4372645677
2.1896228901
2.7439540663
3.2287863196
2.3034750909
1.1074297199
2.5077362571
1.9447377476
4.0420490165
3.0789855784
1.4488733943
1.2693827954
4.9166429620
1.6924932606
0.6425413635
3.1530856508
1.9944338830
3.7932308107
2.0884634185
2.6345379071
2.9477371171
0.7492611321
4.7397950222
0.0877278542
3.2957773866
0.3648269011
1.5083918504
3.1439956866
2.4263432598
0.2414645929
0.1282465933
2.8792722947
0.8560321659
2.6971169419
2.8315005737
0.6608938904
4.7211373264
4.7985953301
1.1539125572
3.1657286225
4.4906977230
4.7842439990
0.7735697431
0.8799086178
3.9887102793
4.3088131564
0.7356501266
3.8790206058
2.4619976069
2.9542095844
2.3180115186
4.7655845145
1.1698677606
4.2564377906
3.9412358108
3.3480812148
2.6657522836
2.8047736591
3.1695678951
2.4133420155
4.0318482118
2.4937525049
3.9361523000
1.8430726226
2.0859264513
1.7372559799
2.5604074056
0.3175671465
1.3535358726
0.8878239847
4.0137323522
0.0378124206
3.0655873749
3.5099001680
3.7915857844
0.7743534628
1.8556278903
0.8152693089
4.9280036766
2.2512764099
1.2760186237
4.0303134376
0.3586559904
3.4208797681
4.8888475785
2.7913775218
2.4195241193
2.7440873931
3.0049914086
3.6855964880
2.6322833051
4.7190713196
0.2106786798
2.6147198293
0.6496917724
0.7921884527
3.5307035301
0.8691296219
2.8430415278
1.5281062849
3.4047282981
4.2843590158
3.2404599357
4.7374382638
3.8996537590
4.0045827184
1.5541366098
4.7784932833
1.6267089797
3.6039952388
4.7540821772
1.7236550545
0.3847272838
0.2905682493
1.8966243737
3.6598599017
1.3971632330
0.8258619240
1.7414580479
3.3666748860
4.2640256724
3.5934580910
3.5887592843
4.6652561417
1.1034365912
0.9069120410
3.9378453202
3.1782789892
4.3314826087
1.4012364461
2.1644315445
3.2966908149
0.7220381341
0.9508116087
2.7911499318
4.1663839577
0.7270644753
1.5178627520
4.8952201042
4.2297829665
0.0274101967
1.1914838365
1.2707001296
4.6676776568
1.2573626674
3.2254700159
3.6064094838
3.2598244703
4.2142618066
3.4374238717
0.8233566186
2.1339227733
0.3666423354
4.9708255781
0.9593886235
1.4072139989
2.4280032028
4.2407306881
3.4190058375
3.2894389931
1.3139200657
1.2428328678
0.8011702856
3.1471366384
0.1714516031
4.1807792104
3.8589287901
4.8048138535
3.9134008220
0.1994542786
4.8663398457
1.8465274761
0.9358611969
4.5596823321
4.9082331786
1.3906813835
3.4036122822
0.7752868536
2.4575626251
1.1407715552
0.6904631561
3.4951690485
0.3574818941
3.0054467049
0.6248325175
3.4551240313
1.7278492260
1.1632566498
1.0570842666
4.8662314880
3.8188462342
4.6921238304
4.7049147743
2.6341882668
0.8410986456
3.2528093800
3.0950455971
0.8178701871
3.9185575290
1.4119929584
1.8803709303
0.5023209056
4.5970092564
1.0072092453
3.6264254329
1.5634935163
4.5601261698
1.1265726247
2.9125830100
2.6872672500
2.0722680537
4.3253892194
4.9429035159
0.0370037304
2.1017423474
2.2944411362
1.7982699575
4.4712963184
3.4519988826
1.3865956125
1.5527864460
3.5413286729
4.6164681180
1.8957307713
0.1188446747
3.2557463639
4.5037706705
1.3516939672
4.3504469064
4.9161347329
1.8852757303
2.0746572978
4.4250541491
3.0896887774
0.0810370025
2.9399718187
3.2202921952
1.9046832116
3.4106824557
2.4992364179
3.5113033047
0.5017545659
3.6336986904
0.9342032122
3.6235103517
0.3382688193
0.5326774802
1.5773778151
3.2983210230
2.5782691577
2.9505512975
4.0974039319
1.1582249816
4.4764055851
2.6788317257
2.7398365388
4.3133345959
3.2161928483
3.2616998964
3.9466204602
0.4323226976
1.3419020278
1.8869267834
2.1030405262
0.4336766800
1.7459657648
2.3885936450
4.3222597458
0.8430999037
0.1721939922
4.0011344528
0.9586021215
2.6427566389
4.6672077878
3.8451530833
1.7158809246
2.0190084636
3.1717801255
4.3617236928
0.7013605180
3.0365859705
1.0693254323
2.6655333634
0.8750341972
0.7461626075
4.5953315236
0.3834671048
4.0040911078
2.2145553286
0.4194292540
0.2623869370
4.2906461320
4.1759022429
1.8170236462
3.1493643791
4.2745567884
2.4899184615
2.7915669047
3.8040595395
2.7906147228
0.9895906483
4.4488651553
0.0339954478
0.6893653387
0.0634462016
1.2841285293
2.4399736212
2.6126915944
2.9829573402
0.7592749016
0.4147614027
3.3891360363
1.4179714546
4.3263827551
2.2005236869
2.0103928098
4.2246797172
4.6128848390
1.7294665457
2.7407677535
2.7120539470
1.8104530873
3.5511283215
2.6575937987
3.5425298980
0.9035232146
3.4951402541
2.9251398313
0.8777513044
3.5016460890
0.3896539874
2.8606279856
3.5952959800
2.9845589414
2.4156926548
3.4923660917
1.4604908453
0.9778942834
1.7422459959
0.8611227611
1.1998197614
1.9142646254
2.3749434142
2.9417614124
0.9782942882
0.4281782823
2.5346723639
2.3184705007
3.8998757795
4.4285822796
3.9367582626
0.8299693507
0.7231153812
3.0001442035
2.5946065827
1.3977463994
1.9872493308
4.4296523204
3.9554731847
4.3882383648
4.4788082762
2.0287340048
3.4748456357
4.7570489520
3.3152539519
1.4356930055
2.0374815213
2.1386232451
4.5882522834
2.4004979244
0.7782799156
2.1276529709
0.2810616528
3.8762940332
1.8888045371
0.5389274266
4.1664164522
1.5123597788
0.4125020052
1.1110290980
4.2956020047
0.3369145869
2.0336613256
0.2574909222
3.0266552395
3.7689574336
0.6052615950
2.2786978266
2.9084189999
2.8573526694
1.9954992316
1.2814676733
1.0642843359
1.3292823232
2.5715441275
3.6540501148
3.5097574103
3.1711791371
1.7946412854
0.6960251797
0.4244935372
2.8611934596
1.4388710675
1.1796807322
0.1932831882
0.3366064028
4.5356524560
3.6369383327
1.7709113551
4.3914829321
0.4094900115
3.8294445446
1.9302252605
1.5539883415
3.9327218423
1.6153384381
0.3666438806
1.9495214619
0.1664431616
3.6113600056
0.6793588833
2.0911244948
0.8528032333
3.1409174770
4.4813682190
4.5941141391
2.2150730027
1.8256481841
2.4371335359
0.1447682318
0.3439517820
4.3286767168
1.8460686333
3.5860480316
4.1923443308
3.5916097202
2.5183811442
3.1552150869
3.1602398496
1.9643478451
4.4912613428
3.9229149168
2.1734320991
2.8377061657
3.5504232379
3.5605740587
3.4948303893
3.3249038642
3.3250617361
3.1881439523
4.6583448534
4.6611262253
0.7620284566
4.2283012148
2.4892315508
0.9031160432
1.2342055719
4.6827806608
0.2309238479
1.2062814796
4.1535546343
1.8338015111
0.0994514998
1.0689022915
2.3241435512
2.1064001701
0.8483782396
0.9860902323
1.0457425028
0.2693812962
1.0687177596
3.6152513746
0.1535864584
1.6326442094
0.3415870752
4.8755721866
0.3220108676
0.7615605341
4.0816206940
4.0827964609
4.4643858822
4.0852229256
2.9847190958
4.8441907179
1.4027359217
0.7507303408
1.6559860615
2.7346505478
3.9593933369
0.0618241487
4.9272916971
3.8615435737
1.6198801774
4.7443679937
1.9664768877
3.0619053769
2.1389484198
4.2762242938
1.8726106956
2.3104168930
0.1964693054
2.2934981328
2.5878702102
3.7402345147
4.0709044522
2.0929966522
4.6336028633
2.6718814998
0.4777979855
0.9618154396
0.0961495659
1.0293303324
4.2396078628
1.2145643864
0.1003735076
0.2090244889
4.4098786853
0.6578606362
3.5719994032
3.7094436862
4.2960053870
4.7469471059
3.7133916822
2.8690731838
4.5155300944
4.9828682159
4.3139829116
4.7830841578
4.6140609655
3.4184014625
0.7520259312
3.6480826091
3.7796347561
0.3103808731
3.4876300766
3.3349777783
0.0479220410
4.5542577684
2.6202237786
3.2180216831
2.9224782492
4.1584521688
4.0118580788
1.1396682249
3.1797827609
3.5216062002
0.8394484883
4.7030073976
2.5137150875
1.0412355240
2.7155914687
1.8336865353
2.6501494104
4.7490877165
0.6435569330
1.1096003148
4.2593893128
1.3939842025
3.6851448608
0.7280034542
4.8702212090
4.0998963787
2.9111227225
4.0654887746
1.5805705754
2.3539635013
3.7668762048
0.6265175839
4.5303574183
2.3302013258
2.6677790533
0.2015532669
4.2945493038
3.1495029328
1.3898140020
3.3376215761
2.8391095215
0.6005482198
4.5444760559
3.7242164868
0.8081673801
2.6003927451
0.2294071495
2.9184276642
2.3540550457
3.5244015360
0.3871177280
0.4681486520
3.7377435491
1.7650556876
4.7462414050
0.0750228960
3.5986774124
3.0358406401
1.6788638519
4.9938117260
1.2811856037
1.0834014922
0.3025117804
2.5571634916
1.3987940138
2.4375241521
4.5584526121
3.0999902518
1.9852641978
3.4589981060
1.3842354821
3.8321068135
3.0175425237
4.3503886630
2.9962199355
2.4583705629
4.7746559552
2.6001702669
2.4386353301
1.7998184958
0.7196932663
3.9281494301
1.1240618944
3.9453942032
4.2392463504
4.5968625847
1.9738189007
0.8205813457
3.3540632771
4.6225222411
3.8064068210
0.6460254474
3.2123156545
0.1485808451
1.8618239480
3.8660716900
4.9070655032
2.9891871985
0.2863340975
0.4347368761
0.6146140493
0.0784518217
0.2362959745
2.1762579036
2.7509344025
1.5098667389
4.1442968962
1.5009310260
2.3879648239
2.7694184409
2.9825091321
2.4070149182
4.4869270151
4.1724917644
3.8664764589
3.1791801918
2.0969173848
3.9408137081
0.5801369477
0.8871375732
4.8668063905
3.5992813251
2.0356158138
1.9690805251
0.4381046185
1.7470333660
3.9781246798
1.2684747320
3.2651720681
0.8416628549
2.5292511453
4.6851806338
4.4643419620
3.5247538177
0.2562104253
0.5491951503
2.5707101220
4.5713115255
4.1385793399
2.2643589504
2.8041383446
4.6411184114
1.0590874085
4.1777351458
2.1661930898
0.2881888440
0.7057705477
3.8761881990
2.5371719829
4.8025417435
4.1768951962
3.7037671791
0.8750679233
2.3393121860
2.2183549093
1.6312393534
1.6724168165
