3.4708958193
3.7767652089
4.7557527003
2.0804913579
0.4274574429
1.7305259871
1.8578202808
0.7476115031
2.6326536014
1.6501704723
0.1941203443
0.3922862303
4.8876317976
3.5255684638
2.0718552711
1.6116397436
4.7578520908
1.9920936652
0.9679240120
0.4971409174
4.5446415784
2.5774108493
4.3055994589
1.9766956730
2.4487474930
2.0788327945
2.7512670860
4.0939288907
3.2909232572
3.2695361479
1.3477457882
4.1652564890
4.8178241786
3.1343248156
0.3415481829
4.1498681110
1.9503201845
0.2309122271
4.8953037566
0.9962572467
1.0845411586
3.7688676766
0.1763157069
2.5322688992
0.3829701053
2.8815697316
2.2663277069
3.1877303960
4.6837295973
3.9509892205
1.4001416690
3.4766589525
0.3915318233
3.9232683828
3.6814784703
0.4199954379
3.3148711016
4.3453792061
4.3787620842
2.6131177790
0.5928440330
0.4582655820
2.4223102058
1.2914848785
0.4640255846
4.5265585183
3.8243328242
4.8322231392
4.9122733989
2.6740840434
4.4564008452
1.6619879770
1.0639665641
3.6609674540
0.2435013659
0.4878323959
1.3824230237
0.1933080005
4.1829211133
0.2970390941
3.1231208214
3.7394127798
3.2490964359
3.3059919840
2.4835365120
0.2548203372
3.7969636579
0.3023727585
3.3501984055
3.3373210723
3.3865891173
4.8975885258
2.3498468963
4.8665258107
0.3969303832
4.5688128845
3.0289380315
4.1820036623
0.5180805449
4.9569254305
4.7842837549
0.9494883445
2.3665026474
3.3356588846
0.6561819854
3.5141463181
1.4794228775
3.0692291281
4.1733659154
3.2795431831
4.7511955428
2.0245767334
0.1465337088
2.3449946154
2.6801818012
2.5471593991
4.0747711983
4.7248275105
2.3192240433
2.6961983520
2.7281402991
3.2312137529
4.5515003762
3.8697185778
0.4619887177
1.8763059498
3.7473853640
2.8380779952
2.0066812250
1.1161593868
4.2635256049
0.1065247154
3.3536233202
1.6732501722
0.9048884418
0.7053496340
0.0584336183
2.1193038679
0.9319106611
4.1762341034
1.8293358042
1.0367646557
3.5215380070
2.1043746428
2.8283235654
2.8948200796
3.6120072816
2.9099688712
3.2400666247
1.8418334482
1.6214072798
4.3348644068
0.5551618853
2.3258328854
1.7397143848
0.6689256821
2.7571048502
2.7819955994
0.9791098866
3.9874077851
3.4238019434
2.8726060097
0.3195505437
0.6999118667
4.2727282040
2.8106397420
0.5130081556
1.4310286703
4.1527461106
0.8509399851
3.0833695021
0.5033756426
3.0645540801
2.8790411115
4.9681715107
1.1193442038
2.7657665444
3.2813146145
1.0472394864
3.2355673854
4.5664054903
3.6336471088
1.4616252485
3.2940895138
4.3673950250
3.7198172073
1.3793586275
0.5697892240
2.0504099596
1.5837503219
4.4634065426
4.2712201598
3.3446756485
0.6586556622
2.2584803692
3.5012605505
4.0182134498
0.0055707347
0.5691710851
4.2574987757
2.0513632356
4.6670632811
3.4501743032
1.2959473426
4.6236054542
3.5099016644
1.9835703346
3.5644177196
3.6957893820
4.4326600118
4.6573494322
0.1557735138
2.5045154683
1.7678567804
0.9783459039
0.1615048483
2.8499071352
2.2588426286
4.3118184261
2.2009528150
4.9892551039
3.3628883709
1.7150641851
3.7425048500
2.7245643476
1.3755341739
0.3652829976
2.0547501262
0.7600441776
0.1171298370
0.7296408669
3.8656238765
1.1148448163
0.6286307949
1.8109720867
2.6568012888
4.7062731643
0.5262482025
3.0642815684
2.2729705342
1.7093553842
1.7277419225
0.1212661069
3.9281909408
3.8806184737
3.1293752462
2.5021913696
2.1945216016
4.2786262383
0.2523275538
3.5219920665
2.5648081304
3.1830410642
1.7393186699
1.6113825866
0.2983861555
1.1103307045
4.0430942073
4.0406759424
3.5450697971
3.6408629766
4.4631375327
0.3361366981
4.9618370994
2.9428198991
1.4385189395
2.5638902465
3.9039225188
4.9275304295
2.3542989914
0.6881528946
2.7065244018
0.5635066627
2.0556286168
0.7179362847
1.9471032386
2.0683361808
1.3550162008
4.6841422839
2.9664796626
3.1849222606
4.4596694540
0.2474521757
0.3579599977
4.1182879239
2.9110000401
3.0526033475
4.8389669393
1.6888084005
3.1190596424
0.7081392544
4.5837040107
4.9654735480
4.2707401437
3.3897408070
3.1059300782
3.8373961777
1.5000257000
4.7126510497
3.4787847343
3.3126881553
4.0175635280
3.3829666211
4.6077321055
4.5910626217
4.0195809935
1.6727905901
2.4301498926
0.3207517906
1.8251019163
2.4401483957
0.0010775491
2.7428445815
1.8460126899
0.9665133492
0.0924727343
4.3588608995
3.7754316797
3.5637470542
0.0394538719
0.1828287465
1.2128012121
3.7248347106
3.4209991092
2.8004805972
0.8340331211
1.5912121744
4.7771235105
2.2392256666
2.9949040804
3.9815923891
1.9054872650
0.8276988892
3.2368486437
3.9864799646
3.5166433266
1.7079746939
3.7855938402
4.7581158126
0.7807835767
1.7626280488
2.6121021578
1.2121454099
2.8950835903
0.3790158320
1.6075475832
2.7652060273
4.5178977349
2.5313524204
1.6331748920
0.3378566870
0.2355639256
0.0949035436
3.6936433862
1.7964312539
1.0840112295
1.4840859769
2.8787155859
2.9477065036
4.1784189645
0.6362266256
4.4809268009
4.5595947844
4.3006732806
3.9446170250
4.3622958582
1.5978715839
4.6502517642
4.0183373267
4.0754683430
0.6473334711
1.1265086788
3.5427815130
3.8863043502
3.0454780834
4.4293283574
4.1051819437
0.9663407394
4.5831566225
2.8440823102
4.5956204590
2.9734060639
1.2206472789
4.9222121181
1.7985641949
2.6937025067
2.3958366829
3.9401354542
2.5460410791
3.6337761205
3.4459024415
4.2792319354
4.4449617329
4.5089822453
2.9729146350
4.9342292545
0.7422152585
2.6374499829
4.7205943631
1.6453235035
3.5170552190
3.8044158460
1.5231846283
0.5329010762
2.6466130703
3.2785149935
1.9827295708
2.1679783461
2.0734184475
2.2346966198
1.8383738962
2.2647597743
3.9004831106
3.8415008945
3.1365618235
3.3654805072
2.9773570665
3.0052561723
1.6858355905
0.1865162116
3.5377554780
0.1102098092
4.2915340491
4.5963061520
0.3646725093
2.7597016580
1.5869237213
1.3407656759
3.0417572922
1.2953589744
3.0966344446
2.6645066357
0.3901668072
0.8631928612
1.4398209552
3.3934091606
0.8687947052
4.6997923292
1.2739570200
3.0460909078
2.8539930226
3.6490503640
1.9309415860
0.2819207825
3.5245694238
4.2886498740
0.4562334328
2.8278684346
2.9114950991
2.3726438735
3.4456335544
2.7652389260
2.2725618226
2.0867665296
2.2153295225
3.2129091336
1.7039699920
1.1996175918
4.2367549570
0.4818790134
2.0779267907
3.9867050381
0.7321765126
1.3657221267
1.4128240015
0.5447673284
1.9388020456
3.4949361142
1.4461125168
3.1182102563
4.9033334176
3.4454504312
3.9358842952
1.4733918620
3.1256172821
0.3309659196
3.4023264803
4.4035050112
0.8053537463
2.9068240202
3.1121656690
3.6786988767
4.5013075757
1.2043029186
3.9761369791
3.3027304936
0.3453561631
0.5363089964
3.1801816585
2.7568536045
1.4868543909
4.4591949273
0.2049125855
0.0399669815
2.6146753260
0.2348359363
0.9449281725
2.1155161247
0.4189989804
1.2592034346
4.8504659865
2.7926534970
0.9321956853
2.2586857742
0.9499568874
0.8722210765
4.3133375549
3.2066395375
4.7351827252
4.4258578132
0.8149475884
3.4865569062
1.8034947000
1.5257113597
4.1601627686
4.8843755572
3.8470794236
2.3577310381
2.1457715990
2.2935325103
2.6913546002
0.0163452068
3.0194394589
3.2781927331
1.1376501302
0.0536138179
2.6213335019
3.7816123877
2.0244223870
1.0309538247
3.7604041422
3.6598957101
1.2420234959
1.4636440133
4.1584990250
4.4416689454
0.1147927160
3.0530346152
3.1516293313
1.7897448431
4.1878675469
1.4423485132
4.3130538769
3.8031322513
4.7521670241
0.7109227961
0.1489953003
0.2313276571
2.5276428848
0.8185846662
0.9219812550
4.2654044055
2.5609149463
1.4345920589
4.6518634859
2.1628111136
1.2282192056
4.3203296201
0.1189855483
4.0989487860
0.0582398951
4.2959927098
4.7018472797
4.3155866455
2.0825340938
3.0011986724
0.5926775147
2.5541950357
1.4051785411
1.1783435530
0.0839275223
1.5746402362
0.3698871073
0.1642065490
0.4578127812
0.1228459746
4.9447029931
4.0965515900
3.5562615796
4.3345501314
1.9846262362
1.0331683384
2.3922020738
1.2588679292
2.7549835380
2.5739414184
2.4828864380
0.9208350827
4.2773978747
1.5832696234
2.7553881482
1.2853912880
1.6109088659
1.4697340280
3.4726178222
1.2584463372
3.4087955141
1.0097181631
1.2499109544
3.7889434001
4.9432497656
2.5472225043
0.7377988994
4.4975168977
0.1021564218
0.2870222920
4.3119591307
4.5338812500
3.6123913399
2.3743499611
0.2781536973
2.4910518912
4.3004196390
1.1513240133
2.8254324864
2.8175866518
3.5723478515
4.8564028372
1.6678519241
2.8600641975
2.3813726879
0.6243475795
2.9419166918
1.2309320207
0.7908133739
3.8147905040
2.1779934439
4.8787297988
3.2662784436
0.8899071617
2.7587979613
4.9887200890
3.1122904832
4.5463899453
4.2020722219
3.5654576269
1.9687876895
2.9325500252
2.3587220726
2.3512462502
0.1038782901
3.2246920791
1.4685811149
2.1753389962
0.8742069348
4.8527944389
0.2458286329
3.1708275244
0.3070901729
4.3369941088
2.3227704479
0.7552620217
0.3136051378
2.1845543601
0.5276680604
3.2660874512
0.7341106357
4.0911400989
4.4386748786
3.5450467361
0.8029070390
2.8577257480
2.2864353161
3.1519815303
0.8931897776
1.8708197862
4.6828746137
0.7862769299
4.6540348730
3.6725421721
0.4591309804
0.6349931412
3.1054129227
2.3701934486
0.4930586044
0.9350750549
4.5333242877
3.2821901933
1.2034868333
2.9206251846
2.3838720211
2.9966184658
0.0573089103
2.3658868383
0.9418543647
3.7163078100
4.1649696592
0.1742580050
2.6863044960
4.4945110196
2.7841269840
4.4004125728
4.5229956951
3.4203720713
4.2799035584
3.9266394608
1.9235542716
2.5138841936
4.0385741903
0.8991423573
2.5643945288
4.6346147749
1.7507276120
0.3217183257
0.7087487820
4.0238615439
3.8865004377
0.7125228752
2.0547750772
1.6909879760
0.6116323082
4.9672275136
4.4658748221
0.0544730267
3.6366863608
3.0046036124
4.1803561113
4.4678338510
3.8662947009
3.0673689358
0.1814751641
0.2392979789
1.2998260560
1.8340807262
2.2013420618
2.8092962666
1.5241588323
0.5921471078
2.7794769255
0.0270276625
2.6936289358
3.4059770921
1.2358628873
3.1901442233
1.9876845178
4.4693439379
1.8267017388
3.2317776937
3.8149208261
1.0917673647
4.5969010407
3.2865601489
2.1502141494
2.1728224427
2.0353968328
0.7999884937
2.2724759996
2.6565772042
1.9771579280
3.3995788352
