1.9887633870
1.4703915343
1.6233089452
0.1478710577
2.5161194552
0.6358048261
4.7753837013
0.0955024294
0.6857512320
1.9069304472
1.3404192229
4.2889669223
3.3410377802
0.7211164913
1.1727246331
0.8550432434
1.0869088779
3.2429868070
2.9359998394
1.3368365813
4.0492412975
3.6109840220
1.4784015763
3.3852362178
2.7442224495
0.3730760890
3.1143894680
0.5399064238
4.1102157343
3.2474155079
1.3173730389
3.4779112727
3.4179042839
0.3461398261
2.8680169374
3.5025938122
4.1033204934
2.3957847615
0.8369277542
2.4738464197
2.3215769051
2.4839551534
3.0801932862
3.1842424538
1.8461136689
0.7450967313
3.8803504729
2.9075947996
2.6291080375
2.7826912105
2.4279230817
2.4844349165
3.0740162104
0.7033413026
1.4794211056
1.5628618387
3.6723263950
2.4305286617
1.4819823167
2.1365145632
2.8354082556
4.5709493995
1.9736390630
0.1705187026
3.3613870445
3.9510164071
0.1681117630
1.1907194938
4.2594147083
3.0302481186
4.3462912000
3.2440335449
3.4933442044
3.5648473682
2.3010262191
4.5841513950
1.3780512081
0.0499444351
1.4309583368
1.9660473545
4.7795284038
4.8519930454
0.7320416553
1.1668725096
2.2400656931
3.3710498339
0.4867818881
2.6150165228
4.6186139858
1.6916443586
4.7614738203
2.0817442523
2.6407248260
2.7142910326
0.2667886973
2.7522895615
3.8698020069
2.7591640913
2.8585634362
3.5801913095
4.4099586124
4.7289347748
1.1107987332
3.2776807144
4.1393326415
0.5672640737
3.4045346712
0.1968953721
0.3506906042
4.4890874839
2.7829168709
4.5055485221
4.3835802660
0.1528780529
4.1284951425
3.7034929664
0.5998451427
3.0359133826
3.7433365390
4.6135827062
4.9532734599
1.0317090084
2.1412372632
0.4146721567
2.3964371599
4.0628474920
0.2951595790
4.1729480558
3.5559212207
0.9691874866
0.9886023108
4.2296332083
1.9843141172
0.3457627405
4.5791632261
0.9811293114
0.9973157558
1.4495853377
3.9439201558
0.2576986117
3.6515337247
1.9311832229
1.7029216808
0.0877663503
4.9780212741
2.4642870539
3.8381391536
3.9989281793
1.7140251456
3.4130184631
3.3854163054
4.7289642959
2.6670472642
3.3857287172
4.0866122632
3.8289152419
1.5880954541
1.8519263463
3.3742450404
4.8670084792
2.2524438076
2.2452723796
3.2131070200
4.9715102819
0.9645071756
0.0212952001
3.5497681996
1.1701094996
0.1773455387
2.6912915105
1.0944585521
1.2340386532
1.4962668032
1.6999683140
4.0690043649
3.5607489392
4.3100299247
1.2680009595
4.3533863919
1.5266493520
0.3429282447
1.6742170026
1.1218166622
4.9113916016
3.8678446031
2.4260726915
0.8123473985
1.5907521122
4.3761292181
2.9601011268
1.8729062668
2.0727754560
4.5173975735
4.8528363704
3.6878986655
2.4210704151
2.8442426748
2.5122388030
2.9453565440
3.1826857802
1.7071931074
0.2928716726
0.2528958564
0.5816583123
1.8184393948
4.3461398398
1.3649477976
2.1220653108
1.9539352980
0.0190570299
2.0229539676
1.9882992753
0.7981219570
0.5686402579
0.2291891576
3.0605075175
0.5000102374
4.5096473097
4.1339490846
4.7580255976
3.4406043538
1.2846080559
0.4909907050
0.2646254355
4.4871968692
3.6887107572
0.4689412572
3.4110671860
0.4980755786
3.7279732046
0.1541254894
0.7304837982
3.5504456286
3.2952633314
3.2657501850
1.0513588932
3.6942995809
4.2512676572
2.8661076625
4.7452275279
4.5256030437
2.5606963849
1.3905169625
3.1488058525
4.4541680412
4.0002439810
4.3638395089
2.1832349534
3.7862495334
4.3946014452
0.1979367010
1.1998265925
1.1111364857
0.1987740256
2.4783567213
0.1985694362
4.5773567023
1.7058536713
2.9154484024
1.8522640168
2.4607383201
4.9741118577
4.4372278266
0.9881983988
2.5972594926
2.3188233690
3.7865200253
2.0465746520
4.3027854244
2.5637380006
4.0166402357
1.4693940632
0.9944776172
0.1838427635
1.7872682443
3.3472768745
3.9205280153
3.5623848352
0.6899319483
0.0399255170
0.8922097610
2.2265630381
0.5910039686
3.9169591429
0.2819605413
1.5914758262
3.2953045099
4.0710970400
0.5308630980
3.2325944615
0.5968962455
4.5197195736
0.1166244439
3.4030940528
1.9026793780
0.4213829349
0.1277697366
0.6218302389
2.2617987383
0.5317285095
1.9206726747
2.9667283355
3.4981364189
0.0523544188
0.5932807664
1.8311125332
1.6783845314
0.1836760454
1.3736249241
3.5294280614
4.8240998182
1.7787894451
2.3137176434
4.2944069175
4.3280865767
0.1631867849
2.6121565807
3.9886306244
4.2144132508
4.2913016362
0.3141997107
1.6864093294
1.2039426574
3.2648544173
0.2994284996
2.1718082097
3.5456727178
4.8525198227
4.2481557190
0.1785174141
3.0462953104
3.9913690139
2.4528787227
2.7782134622
1.4896620226
2.4867949948
0.8253662678
4.9453559505
3.2633987071
1.8812802579
3.5490613570
1.8053863935
0.0964624175
3.0586067854
2.4866731553
0.0555538739
3.2193360592
3.8672601322
1.5110318771
2.2567176923
3.3637845182
3.3662869156
4.3610306855
4.1822282136
4.9632526748
1.1532989038
0.8019421833
2.8062464183
3.8552971432
1.2653723491
1.7993630434
0.2766380833
1.1467613552
2.9400885538
1.9979228062
1.8830028692
1.6192042993
3.8798462088
3.0697309127
4.4627296701
4.8304783839
3.8249181186
0.8939937153
4.3295902250
3.6280480968
1.1597198279
1.1195995722
2.9308009817
3.1159999224
3.8557257141
2.4086592466
1.3883313856
1.7116919388
2.3998546149
4.6635397691
0.5352729248
3.0562301898
0.0285223342
1.2960067308
2.2731902295
2.4876648948
3.8476177281
2.2384817316
1.1345610993
1.0948243658
0.4832228212
2.9485424647
1.9968093364
4.1065247269
1.1959108650
3.2836817435
2.4503005049
3.3646107184
2.7749897235
3.3796627301
0.4393890248
1.7246236043
1.5833067871
2.7488497686
2.3686831709
3.5352080216
0.3765160634
2.8115716282
1.8697653722
1.4926370999
0.7044735105
0.2114256714
4.1584265305
2.5416558894
2.0012433556
2.1626215601
2.2589276967
1.5054436274
1.7717614072
0.9927806482
0.0378981752
0.4487272164
1.4283315243
1.1274662445
3.7623487894
2.5974180415
4.3627737731
0.3031595405
0.8881804356
4.9096934753
1.2572676832
0.4740802293
1.6898840030
2.0869296818
2.6389367331
2.0164687675
4.6793660498
3.1636651879
2.4233210543
4.6436129144
4.1306281108
4.5748117073
4.0265296630
1.2785536768
2.3541339898
0.2822314448
2.3646216113
3.7322091640
3.1550016660
0.6837951308
1.2143326245
4.7863981743
2.4956623324
0.4239739143
