2.9101713817222445	94.57805932111945
2.026556523989988	65.57077441603278
1.6236026684458558	37.0868183955069
2.0546655042039315	58.66324082174981
2.0342680061122853	63.98477645242914
1.6512905587230018	85.39579625686483
1.4892776260831773	60.413673210027596
0.6868202790671898	94.65466279693642
0.0	0.0
0.344777633092353	85.81546566519869
0.0	0.0
1.776440909991846	79.50876884155376
0.491562483570219	78.86613880405955
0.0	25.0
1.3765565365688208	74.62704920893707
0.8037120198795072	68.40704334103424
1.4325037787261332	78.03317433737077
2.0569522984043527	61.81725934589504
0.30155316224978723	90.24715143159143
1.5075869128286856	57.25170895390457
1.969478992472042	72.37214247653114
0.4387494430577072	71.8570975344647
2.311607035187257	65.39449290177811
1.1634394072207148	68.56631097863655
4.5994776413232445	84.62077829212976
0.8443345250883566	86.40641264409889
3.7877006248874756	98.48439453987747
3.576028881375803	51.1519302417355
1.81830617520784	72.28001910770412
0.0	58.33333134634947
0.7491669613257714	73.40167910384197
0.0	29.16666269302368
1.146633086054454	70.95510199440417
1.050145694671094	65.48080897079585
1.4920425294406785	79.70476306017605
0.8280439711667464	57.34107280478615
0.6591500118746939	54.964025731553704
1.3993954086861484	80.83385068460687
0.0	66.66666567325592
2.5901204029998115	60.77985974419149
1.6538725343109753	64.13856831986176
2.7837104340370518	53.86207968701626
2.09252931864488	44.74113313912855
2.5896679399018114	26.82552015582116
0.0	0.0
2.939720227496023	96.64917728997538
1.9440133482454196	48.708673994634445
2.276462260419388	89.44586088697208
1.7087542412430459	75.83086613331587
0.22946786562890423	92.48451376193046
1.508154485248119	97.97311099196608
3.814806252602041	86.51985469439771
1.5697528071295077	53.27039280314221
1.7338098884737656	12.024386917477647
1.6009398707849742	65.8892264065994
4.207412883075991	70.80929267469529
1.7240501738744387	96.81336571084796
0.0	0.0
1.3302866750266493	48.82584088162213
4.805226366792915	92.36080174448739
1.0497180389648362	4.407631845312721
2.0057359279795257	86.85475329444584
3.4092282807542267	46.491349881177676
0.6951568164982929	70.52277437702251
0.6028732506391652	71.02813941930867
1.0691712489025744	80.3841911782005
1.6427495234271485	56.55262353930182
0.9131749446428423	85.8416584830501
0.9934025327473383	90.78957747310122
0.6077722376050003	50.021786162345684
3.040522153749607	61.041580420785024
1.6171664280652165	73.30992441562569
1.2167602786823433	70.33287145886833
0.6498046690763706	72.8903310579023
1.154335929776951	82.65656246200808
3.833898147193197	58.79510001220572
1.714546993609904	40.67824743091606
2.78583191082666	66.39125032202729
0.6860442730929228	70.37893147390166
0.617457400607791	86.48673725595044
3.866847481804415	59.8100377901486
3.5359522261564056	50.011832582641766
1.0906551636524362	31.34415299200919
0.3695574494054339	84.64643438823146
0.4445524212081736	76.29773461598339
0.3208524276790759	82.45350394631433
0.3905265773774599	81.8236962224555
0.6950164448436308	67.65251049176618
0.6856717396114093	79.86035626658851
1.5259290140220902	73.43081387526962
4.504956387386783	81.1785282090279
2.514503863332144	25.29091871484911
3.499200208127836	48.977608386247574
1.5465562602562086	95.99195227772374
1.379757313958891	71.16012428604638
2.2187944761987017	71.11248288109567
2.094655758003436	71.75295135504565
2.644783841276874	75.30261949820512
2.770957619065701	90.41834954783371
2.9399996124438883	58.15593870428647
2.706230600570298	29.294736253852307
1.0710341732199267	54.76366842903897
1.6729206242797978	58.65775297535968
0.4131738447134802	78.19436318910047
2.106710755874829	59.962711806406624
2.4882365307152132	54.06329155201691
1.511971083900746	70.58575321547951
2.2995128017278526	49.41640217739172
1.6794303893338873	78.78181946076815
2.150383971291647	71.09827174829687
0.7830024021070159	77.47038647033938
0.0	0.0
0.752564217831718	68.54109762091376
1.9390318167080052	32.69338246637964
0.6668901269255261	82.83315909897725
1.1600883972330724	88.93377263015965
1.9305442028282935	34.55627349156445
1.616833199497774	70.91319675998568
2.508834683718804	83.48136482026602
2.0273269551247446	77.11698166000227
1.309494212475175	6.859100370023907
0.8382842651246691	97.63535496561647
1.858088561092739	46.89927216539659
1.7143002876872258	57.94232807593589
0.5286024711290815	88.28145353331675
1.2458824777707576	81.80346777542414
3.951745286115205	62.465163225334976
0.5547334687520887	48.10579320546287
3.7428758426819764	56.03647829492926
0.5784478924221133	89.7507658050158
2.6971352069888503	29.09815329911516
1.3868715043609066	35.25820037124417
0.8406206462540202	67.20657231828176
0.0	79.99999970185921
0.888681321696	70.92404425995237
1.8275963096982908	88.93631625170723
0.663790444264064	88.81235464858813
0.6441556829562998	55.54714930836167
0.7732626991895419	47.681986969634224
2.0243299970736075	16.391647748208126
2.0540298431470623	70.59722001512255
2.746387569153614	65.2274382933413
0.6318591301625529	76.30870414431719
1.3307958834349798	75.33510029613221
0.8824185425614367	70.8057331654
1.259022962423653	62.68111055928025
1.4893037688647794	53.23506442610124
1.4220022387892148	71.81399940382096
2.446091981012683	69.23352615404997
2.924979473157798	70.6293595647705
1.0638509968712653	54.19108323842998
3.4376785236644154	47.2705345282542
1.3942009319052509	88.49747052395574
0.5799499735869861	95.1318598668454
2.619109104340308	81.40228800280505
1.7706771014417855	73.4259946438878
0.7254552014366267	72.98208847653913
0.0	0.0
1.5142369975482115	81.73708837310389
0.4248884090573806	77.88848256242099
0.4408930276722769	83.88773288104558
1.4060530249193643	7.907940435539573
0.9951701114507079	27.315512721019665
3.1208751710061504	95.06759274435012
0.5686495451840766	88.14839584507855
3.0159703027837197	36.384307469093294
1.0883808676401185	72.93109743343707
1.200996636988497	77.88552450194858
3.593239857590551	99.60319765133914
1.6865550487745218	74.5892222991114
2.9206131555461257	92.09187970783424
1.7026541404069935	68.70299903506883
0.34260392752538643	85.71877967590143
0.38100049035060024	84.16204807055661
0.0	0.0
3.3667657340144412	45.3404460309352
1.7903471111714833	92.9700083540493
0.0	79.99999970197678
2.1096828381424437	38.030325215090656
0.5227076533388152	80.02648209407756
0.0	0.0
3.3718387325633525	88.68100794261807
0.35602075871833405	85.56386173271923
1.1171718348890463	94.96916653870974
0.4570255861452161	88.34626996062387
1.862265166727506	93.69625117764812
0.0	0.0
1.4484466078620206	64.02928284607964
1.83369412770849	79.49370543652982
1.0008326902285907	99.24529258973489
0.6684685988182094	74.86939267391648
0.44823835763010156	96.88024838956636
2.2957479540474317	49.327428407910666
0.6700748510808091	90.97882936046314
0.5217027024439244	79.84525537310525
1.7876171905702563	52.50678209523225
1.814005640599484	53.07702954286424
1.4599373323462586	8.525668057513236
1.5269454724380322	46.65154100039162
1.4117650342209453	26.233455338452693
1.7109014324750846	57.8663002261881
0.3538603893566034	85.77887639596655
0.0	44.4444477558136
2.3142012316959675	53.5628124841767
0.7604111987450712	47.86182358170251
0.2995718919310649	85.67559485632657
2.887976312110396	83.37577293099544
2.7479260807501933	30.204390981068464
0.7722031987656032	58.54353929908036
0.0	0.0
0.7885504159684793	72.1064208144859
3.686248934777378	54.353724836589414
1.1414487318462645	65.88458739779095
2.5230728432642047	58.95144838622569
1.8745227902948414	58.85931421146422
1.7605018495561777	60.66244187670059
1.9984842813840253	48.45178873015158
1.4253876728115404	83.79695878387243
3.782503658542951	57.229335707563244
3.135015878382986	77.41773097447171
0.9867187683425913	48.3428786715038
0.5164979589410597	84.73513288172654
0.6379805272940493	92.87291607208067
4.016112412707027	64.51663564599782
3.1772280879722525	40.37911329199927
1.6055509410783888	69.06293176353611
2.164473672551982	78.17606297640334
2.1762135652554546	76.76325501171999
2.0054283260763706	82.1739421682358
2.0696798837850587	83.89474240079183
0.0	0.0
0.0	25.0
2.6549371335921244	58.47262334179999
3.1881079075779137	79.20817082859107
0.0	0.0
3.987100954698776	63.587896091839546
0.43953259948952084	63.68255173985666
1.089197950855354	86.1826689214086
0.0	86.60714328289032
0.7432672409162082	92.64964273569393
2.518385656686463	53.716475075476346
0.6130634969858932	75.70797202474203
5.0	100.0
1.3316884964402114	83.53263701949577
0.7029737656625925	89.06076629752597
5.0	100.0
3.84166290249188	59.03349542552934
1.9132171085413394	89.89177751678159
2.856147388631544	55.823043533865466
0.44073087857909443	91.37294915778344
2.1434569798836494	70.00147870225273
2.722783844770851	94.752001040193
1.2838418203300581	51.7741181293681
2.7719129074161613	80.24219437016838
5.0	100.0
1.6830730353243215	64.84013168690478
3.959425181944533	62.708191085666
3.371561664451706	94.14004427743546
4.799108014213189	92.12575092834103
3.0357779501127666	74.15172139941798
4.184614860475721	70.04400612205696
3.06561516065655	97.64717640478263
3.2885273236963	82.67686377971815
3.5306194078204562	82.32636489356422
2.604508222905187	27.13385233272294
2.964045557699552	94.86350679787178
2.374360422733056	67.15885484067927
2.9156092165868506	94.34996597546838
1.680208041557064	72.5847925033042
3.5067569204600106	49.18937639677671
3.415302144367583	82.2100010827726
3.768537699159771	56.8075055599537
4.262287970364367	72.6683949692512
4.425922079093039	78.35514500081298
3.4818686503061382	84.57119267834824
4.908108281746973	96.35810762141288
2.0009003510117935	70.35114761075032
3.217689368541859	96.23744081646522
1.6559690536508396	64.94351478763764
2.335259323619793	83.70917990464335
2.014634266785133	16.235004915619488
2.9738664766296736	72.16736971104953
3.6967165775269253	67.96553421938178
4.1496002073586515	68.87672752364384
2.2701766082455284	82.4814658691558
4.903710166439885	96.18549358578355
2.159644589120867	75.5055921023918
3.1765614518556746	81.70598747016663
2.7801080011706376	94.66553101751921
3.2830592828002603	71.81327756002935
5.0	100.0
2.993679584312719	35.848469814123085
5.0	100.0
3.251173932748865	96.75412110233933
2.088821365435783	70.74777022478344
4.939348972222304	97.58867307757413
3.113341277247845	38.771575634460966
3.4671929366844205	48.08570744077735
2.595342147743682	88.93123113525778
1.4594559733436814	68.16224534508409
2.7376474546079783	55.647051498936825
1.7216348134855577	64.21513031228683
3.1992903769881447	82.4964397741623
2.135091784951885	92.40719236974402
3.2470524746425733	81.23119878977312
2.898804161909525	92.11326365005638
1.694194643637266	72.96236392423361
3.613145928287276	98.32155121862512
2.770758479064199	30.708410197224612
3.4447820672125724	47.466093962357306
5.0	100.0
4.08025425174697	66.5938990355969
2.906548994493389	47.54679030057167
3.42804920618825	47.006085440191555
3.624765077571253	78.56629918354122
3.019857466536764	94.2637573517088
3.421375211305329	46.82323334613835
2.54645600835972	83.22958391476692
3.324598429602857	44.21181887247112
3.9024630737241988	73.1976319911994
2.1333603213226486	18.204905042375497
0.0	0.0
2.91119838846571	33.9003042280214
2.8242333703842286	88.54828243450791
2.927194340964123	64.1266357409483
3.406119608768314	94.68187494800237
2.319404916011404	57.57271267111608
4.832366646492638	93.407069624538
2.993041103536735	35.833180189841585
3.209154679840492	79.92626004875804
3.1616378449678613	78.31175393457612
3.4390314783485723	47.30775003628946
2.961896140151868	35.09131498018614
2.691876886626268	91.35490695902106
3.7851738977598792	95.90670685076155
2.102908573808367	58.705772980929005
3.148063108469286	64.23611619517764
2.365826080174206	22.388532166529796
3.3100816969299536	43.82656336140271
3.4973327736998145	48.92534611997934
2.994278763770733	35.86282126067355
3.322915741050445	83.88943478464442
2.0261061710256176	49.05815304425843
4.039717142081683	65.27725835211442
3.009788544726611	36.23530833587012
4.1312521657339305	68.26897782752518
5.0	100.0
5.0	100.0
2.9995113137964022	35.98827248637048
3.684139865219222	54.29154618599002
4.800812499146693	92.19120260785249
2.814621885228992	67.25118056965336
4.826064461370329	93.16359274120677
3.2436090061105274	76.33022691790825
4.960258013577679	98.4166382450463
2.372707948261758	55.02529604130412
2.748931467658151	67.88461444136829
0.0	0.0
2.4084026697169882	23.201613677999667
4.909538702199314	96.4142810735717
2.3907510650411643	87.36960738309804
3.7803696429328304	98.78029526822348
2.346294840067568	60.25429009880532
4.81956903513788	92.91298273783949
4.597985436955468	84.56588031381825
2.0048808086578567	66.79697693049513
3.4869479259453167	48.63522335301739
3.4483517076912147	47.56451799974767
3.151522971799082	77.97118422281237
0.0	0.0
3.669677791643946	81.30603864813783
2.644114035205628	27.96535612468556
4.134463000220217	68.37513720075982
4.386451187013277	76.96381606420076
1.4085764138361667	53.22724718098091
1.932752073120271	46.192055954482925
3.4337574438285934	87.88368097625748
3.02736340047057	36.65971663403492
3.4680876676898187	95.92617643993913
2.934121254420954	99.29972337713198
3.6101134331261147	94.508901333534
2.4931220191794665	66.68191519842597
2.9182899436949157	70.42088637584465
2.253727297106758	20.317146918896533
3.0440867524891186	96.8053706027504
2.3098524362937125	70.3640464786753
3.586110178766027	77.23898650719185
2.5577588400031894	72.58611187837458
2.9283793008157537	99.53054994178451
3.6554111038759363	96.2641618044773
3.2949963886870353	43.42800480584241
4.644438414203803	86.28323273332772
2.064391265433264	91.86434803137332
2.9476087591282223	52.218388100065916
1.9972373068200568	57.2670717917538
0.7683042028879916	61.758421187147114
4.386220654751153	76.95572652866251
2.0077572782586124	80.4365394767784
2.1827969839507975	99.98970809385948
3.139114983108499	94.30638581344046
3.6140736074251176	87.92362641222648
3.421513637691012	82.42838081583331
3.5453421153735616	77.00003352414679
3.8454920487539876	95.55068069845318
5.235265975062041	90.36796068143079
2.044769188703744	43.72491538925707
2.4445341376355176	54.51113840251393
3.039382737405062	92.4779306170383
4.008937909611472	64.28633265248
2.83012504934464	67.71790823961601
4.989151246324656	99.5665206348115
0.9226681110617253	47.504267319768466
3.0141527055793693	36.34046613020572
4.117857249197645	67.82699329907837
3.063040309982444	61.70130624196888
3.4321199603004766	47.117789687571765
2.469133000998553	65.67206896303229
3.275027098414489	82.20427997519589
4.808617774032116	92.49121958695032
3.261260813154441	72.16944527459042
2.488086529388858	46.38142733502942
3.237315590093364	41.920848919446186
3.5343316488789007	49.96600081706819
4.982513745260146	99.30177288682516
2.6414655404655623	85.77813391985228
3.5001875811771304	49.00525241370646
3.077519084830934	37.884494869994526
2.1839630202030222	71.79795950970544
2.881262517923031	99.77453022123076
2.0579750921860462	54.20148775479352
2.906280730095267	70.04782763798976
3.9233656201919764	61.571191158817484
4.38352548864654	76.86118283845555
2.878054542648064	33.132791801828645
2.041332854382796	70.24065698019317
1.8063771267998985	47.59300513731502
3.2425007382520086	95.21160935958515
1.9475623584201172	34.06190385288047
3.1240728550141594	39.03932481374528
2.2396312414341963	81.47961063145486
4.065943592733075	66.12758919714858
2.1107042993512173	60.899824399802505
3.443905519196129	73.59698905909207
3.0280240303114754	76.67900687400525
1.887577244215057	14.251791411514025
2.1408679385178515	81.95892720195125
3.5781313814807576	51.212096732549576
2.333586378991276	79.00810115879456
3.095388502943775	38.325719936626015
0.0	0.0
3.5462349948094847	50.3031305536457
2.069824159339454	37.230694986582094
5.0	100.0
3.729396166355122	55.63358306249714
3.7020626374091945	54.8210710852045
4.942476717189351	97.71230439983528
2.4174618092189855	68.39805989569548
2.912860875117956	97.749553007879
1.6152597013545966	98.51630964131411
1.6478655911910165	84.88692044330037
3.1480888021563387	64.23689269770891
3.434507555315647	47.18336859008105
2.857651004885393	82.33034548062201
1.3753584827126049	36.98454279522741
4.0243826338789885	64.78262233546714
2.9058006745043556	67.38729632867096
4.215731602730989	71.08957178505915
4.646376431560525	86.3552557750445
3.7491666497465514	56.22500227028711
2.462251511542127	57.334306699154624
3.5067450093172035	49.18904224148446
4.189490944309088	70.20733748979143
3.5727464489073375	96.29130277639058
4.889723341343954	95.63757741953556
3.0873213314310184	71.24164522654175
2.425176151194224	75.14146793165587
2.4279698437095547	49.8012690721952
4.014108882449879	64.45228048065205
2.60183658464271	43.44653080313252
5.0	100.0
4.257722349404275	72.5127984184666
2.8753763716178398	50.29560813009451
2.8060065220796737	54.460298043936106
3.3486275542710224	44.85322598889252
2.6345444603196384	54.70412085777985
3.930043551767869	83.10682202876436
5.0	100.0
0.9074167544948755	61.674343158996926
2.5146367972166654	54.742545603922785
2.48553931766842	64.74614656923346
2.902366221401003	93.73651391536478
4.276150548279503	73.14185404620436
2.826601056277287	96.89328585990113
2.411745819905467	52.135741015955176
1.9778487165829108	35.44371972047355
4.2157489427769805	71.09015659410093
4.1273102507770645	68.13875962467776
3.2777240946562927	97.79418086957129
3.312474536410309	43.88995021746677
4.0881747905159465	66.8526924712404
3.5911676113839492	51.5859392522124
3.5854003372679983	51.42038231392589
3.9064598261212344	61.04171349239659
4.661456435174368	86.91670438811411
3.4823370803841787	85.08927678150063
4.931346124154564	97.27269838485698
3.3219365739632654	44.1410504057392
0.0	0.0
4.761405398195564	90.68392546386345
4.918140569242147	96.75242663530189
3.4857637864432833	74.98930608342938
2.925110182905944	34.22507832856018
3.951798440196368	62.46684364775378
4.30758487896293	74.22114995788034
2.8373233090305074	32.20161423987131
4.977126497423643	99.08715268542615
4.932311675282265	97.310793848503
1.956421221364707	50.78126123381954
3.5981318830888096	51.786212192400896
5.0	100.0
2.2056081178545304	19.458828678183217
4.35303570963831	75.79567955754523
4.1262165983072165	68.10265366458393
4.681678338820495	87.67244827272411
4.316800790170831	74.53907624807802
4.5646826496285895	83.3453107672811
3.0932495666262634	38.27277152573425
3.126236298360601	79.97586424824038
4.8232387904230185	93.0545297177652
0.9981802735708962	86.38752813219168
3.883453051804824	85.97038435725294
4.0071019813625215	64.22746515615778
4.082105080954156	66.65432756780693
5.0	100.0
4.975852239825597	99.03642205030968
3.7032031906605094	54.854855485272715
4.4681335182772655	79.8568685486111
2.3405297393022306	21.912317842232664
2.819004780255981	31.787151804424283
3.4394539854787602	88.09249983053721
3.4957186923092283	93.32147731846973
4.097966854988664	67.17332937834274
4.621717868962827	85.4411042411612
2.3022396346541365	21.201229341489647
3.801366244387957	92.25192435113053
4.856939482384147	94.35944454216798
5.0	100.0
5.0	100.0
4.752778662920126	90.3556200748353
4.4195184271764685	78.12857251260948
0.0	0.0
2.0299816448532666	50.600820783994614
0.0	0.0
3.2710424265380356	42.79887422484736
3.459349305719008	94.43810054860108
4.929871068911319	97.21451502435531
3.475543124273617	48.317600034742455
2.58574817756644	49.4205491468198
4.418790565128291	78.10284023386723
4.396932330562224	77.3320556781734
0.0	0.0
5.0	100.0
3.745716867024611	94.37853602955356
3.5744861920888176	72.30388757137376
5.0	100.0
2.642920606635532	27.940117331914927
4.924498470756797	97.00274075394412
4.678513338715085	87.5539482421399
3.8297663184028585	87.06879858915607
2.6176374972155303	56.3116156823956
3.103617398446174	38.529763823751196
2.4702095095302283	84.53511391526878
4.541513063633524	82.50136362861585
4.084370688701567	66.72833569089802
3.582746503765235	67.049215052105
3.67101345168026	53.90535904966966
3.7736486917401315	56.961697794688014
3.88540579795267	89.12928581199986
4.058097321754661	81.85358173257386
4.18941130878292	70.20466845663287
3.0423901675194105	79.99550331862882
2.409644830906846	23.225552844464325
4.02776396965891	86.66174900700571
3.3628307440039578	85.31269660169714
4.590573415480921	84.29345713168067
4.429428978061013	78.47936428674652
3.6283768029213364	79.85923763520918
2.9778075784120017	35.4693518961918
0.0	0.0
4.706113303514434	88.59000970206216
4.929041152261428	97.1817867227467
4.893102043013386	95.76979041336706
3.375806367225129	85.77903268798785
4.201805189063936	70.62066738737848
4.2264447268674115	71.45134011706138
3.0029056928985765	79.06911440127857
4.365582347628691	76.23323693570893
4.188238350743242	70.16536193054588
5.0	100.0
2.18589483651309	52.729225801198254
3.7495297015295597	56.235891930609405
4.07845365770503	95.20850146726589
3.963226129639313	62.82864541862324
3.466973955797872	92.22980043897083
4.5217011874616055	81.78312651476676
4.160591811424272	96.0289576797996
5.0	100.0
4.829110854515925	93.28124658081411
3.125465606517972	63.555629693311936
4.891037382367679	95.68898670287231
3.874295533682081	88.71545549255234
2.1708631448205424	46.45869752666596
4.675572830796134	87.44392518431589
3.9726976957401487	63.12930792695634
4.645050551793094	86.30597851485331
3.669710620452177	96.82280553525065
4.923149810002055	96.94961620689308
5.0	100.0
3.4874469818550717	68.09902377714307
4.364708805719333	76.20273183489553
5.0	100.0
4.879074497782982	95.22147181966504
1.820337673787553	39.263749713602955
4.06549125827162	66.11287668433185
3.036527263444765	58.39057438294532
4.383252701381678	76.85161697667911
3.0568359286281117	61.51905001670037
3.499075654711476	90.29882899943756
4.099828913431991	67.23438847765175
4.365563971806531	96.09479396790238
4.474958568634567	80.10101676398371
5.233928467801191	90.42397117576108
3.411855977604838	46.563044847671456
3.7585804268454504	56.50770730026291
4.271631506213542	72.98734289950471
3.9274684846899985	61.70003479293263
4.916865562074705	96.70226782206478
4.913002161061769	96.55036093839044
4.753907218856447	90.39853538198176
4.016353641395034	64.52438629098857
3.318832513605562	92.00624477846137
4.212751241820846	70.98909210185234
3.873208545671654	96.63162879961953
3.811163794821569	78.89986043866854
4.371480647651777	76.43937221117599
3.8728548487031955	59.9960187164954
4.834381530406817	93.48497912615422
2.9344345537041927	79.72214540284821
4.264006877743803	72.72701861378583
2.599746065807005	70.18075171686813
2.2630326368775218	52.31368914972177
3.8425594860899865	59.061053616560564
4.941777667349245	97.684666054047
0.0	0.0
4.279757138952953	88.4183967146713
4.447561322521864	79.12320687036973
4.636796801216237	85.99953830307649
4.3036272324556055	74.08482942373398
4.929060188529838	97.18253736859918
3.7706989380734344	95.77967943142185
2.8222054528439355	65.66183545817277
4.591222893790467	84.31731064186285
4.591995062376109	84.34567461154626
2.567311581819375	26.364355032575602
3.5824008555695435	78.26793039410661
3.3203097438585836	69.58406253191596
4.062001657929801	95.86597476782356
3.7211777603998946	55.388655697979104
4.2009389651083975	70.59155275426406
4.732269991913475	89.57751710545905
4.151369211738509	68.93546532868164
5.0	100.0
4.275483989081847	73.1190533635809
3.018437232678473	66.86767121496476
3.7048861827594552	88.63090592123655
4.075432078527883	80.80960596484152
4.350366315296937	75.70274830908099
3.761166310553959	56.58548806258431
3.6980847045435232	97.93776257055336
2.38968052363344	48.55286340760123
2.773659989424023	61.787187021313386
4.430024680573295	78.5004746819541
4.930173382613442	97.22643833052027
2.2748723308327605	20.700176486353904
4.739409040325498	89.8479922060762
3.577336395936964	51.189342758781066
2.5557641329771363	59.836961618199325
4.249708212305636	72.24007955895186
3.9194354671057585	82.72616859797273
4.92654445054304	97.0833608927057
2.475260721230981	40.50875720260076
5.0	100.0
4.254035688333681	72.38727855046646
3.272856140530203	88.58942311107889
3.7781235141696907	75.34508776770554
4.341732781540622	75.40257418521786
4.640518447492022	86.13764584605507
4.521721637743374	81.7838662769465
3.512158309116489	49.34102395318399
4.114663362693385	67.72181835316493
3.709464613938453	82.71528329410532
2.8475709577663055	32.43464143805645
4.266911912524355	72.82614907696899
4.868819403647092	94.82160954132169
3.738223084224898	82.82080018769832
4.416955301043836	78.03797652567697
3.733573939742363	80.59799278065556
4.386598132959381	76.9689727203309
4.012035938955552	64.38572950188384
2.247988513863653	45.267260223710146
3.257890810551942	94.43442529555213
4.925616138026499	97.04677735674832
3.319554267347824	88.80853879111264
3.57601017276947	51.151395023002934
5.0	100.0
3.396713294257721	89.59936118620078
4.939405397704231	97.59090273147876
4.937074218684836	97.49880736320995
3.021142582177431	59.463349226478755
3.9373388876579902	62.01055006505543
4.496484921910358	80.87350661186879
5.0	100.0
4.454519503336839	79.37097602243314
4.893363819484168	95.78003787934675
3.247390664270864	83.69297917189766
3.6128334703003517	75.19768602168486
4.151275106862241	68.93234005141645
4.3385998599202695	75.29379497800073
3.783291231937758	85.37046363612534
4.227517318936751	71.48761072764073
3.0272766973914056	76.65432328049624
3.9302904450241294	61.78873192899187
3.8488888901622214	81.70539959965784
3.8127574611396966	58.14847782990569
3.5535984241538587	87.16652647785975
4.445153007839798	79.0375410524288
4.050514489651931	65.62667052352099
3.4937255018725724	99.01177382083239
4.068091023260695	66.19745829413696
2.6840828221827344	76.24550311301832
4.13297149865126	85.9175751004864
3.278823746504985	88.77527331694365
3.933016548731681	61.874476690389045
3.662826101138596	69.6279819512641
3.970871258223172	86.1078899877684
5.0	100.0
4.828610325831996	93.2619107149255
1.9227859799962999	14.788423699481324
4.689634295162367	87.97067928945214
2.491994584696501	52.21035966300178
