4.74
1.96
1.52
2.11
1.6
2.46
4.14
2.46
1.83
0.79
2.01
2.29
1.71
3.12
3.34
3.9
1.95
3.42
1.00
2.95
1.73
0.61
1.74
2.87
2.99
2.42
3.13
1.68
2.1
1.84
1.8
3.29
2.91
1.96
2.96
1.07
4.38
2.15
1.75
2.75
1.83
2.00
0.81
2.39
2.65
1.82
3.07
1.93
3.08
1.00
2.45
2.33
4.35
2.76
3.39
3.37
2.28
2.91
2.13
1.76
1.56
1.58
2.42
2.13
0.00
1.84
3.03
1.00
1.91
1.71
2.98
2.55
1.83
1.98
2.9
3.3
3.27
3.15
1.87
1.00
2.27
2.75
3.06
1.63
2.09
1.77
0.99
1.55
1.00
1.66
4.14
3.01
2.49
1.65
1.78
1.83
3.43
2.85
2.02
1.85
2.13
3.31
1.95
2.07
3.35
2.97
1.92
3.23
2.14
1.46
1.93
1.84
1.71
3.27
1.00
2.67
3.12
1.78
1.86
2.96
4.11
3.3
2.14
1.9
1.98
3.24
3.22
4.29
2.15
1.9
3.94
3.03
2.98
1.72
2.79
2.78
1.57
2.88
2.05
1.71
2.83
2.26
1.64
1.64
1.64
2.31
3.15
3.23
2.27
2.02
2.81
1.77
1.00
1.91
3.44
3.17
2.37
2.08
2.76
2.13
1.97
2.06
2.39
2.23
1.65
1.73
0.85
1.81
4.44
1.92
3.33
2.03
1.00
0.8
2.32
2.9
3.02
2.25
4.99
1.69
3.1
3.33
0.00
1.72
1.00
2.78
0.83
2.11
0.63
3.83
1.61
3.03
2.11
3.38
0.61
3.28
3.06
2.96
3.11
1.77
2.18
1.78
3.07
2.73
2.36
0.00
2.39
4.16
3.25
2.25
0.65
3.38
2.01
2.27
2.02
2.64
1.84
2.83
3.18
1.00
2.16
1.6
1.2
3.11
3.06
1.77
2.33
1.66
0.81
2.13
0.84
2.96
1.95
2.48
2.78
2.63
1.66
2.07
1.62
0.00
3.11
3.1
3.17
1.00
2.07
2.78
4.5
2.47
3.88
1.57
4.1
4.42
3.37
3.42
3.95
4.5
3.98
2.76
4.18
3.29
3.28
2.19
2.75
3.39
2.85
3.45
2.75
4.1
3.05
2.89
2.13
2.05
4.99
4.19
3.35
4.5
3.3
4.47
4.73
2.95
3.33
2.72
3.33
3.9
1.74
3.02
3.00
4.43
3.08
5.00
3.3
4.21
4.2
3.23
1.97
4.94
3.08
2.68
3.24
3.22
3.39
3.28
2.81
4.5
4.71
3.03
5.00
4.97
2.11
5.00
2.98
5.00
1.42
5.00
4.45
2.78
4.5
3.92
2.00
4.34
2.00
2.97
2.17
4.13
4.21
4.18
2.8
4.5
3.33
4.41
3.34
2.69
3.81
1.96
4.95
1.66
4.39
2.17
1.92
2.84
1.69
3.19
4.41
4.3
3.12
5.00
4.93
4.67
3.15
3.25
3.00
4.95
3.14
4.91
3.29
3.18
3.17
2.92
3.05
4.65
3.25
4.45
2.17
4.73
4.5
3.97
3.88
3.12
2.84
3.82
5.00
4.46
4.95
2.76
2.87
4.41
4.7
3.22
4.95
3.11
4.99
4.12
4.99
3.11
3.26
3.39
4.13
3.95
2.93
5.00
2.91
2.92
4.75
4.94
5.00
3.24
4.45
3.34
3.3
5.00
3.34
4.74
4.97
3.26
4.99
3.28
4.94
2.75
3.26
3.93
4.5
3.31
3.92
3.88
2.25
2.84
4.95
3.42
3.37
3.08
4.21
3.92
3.83
3.93
3.88
4.00
5.00
3.00
3.29
3.37
3.37
4.19
3.13
3.27
4.95
4.99
3.12
4.42
3.1
2.29
1.74
2.17
4.38
4.47
1.74
3.37
3.38
2.94
1.68
4.38
3.95
1.28
4.95
4.5
2.79
3.83
2.78
4.49
2.27
4.38
2.88
2.48
2.35
4.74
4.23
3.34
4.08
4.67
3.93
4.36
2.02
4.42
4.44
4.4
4.97
4.19
4.44
4.2
3.17
4.3
4.92
3.23
4.93
3.97
3.36
3.16
4.2
2.02
4.38
4.93
3.45
3.19
2.26
3.34
4.95
3.88
5.00
3.18
5.00
4.38
4.95
4.93
4.88
4.95
3.93
4.41
3.3
4.95
5.00
5.00
5.00
5.00
5.00
2.92
4.38
4.5
4.95
4.4
4.24
4.9
3.21
5.00
5.00
4.95
4.67
5.00
2.88
4.72
3.92
2.92
4.39
4.9
4.73
5.00
5.00
4.74
3.14
4.17
2.84
5.00
4.36
4.49
3.36
4.92
4.96
4.42
5.00
5.00
4.95
4.75
2.82
4.19
3.95
5.00
4.99
4.95
4.95
5.00
4.97
4.44
3.09
5.00
3.36
4.83
5.00
4.15
4.99
5.00
4.43
4.96
4.88
4.37
4.71
4.5
3.11
3.13
5.00
4.95
4.95
4.95
5.00
4.25
4.4
4.35
5.00
4.95
5.00
3.97
1.57
4.5
4.98
4.49
4.37
4.95
4.5
4.43
5.00
3.37
5.00
4.41
4.13
5.00
5.00
4.41
4.99
3.06
5.00
4.46
4.94
4.08
4.42
4.45
4.95
5.00
4.99
5.00
4.95
4.97
1.76
2.85
5.00
5.00
4.5
4.97
4.71
4.45
3.33
4.2
3.39
3.33
2.00
4.96
5.00
4.5
4.95
4.96
4.68
5.00
4.46
3.97
5.00
5.00
5.00
4.38
5.00
4.37
4.16
4.85
4.95
4.94
4.24
4.41
5.00
4.42
3.35
5.00
4.5
5.00
5.00
3.24
4.96
4.85
3.05
3.23
5.00
4.97
4.37
4.34
4.98
5.00
4.22
5.00
3.92
4.96
4.38
4.97
4.97
4.13
5.00
4.46
5.00
4.73
5.00
3.00
4.99
3.06
4.46
4.94
5.00
4.95
4.99
5.00
4.66
3.92
5.00
5.00
5.00
5.00
3.36
4.86
4.47
4.4
5.00
4.44
5.00
5.00
5.00
4.47
4.91
4.73
4.42
4.42
4.29
4.95
5.00
4.95
4.95
5.00
4.97
4.97
5.00
5.00
4.41
3.21
4.93
4.96
3.38
4.95
5.00
4.5
4.42
4.5
4.15
5.00
4.47
4.93
3.21
4.75
5.00
4.96
5.00
4.41
3.13
5.00
5.00
5.00
4.95
4.22
5.00
5.00
