3.3
1.63
3.22
3.37
1.58
3.26
1.95
3.23
3.31
3.39
3.17
4.42
3.25
1.47
4.23
3.1
2.3
2.43
3.29
3.2
3.26
2.53
4.31
4.92
3.15
4.31
4.36
2.5
2.22
3.35
3.33
3.32
3.06
2.03
3.33
4.94
3.32
2.59
4.39
3.21
3.34
4.8
3.26
2.16
3.31
1.97
1.59
2.93
3.33
3.24
3.37
4.38
4.41
3.21
4.36
2.05
3.18
3.02
2.95
3.1
5.00
2.27
3.31
3.21
4.35
4.3
3.3
3.24
1.95
4.38
3.24
2.14
1.54
1.38
3.41
1.77
2.21
4.4
4.33
4.45
4.49
4.4
4.97
1.97
5.00
4.92
3.4
3.37
2.31
4.87
2.08
4.18
2.68
1.88
3.33
3.26
3.07
3.32
3.24
1.52
4.37
2.19
3.27
2.13
3.34
4.42
4.4
2.15
4.44
3.25
2.11
4.32
1.85
2.09
3.39
0.52
4.38
2.16
1.43
3.28
3.25
3.33
3.24
4.95
4.96
1.81
4.97
3.25
5.00
3.36
3.22
3.12
1.66
3.32
2.05
3.17
4.31
3.27
3.27
4.45
4.48
3.32
3.35
4.93
3.38
2.93
1.85
4.41
3.09
4.45
3.27
4.32
2.14
4.44
3.27
1.82
4.32
3.23
3.08
1.78
3.31
1.24
4.89
4.97
3.09
3.15
3.39
3.34
3.36
2.09
3.35
3.25
4.99
3.19
3.36
2.03
1.61
1.73
3.04
0.87
3.42
3.25
2.15
3.08
2.7
1.67
5.00
4.9
3.33
4.98
2.98
4.97
3.31
3.4
3.32
3.19
3.12
4.48
1.58
1.13
4.94
3.3
1.77
3.32
4.33
3.35
4.44
3.29
4.31
4.44
4.37
3.33
1.99
1.7
3.34
3.15
2.09
2.11
3.3
1.57
3.34
2.44
4.25
4.98
3.37
0.74
3.07
3.43
4.36
3.26
4.43
2.53
4.45
3.09
1.64
3.41
3.28
1.85
3.23
3.1
3.35
2.17
3.21
0.71
4.99
1.71
1.94
3.34
3.17
4.4
3.36
3.26
2.13
4.41
3.28
2.69
2.93
1.7
2.22
4.95
2.17
3.2
3.29
4.93
3.06
4.44
4.42
2.49
3.31
1.05
3.36
3.26
4.4
4.44
1.79
4.36
3.34
3.33
3.16
2.36
3.29
1.16
1.58
1.48
3.05
1.8
4.3
3.37
3.24
4.23
1.97
3.24
4.44
3.23
4.32
4.37
3.35
1.87
3.3
4.98
4.99
3.26
1.86
3.26
3.29
3.06
3.21
1.64
4.27
4.35
3.33
3.32
3.06
4.42
3.04
2.19
3.05
3.08
1.84
2.01
3.31
2.13
4.46
1.94
3.35
3.33
3.35
1.87
4.35
4.99
3.41
3.36
3.22
4.4
1.62
3.15
4.46
4.46
3.26
2.37
3.32
3.13
4.32
4.3
3.04
1.71
4.4
3.32
3.1
3.13
3.32
1.72
2.11
2.00
3.3
4.42
3.29
3.24
1.79
2.17
3.21
2.06
2.17
3.23
4.26
4.22
4.31
3.1
1.55
2.11
3.29
4.31
3.25
3.2
3.23
3.24
3.15
3.36
3.05
3.24
1.68
2.19
3.35
3.13
1.56
2.58
2.21
3.26
3.25
4.31
3.29
3.16
3.34
2.27
3.36
4.91
3.33
2.2
1.84
1.71
1.56
3.15
3.35
3.33
3.2
4.93
3.24
4.41
3.23
4.29
1.52
3.09
4.99
2.17
3.35
3.18
4.33
3.39
3.27
3.21
3.07
1.92
3.18
3.32
4.98
1.85
4.41
3.31
4.29
3.31
4.43
3.39
1.86
3.39
4.43
2.89
1.66
4.37
3.28
2.11
3.31
3.3
2.4
4.89
1.7
3.15
1.88
4.4
1.88
3.32
3.32
3.29
0.81
3.06
4.38
3.26
3.25
3.22
3.25
3.4
4.95
4.36
4.3
1.57
1.78
4.19
1.79
2.93
3.39
2.27
1.91
4.32
3.37
3.22
4.9
5.00
4.94
3.31
4.39
1.41
2.19
4.38
3.06
3.32
3.2
3.37
3.24
4.41
4.41
4.33
3.36
3.28
3.3
3.34
2.15
3.32
3.32
1.6
1.65
1.87
1.18
3.38
2.07
3.08
3.37
4.39
3.09
3.37
2.17
3.3
1.97
3.24
4.96
4.38
1.1
3.13
3.13
3.23
3.22
3.34
1.81
4.95
4.42
4.42
3.21
3.18
3.17
3.33
3.25
3.13
1.86
1.54
2.33
4.38
1.9
1.56
4.97
4.4
1.58
4.38
4.44
0.83
4.98
3.36
3.31
3.39
3.13
2.72
3.22
4.35
3.3
3.4
3.32
3.26
4.94
2.79
0.56
4.49
1.77
3.31
4.95
4.27
4.99
1.92
4.33
3.18
2.55
4.96
4.31
3.07
4.32
3.32
2.74
3.24
1.86
4.41
3.4
4.36
2.03
2.11
2.91
3.03
3.3
4.83
4.39
3.38
3.38
1.82
2.47
4.95
1.75
2.79
3.26
4.97
4.4
3.15
3.31
3.3
3.01
3.2
3.13
1.59
3.41
3.15
3.33
4.5
4.36
3.26
4.99
3.28
4.42
3.14
2.14
4.38
4.45
4.34
3.22
1.93
4.3
4.29
1.91
4.29
4.89
2.21
3.16
3.29
1.81
4.4
4.39
3.34
2.24
1.9
3.24
4.44
2.03
3.14
1.17
3.41
3.38
3.25
3.22
2.12
4.38
4.94
4.34
2.05
2.00
4.44
2.23
4.4
3.28
3.33
3.38
2.00
3.13
2.17
2.08
2.83
1.81
2.5
3.25
1.62
4.41
1.48
1.43
4.92
2.97
1.52
4.35
3.21
1.95
4.99
2.75
3.41
2.27
2.88
2.06
1.7
1.98
4.94
4.41
4.96
1.71
1.8
4.45
3.23
2.66
2.86
3.22
4.33
1.62
2.4
3.32
3.29
4.43
3.02
1.75
1.95
4.42
3.24
2.15
1.65
2.15
4.36
3.39
4.4
3.16
2.96
3.25
3.36
3.3
3.23
2.86
4.42
1.69
1.82
4.35
3.28
4.95
3.00
4.98
3.3
4.44
2.66
2.48
3.27
4.4
4.46
3.26
2.94
1.79
2.05
4.23
2.54
3.43
1.63
3.24
3.2
3.35
1.22
2.15
3.23
3.23
1.61
4.38
2.08
3.26
2.21
2.01
1.85
