3.10179220926
5.0
2.43184460061
3.01390152238
5.0
2.53979171813
2.3978863896
3.85267043486
3.24807779988
3.33333333333
3.58843798439
3.10771211237
5.0
2.96463068281
1.34712007574
5.0
3.24460293565
3.90088147717
4.13536272176
5.0
2.10979389196
5.0
3.10771211237
5.0
5.0
3.2311381285
2.7456743786
2.82203130424
4.04074188854
3.64111925547
2.29450365839
4.43224783455
4.0
2.10979389196
3.41586211164
3.75
2.5489074116
3.28206376994
5.0
4.28571428571
3.02188246088
5.0
4.58890052778
2.93378049973
2.07026845217
3.33333333333
3.95877844255
3.12141548221
5.0
5.0
5.0
4.23151566702
2.54769562744
2.6817497611
3.35719287861
3.67141786086
4.28571428571
2.50847227044
4.27821687857
5.0
2.81397079676
4.09701749682
1.51760031655
4.28571428571
3.2148111718
2.28298919166
3.95877844255
3.95877844255
2.59937075468
3.82388299704
3.84615384615
3.07894555961
4.58890052778
1.91502571572
4.27821687857
5.0
2.30717134507
5.0
3.96844845265
3.43200687851
1.51760031655
3.70723023745
2.95861832798
5.0
2.95861832798
5.0
4.28571428571
3.13125112653
4.61538461538
5.0
4.28571428571
3.13879943142
2.33043290209
4.13536272176
1.95438538678
3.70723023745
3.13125112653
2.07026845217
4.27821687857
3.25795596341
3.57991167903
2.00329669159
5.0
5.0
3.1612951681
3.13675023615
3.12619073316
5.0
5.0
3.91016870737
2.53266750412
4.44444444444
5.0
3.26199000532
3.88187057048
5.0
3.21728972718
4.44444444444
2.25400652956
3.63802854504
3.83625656366
4.27821687857
3.33333333333
4.0
4.28571428571
4.13536272176
2.58312033282
3.98148410488
2.95861832798
3.13125112653
4.27821687857
3.62020783954
4.58890052778
2.51691419462
3.74263956078
4.44444444444
2.95861832798
3.91474446654
4.13536272176
4.14231326431
5.0
3.76625952256
2.13957436383
5.0
3.1612951681
5.0
1.91502571572
0.432954172914
4.04074188854
1.91518657348
2.51691419462
3.33333333333
4.0620084852
3.33333333333
4.43261867855
4.28571428571
2.27708071936
3.84615384615
3.23286730051
5.0
2.43243926101
1.91502571572
2.36673356856
3.1612951681
2.4060562253
3.5724379692
2.77005892247
2.5
5.0
1.42857142857
3.33333333333
5.0
3.57142857143
3.32627531555
2.51667967614
4.0
3.61958338155
2.30769230769
2.96198823235
2.51691419462
5.0
5.0
4.04074188854
2.39731024951
3.65185868988
3.00049042702
4.44444444444
3.53985221436
3.58233741843
4.0
2.92642776939
5.0
5.0
4.28571428571
3.10900990127
2.5411802956
3.46474358936
5.0
4.41637905581
5.0
4.27821687857
5.0
3.00049042702
5.0
4.28571428571
2.4060562253
2.80069355454
3.07026845217
2.9832211669
5.0
4.28571428571
3.26199000532
0.309415049851
3.7502532204
2.85116029637
3.07026845217
5.0
3.0217557773
2.59689516574
3.47492040445
2.30398444459
1.29884382089
3.29175116122
2.91811861671
5.0
3.13125112653
2.05451691852
3.63636363636
4.13536272176
2.30953617766
5.0
2.48909676109
3.95711554421
3.29502205054
4.28571428571
3.42107022802
1.00847146832
2.18919533491
3.7941869162
4.16666666667
3.2944726944
2.84358661908
3.28132349466
4.27821687857
2.65794042498
5.0
2.90393574429
3.3529571137
3.33333333333
2.2094148472
2.36673356856
5.0
3.95711554421
4.0
4.17740393143
3.37407177048
3.57921732324
2.92642776939
2.80684938033
2.26331532001
5.0
3.07026845217
2.95861832798
2.80684938033
4.13536272176
3.31750075271
1.68493837946
2.40913428366
2.45253985748
3.00049042702
4.04074188854
4.08773689469
2.51691419462
3.95711554421
3.35903987288
2.00925667956
5.0
3.02188246088
3.0
2.95861832798
3.55483059638
3.61958338155
5.0
4.40236068564
3.13125112653
4.22998061547
3.1612951681
4.0
1.95438538678
2.95861832798
2.81061596341
5.0
3.0030060187
2.5411802956
1.91502571572
0.512210987508
4.13352495525
4.16666666667
3.00049042702
3.95152552519
4.27821687857
3.10608338032
3.55483059638
3.07026845217
4.43261867855
2.22353275865
2.95861832798
5.0
5.0
4.17266210684
5.0
3.22082897648
5.0
3.62020783954
3.35470121664
3.29175116122
3.30725212965
5.0
3.35174117237
3.37720868985
2.36673356856
4.40236068564
2.28358731295
2.50467172265
4.09787154198
3.33333333333
4.44444444444
4.27821687857
2.92642776939
5.0
5.0
2.28298919166
3.57633051773
4.44444444444
3.84615384615
1.22262951452
2.50847227044
4.70588235294
3.88187057048
4.06145992378
2.18919533491
5.0
4.28571428571
3.40114950602
4.27821687857
2.48909676109
3.13125112653
3.58233741843
3.86894915501
3.33333333333
5.0
5.0
2.95861832798
2.5411802956
2.68158548895
2.93751693331
2.02583422263
1.99639829
5.0
2.22353275865
5.0
4.28571428571
5.0
3.43054733343
5.0
3.31784188996
3.07026845217
1.99996409814
3.13125112653
5.0
2.95861832798
2.06094446406
1.87250868363
4.28571428571
2.142635766
2.43243926101
4.16355654597
5.0
5.0
1.91502571572
2.22933313499
3.11378821731
2.30717134507
2.85714285714
4.13536272176
2.35321975624
2.36673356856
4.04074188854
2.74066022038
2.03302563634
2.10979389196
4.27821687857
2.13446483016
5.0
4.61538461538
5.0
3.46474358936
2.95684268284
2.25517480324
3.19560672343
4.0
5.0
2.95861832798
4.28571428571
1.10937507513
2.36673356856
3.36715603713
5.0
5.0
5.0
3.64111925547
3.31894996762
2.74066022038
3.71908284724
4.28571428571
2.23306083719
2.24547375459
4.43261867855
2.24547375459
3.1612951681
4.28571428571
3.44868563793
2.10361492354
5.0
2.4060562253
1.91502571572
5.0
5.0
3.1612951681
2.03187996691
4.04074188854
5.0
2.27708071936
5.0
3.91474446654
2.91989421303
4.16793967996
3.63636363636
3.44695675373
3.35174117237
5.0
5.0
4.44444444444
2.78822243214
4.44444444444
2.57820710912
2.95861832798
5.0
4.40236068564
4.43261867855
3.2944726944
3.95711554421
1.90881382674
2.43184460061
3.33738619089
2.73924825882
3.13125112653
2.74203665555
2.92642776939
