2.86
3.101
2.543
3.783
3.487
3.624
3.56
3.332
3.071
3.44
3.006
1.998
2.513
3.682
3.69
4.439
2.982
2.956
1.658
3.39
3.467
2.668
4.118
3.042
2.943
3.357
3.772
3.493
3.876
3.413
3.064
3.571
4.255
3.611
1.834
3.741
3.905
4.108
3.314
2.498
3.106
3.391
3.478
2.881
3.736
3.929
0.447
2.513
4.06
4.241
2.911
3.827
3.449
4.069
2.903
4.25
3.175
4.162
2.845
2.545
2.03
2.183
3.349
4.463
2.424
3.417
3.517
4.786
3.949
4.915
2.103
3.415
3.91
4.652
2.899
2.694
4.182
2.538
2.975
2.955
3.741
4.077
4.789
3.419
4.847
3.064
4.501
3.665
3.512
2.975
3.246
2.388
3.956
4.818
2.848
3.458
4.35
2.716
3.813
0.691
2.04
4.653
3.753
3.314
3.29
3.608
3.181
3.749
3.478
4.035
3.559
4.193
4.335
1.564
3.753
4.006
4.12
4.371
2.956
2.665
3.666
4.774
3.314
3.106
3.538
3.779
4.311
3.707
3.717
4.185
3.899
3.953
3.682
3.619
3.563
3.067
1.592
4.052
3.247
2.627
4.418
3.569
3.211
2.689
2.885
3.44
2.568
3.808
3.592
4.17
3.842
4.051
3.664
4.089
4.079
4.6
4.89
4.299
3.354
3.655
3.391
3.785
3.903
4.002
4.894
4.04
3.234
4.166
3.518
4.07
3.097
4.201
3.438
4.051
4.121
3.459
1.508
4.444
4.546
4.108
2.488
2.932
2.673
4.027
3.906
3.606
3.661
3.767
4.062
4.309
3.675
4.294
2.789
4.121
2.796
3.648
3.882
3.655
3.091
4.139
3.97
3.314
3.654
4.092
4.655
3.505
3.973
3.945
4.131
3.525
3.374
3.405
3.772
3.411
2.911
2.808
4.843
3.21
4.395
2
4.257
3.929
3.275
3.562
3.452
3.288
4.305
4.976
3.956
3.315
3.665
3.496
4.013
3.774
4.999
4.415
3.343
4.227
3.657
3.753
2.847
3.69
4.5
3.956
3.775
3.997
4.757
3.784
2.954
3.052
4.852
3.97
2.728
2.845
4.008
3.938
2.217
2.854
3.488
3.915
3.194
2.525
4.51
3.774
3.785
3.61
4.814
3.755
3.956
4.003
1.758
3.655
4.106
3.238
3.55
3.866
2.741
3.428
1.231
2.403
3.672
4.311
4.43
3.91
3.347
3.858
3.772
3.853
1.564
3.528
4.335
4.371
3.874
3.924
3.655
3.437
2.127
4.305
2.735
4.328
3.414
2.877
3.465
2.821
2.966
3.084
3.856
3.753
2.647
4.311
2.699
4.619
2.901
4.743
3.849
4.254
0.691
3.889
4.025
2.757
3.338
3.753
3.288
4.288
2.915
3.551
3.97
3.956
2.692
3.389
2.968
3.641
3.188
2.887
3.41
3.012
2.912
3.251
5.033
4.714
3.912
3.929
3.929
2.722
2.725
3.731
3.849
3.76
3.43
3.97
3.306
4.652
3.82
3.54
4.048
4.405
3.106
3.804
3.996
3.024
3.657
3.007
4.397
3.772
3.039
3.379
3.655
4.45
4.976
3.389
4.335
2.23
2.967
4.929
3.81
4.201
3.501
3.553
1.564
3.843
4.244
3.151
3.084
4.512
3.541
3.078
3.478
3.517
4.395
2.717
2.872
3.97
2.703
4.533
3.032
3.364
2.496
2.85
3.633
