3.347
3.312
4.471
4.697
4.633
4.123
4.575
2.797
3.02
4.596
2.76
3.714
0.795
1.718
4.122
4.772
4.499
3.251
3.985
3.511
3.58
1.459
3.217
2.664
3.145
5.093
1.621
5.026
4.772
5.022
3.151
2.777
5.1
3.254
3.421
4.91
4.91
3.552
3.412
1.977
4.998
4.367
4.165
3.749
3.988
4.223
4.723
4.692
5.02
5.02
3.313
1.16
3.238
3.632
3.28
4.875
3.525
2.393
4.893
3.396
2.913
4.058
1.911
4.043
3.382
4.917
2.231
5.035
2.535
1.994
2.37
3.906
3.09
3.052
2.142
3.088
4.022
4.105
4.887
3.33
2.15
1.645
1.623
3.707
3.981
5.029
3.441
1.318
0.783
3.552
3.639
3.49
3.387
3.106
3.106
1.644
1.644
1.644
3.65
3.94
4.804
4.562
3.334
1.242
1.718
3.52
3.959
2.863
2.618
3.218
1.666
3.63
4.038
3.067
4.094
3.815
4.842
3.518
3.115
4.157
4.29
1.975
2.16
1.392
3.389
2.617
3.115
1.768
3.372
3.944
1.472
4.424
3.409
3.687
3.403
0.502
1.824
1.966
0.363
1.204
1.109
2.364
2.399
2.01
2.662
3.591
2.124
3.475
2.217
4.215
1.178
1.958
1.711
3.715
3.758
3.753
4.184
3.948
3.677
3.473
3.744
3.762
3.833
4.661
2.299
3.604
4.753
4.366
3.792
0.898
3.732
1.671
0.817
0.941
3.193
0.804
3.164
0.15
0.232
1.99
2.059
0.341
0.667
3.595
3.069
3.979
4.107
3.902
1.694
2.99
2.703
1.603
5.127
1.213
3.845
3.02
4.357
2.394
4.514
4.499
1.9
1.31
4.049
3.278
3.556
0.297
4.271
4.598
0.782
3.327
4.216
4.133
2.864
3.42
1.903
3.208
3.34
5.014
4.883
4.62
3.769
4.379
1.771
3.269
4.005
3.117
2.594
3.486
1.829
1.76
0.585
3.027
3.498
4.064
4.692
2.117
1.245
3.293
0.652
1.877
4.421
3.579
3.208
3.924
0.685
0.303
1.05
0.109
0.793
1.221
2.594
1.422
3.628
4.252
2.831
3.123
3.555
1.309
0.721
0.261
2.861
2.258
3.194
3.427
1.291
0.003
3.23
3.393
3.805
2.707
2.535
3.154
3.742
3.854
2.02
2.926
4.091
0.471
3.037
3.34
-0.102
0.164
3.429
1.732
3.443
3.616
3.586
3.15
4.219
3.32
3.32
3.486
3.204
4.19
0.48
0.935
0.972
3.619
3.187
0.794
2.218
2.359
2.256
3.943
2.289
4.198
4.07
-0.045
0.902
0.86
1.209
3.386
3.341
0.599
0.581
3.657
0.765
1.152
3.396
2.852
3.409
2.881
0.348
0.86
1.643
-0.099
2.003
3.959
0.728
0.436
0.892
0.343
3.502
2.025
0.266
0.249
1.008
0.697
1.363
3.443
0.682
0.702
0.337
2.575
1.597
0.256
-0.098
3.302
2.82
1.996
0.829
0.463
0.395
3.642
2.026
2.636
0.446
3.642
3.504
3.09
1.98
1.055
0.253
1.246
2.825
4.112
2.225
3.901
3.691
3.72
4.936
4.306
1.463
0.454
0.334
3.01
0.585
3.49
1.016
2.859
3.258
3.834
1.079
0.003
3.738
2.522
0.391
0.162
3.517
3.149
0.524
-0.17
3.039
2.793
0.03
3.146
0.383
3.458
2.02
3.09
3.221
3.325
3.217
3.377
1.753
0.505
2.042
0.843
-0.077
-0.035
0.494
0.767
0.428
0.768
2.894
-0.028
2.202
2.92
0.627
2.862
4.204
2.985
-0.112
0.646
1.521
0.493
3.068
2.487
2.478
3.717
4.609
0.798
3.114
3.702
0.65
2.699
2.859
1.749
3.14
0.039
0.339
3.559
2.797
-0.116
3.585
2.977
2.792
3.405
2.787
3.057
2.29
2.014
3.699
2.457
0.767
0.54
2.412
0.713
3.098
-0.027
0.601
-0.05
3.135
4.216
2.435
3.517
3.289
2.164
0.028
0.03
0.342
3.283
2.861
-0.054
0.15
0.557
3.88
0.753
3.648
3.173
2.871
2.039
1.848
0.659
0.367
1.96
1.366
0.203
4.321
3.558
0.932
2.98
3.502
1.059
1.177
0.306
0.751
0.04
0.268
-0.164
0.399
-0.185
0.244
3.132
1.21
3.659
3.251
3.337
2.74
2.947
3.208
1.607
0.963
0.02
3.782
1.276
0.923
0.851
3.441
3.43
3.561
0.149
1.047
2.704
1.72
-0.036
0.786
1.076
0.412
1.072
2.441
2.779
1.989
0.784
0.299
0.03
0.444
-0.104
-0.033
1.361
0.503
2.915
3.033
1.061
1.129
1.115
0.02
-0.011
1.219
2.817
1.045
0.815
0.84
4.145
3.927
2.101
2.837
3.226
0.7
0.03
0.008
2.745
1.075
1.485
0.134
1.664
3.66
-0.054
0.534
2.863
3.312
3.007
0.286
3.177
0.387
-0.018
2.707
3.482
3.531
3.281
3.006
3.13
3.309
2.469
2.025
0.868
1.315
0.444
1.134
2.731
0.679
0.042
3.502
3.004
2.018
2.819
0.21
-0.058
2.748
1.006
2.988
3.651
3.29
3.675
0.406
2.565
3.794
0.466
3.539
2.002
0.857
0.097
0.303
-0.042
0.175
2.721
4.03
0.794
1.119
2.751
0.51
2.053
2.156
3.792
3.749
0.694
0.056
0.143
1.371
1.626
2.644
2.103
1.225
1.654
0.14
0.928
0.199
2.921
0.001
-0.037
0.128
3.658
1.972
0.173
0.027
0.603
-0.001
1.564
2.995
2.68
2.91
-0.062
0.372
0.06
2.635
0.342
3.135
0.258
2.337
0.43
0.95
0.707
2.756
0.166
1.466
0.513
2.912
2.259
3.156
0.29
3.069
0.1
0.278
3.008
2.824
2.239
0.683
2.639
1.065
2.823
0.583
0.167
-0.097
1.501
0.208
0.201
0.858
2.595
0.644
0.111
3.41
1.8
2.029
-0.004
0.717
2.169
0.023
2.076
2.688
1.852
-0.036
1.486
-0.078
-0.032
0.325
0.108
0.232
-0.084
1.351
2.387
2.41
0.223
-0.001
3.784
3.624
0.787
1.125
2.363
2.345
1.265
0.514
0.16
3.197
1.132
0.207
0.044
0.216
3.633
2.587
-0.034
0.401
0.182
2.192
0.76
0.347
3.442
1.435
2.592
3.099
0.844
0.167
0.864
0.041
-0.129
0.044
0.273
1.663
0.065
0.017
-0.055
