3.981
3.128
2.796
2.989
1.86
2.669
3.193
2.105
1.007
1.091
2.47
2.534
0.598
2.582
2.609
0.228
1.218
2.232
1.341
2.729
1.97
1.442
2.143
2.743
3.862
2.486
3.055
2.882
3.158
2.386
0.233
2.264
2.665
1.747
-0.09
0.957
1.503
2.9
0.463
1.687
2.838
2.842
2.23
3.062
2.723
2.117
4.046
1.743
2.819
1.268
2.221
3.177
3.187
2.463
3.894
3.827
2.561
2.533
1.625
2.102
2.866
2.763
3.369
2.241
0.525
0.731
2.416
0.334
2.389
2.38
4.151
2.529
3.363
1.782
1.653
2.755
2.616
2.976
0.948
0.835
3.092
2.182
1.337
0.607
1.067
1.118
1.583
0.311
0.872
2.643
3.441
3.166
3.721
2.737
2.751
2.173
1.896
2.158
2.29
2.726
2.662
1.768
1.078
0.878
1.854
1.835
2.319
2.174
3.209
2.878
0.168
1.744
0.768
2.747
0.828
2.961
3.229
1.31
2.113
2.739
2.642
2.475
3.197
1.618
0.442
1.833
3.855
0.61
2.621
1.979
1.84
2.245
0.839
2.825
1.433
3.411
0.491
1.45
2.754
2.559
3.053
2.386
0.805
1.253
1.277
2.472
1.271
0.41
2.552
2.313
1.298
2.514
1.878
0.863
3.485
3.392
0.233
2.197
2.521
1.252
1.184
3.202
1.471
1.529
0.183
2.449
2.228
2.458
3.477
3.355
1.94
3.505
0.854
0.365
2.616
3.122
2.993
2.675
3.314
0.878
2.662
3.646
0.938
2.8
0.359
2.478
1.388
2.518
1.034
2.348
2.463
1.398
2.868
-0.178
1.313
2.547
1.865
1.138
2.622
2.581
0.753
0.884
2.628
2.891
1.65
0.656
2.026
3.201
2.474
2.51
0.497
1.462
3.477
2.535
2.128
2.427
2.504
3.114
2.796
2.103
0.472
1.024
3.043
2.669
3.375
1.935
3.037
1.164
2.458
2.585
1.391
1.644
3.604
1.807
2.907
2.757
1.33
1.283
1.978
0.604
3.58
0.523
3.596
0.972
0.167
2.743
2.981
2.741
2.735
1.277
2.628
4.206
2.152
3.158
4.001
3.394
3.809
3.567
3.587
2.803
2.906
2.389
3.431
3.268
3.18
3.761
3.033
3.902
2.63
2.33
3.272
3.725
3.691
3.122
3.252
5.026
3.217
3.898
3.562
3.283
3.395
3.601
3.43
3.202
2.413
2.591
1.211
3.857
2.686
3.987
4.148
2.663
3.262
2.472
3.35
4.035
2.819
1.637
3.413
3.024
2.672
2.357
2.961
4.085
3.347
3.984
3.443
3.49
2.474
3.361
4.111
3.639
3.488
4.695
3.433
2.617
3.836
3.542
3.229
3.561
1.579
3.376
2.869
3.432
2.72
2.852
3.465
3.376
3.093
2.88
2.966
3.011
3.032
2.949
3.807
3.677
2.812
3.97
3.677
2.642
2.878
4.141
2.984
3.547
3.511
3.979
4.582
3.689
3.52
2.96
3.853
4.463
4.168
3.943
3.604
3.554
3.048
3.497
3.323
3.89
3.44
4.201
3.308
2.872
4.152
2.039
2.929
3.538
2.698
3.273
3.88
3.717
4.946
3.007
2.815
3.567
3.466
3.057
3.663
3.42
3.286
2.406
2.734
3.755
3.515
3.097
3.31
2.76
4.028
3.827
3.132
1.719
2.273
3.222
3.245
2.645
3.823
3.336
3.135
3.651
3.407
3.167
3.685
4.011
3.849
2.729
2.533
3.961
2.389
2.876
3.495
1.713
3.448
3.498
2.696
2.129
3.327
3.323
3.668
4.075
2.68
4.038
3.351
2.22
2.968
3.359
2.993
3.497
3.295
3.396
2.282
4.049
3.838
2.765
3.742
2.252
3.225
3.686
3.558
2.808
3.734
2.171
3.418
3.211
2.562
2.959
3.4
3.241
3.162
2.813
4.121
2.859
3.512
4.932
2.546
2.839
3.341
3.078
3.362
3.499
3.312
3.851
3.081
3.048
3.455
3.845
3.019
4.614
3.855
3.359
2.711
2.752
2.964
4.886
3.557
3.477
3.776
2.604
3.227
3.293
3.507
3.637
2.738
1.596
3.936
2.956
3.523
2.254
3.208
3.6
3.348
2.694
3.324
2.626
2.998
2.777
3.346
2.079
3.742
4.49
5.01
4.573
4.376
4.822
3.744
3.179
4.061
3.883
4.746
5.078
4.419
4.062
4.376
5.301
3.71
4.095
4.184
2.754
3.581
3.906
3.737
4.065
4.93
5.011
3.73
3.67
3.149
3.446
4.328
3.157
3.695
4.762
4.081
4.957
5.08
4.972
3.99
3.37
3.21
4.267
3.987
4.417
3.352
4.297
3.856
4.575
5.058
5.029
5.138
4.656
3.671
3.048
3.636
4.753
2.982
5.01
5.017
3.232
4.725
3.154
3.925
3.179
4.324
3.256
4.602
2.656
2.4
5.074
4.256
3.476
4.08
3.445
3.416
4.058
3.715
4.407
3.617
4.255
4.982
4.703
3.408
3.179
4.388
3.847
4.256
5.042
4.275
4.062
3.404
4.605
3.19
4.58
3.354
4.518
4.522
3.655
4.984
4.295
4.379
4.005
3.478
3.784
4.84
4.282
5.061
4.903
4.789
3.658
4.41
3.75
3.671
3.091
5.026
4.411
3.67
3.608
4.922
3.156
2.818
3.376
4.798
4.782
3.335
4.228
3.479
4.94
3.363
4.308
4.013
4.224
4.353
3.871
4.083
4.457
4.754
4.576
4.104
3.519
4.053
4.433
4.424
3.896
4.291
3.945
4.048
4.437
4.173
4.345
4.32
3.495
3.605
4.512
3.656
3.615
3.9
5.109
5.143
4.926
4.899
3.542
2.463
4.975
2.972
2.572
4.043
3.5
3.862
3.035
4.789
4.596
4.99
4.405
4.308
3.482
3.664
3.87
4.12
3.414
3.932
3.779
3.567
4.499
5.014
2.952
4.646
3.801
3.913
4.227
4.106
3.91
3.532
4.99
5.106
3.693
3.782
4.862
4.103
5.166
3.587
3.508
3.865
3.976
3.958
4.249
4.3
4.758
3.728
3.947
3.85
3.169
2.93
5.116
3.818
4.311
4.627
4.923
4.421
5.098
3.328
3.958
4.837
4.892
4.078
3.831
4.496
3.799
3.217
4.171
3.633
3.708
2.958
4.045
3.434
4.75
3.151
4.23
3.754
3.327
5.239
3.571
3.905
3.807
4.712
3.877
4.633
3.984
3.016
3.135
4.933
3.173
