4.5350256775
0.4607583575
4.0309656355
2.1585605484
2.6296953014
4.5993717806
0.5971036404
1.7392290886
4.2388225859
3.6567390410
4.3161044899
4.1963500971
1.5476454575
2.7327267341
1.0961494156
3.2685081968
3.7302627390
3.4547244018
1.4364419031
3.7693821922
2.5295870685
1.0398613862
4.5857210005
3.0499546345
1.0136714341
4.7846684526
2.5802108964
4.5697859204
4.6234436667
0.9304733407
3.2275276966
3.2679535588
4.2901255714
0.8552188422
3.6439006625
3.8187770451
2.7294441008
3.9376747524
2.2859312963
1.2859651709
4.7729501285
1.4361888994
4.7178611194
3.4921558776
1.4237600513
3.6073202403
2.3094243750
3.1429142550
0.0148656740
1.6741765358
4.1219267291
2.3821822928
4.5834826949
1.3324231882
1.8809419337
0.7101298334
3.1760166567
1.2742462658
4.8883068954
3.7176601638
1.9770315367
4.8156743467
3.2448982388
2.7409211211
3.7646492687
2.5573484179
0.8555918162
1.6236338042
4.4772524893
4.0979594674
2.4010672671
4.3075712741
2.5159967450
0.9861574198
1.0855742319
0.9179193169
4.5788763408
0.2519055084
0.3189017259
3.5394757369
2.2399690211
3.2412688563
1.1436890703
3.6137640644
3.4576728189
0.9068677655
2.7706121827
4.1513473096
2.6645327375
0.8252028101
2.8942245534
2.0262477844
4.8955495167
4.7454030956
2.9073043993
1.9818553656
0.5292066389
1.4734188051
0.8530598918
2.5646091888
0.0140090105
3.9911572094
3.1096995288
3.6507619638
1.4418864780
1.3595554907
2.8135362583
1.1335021977
4.9077915636
4.6942268259
0.8334383958
0.4865629129
2.3022526007
3.1963660108
0.4151692902
0.5632562695
0.9511948692
4.3124402913
2.1386976442
1.0768371554
2.4163024461
3.8543278200
1.5602629360
2.6425356037
4.7614763522
4.6856330782
1.3448220966
1.1499531550
2.7790892625
0.0466635179
1.1000860247
2.1363623042
1.5469076073
1.0048773949
0.7829042347
0.0094762795
1.3865373982
1.9625170862
4.0101244935
2.6382889027
1.8414646184
3.7897579442
0.9327182713
3.4115664869
2.8522435939
2.4692877265
1.3530237804
4.2275759564
2.4338014633
1.2041686858
3.3251428465
3.6008509341
3.0514627606
3.6506313082
3.6881874425
0.6805507439
2.6350692714
3.2647382694
1.4671829441
3.2017014391
3.9920157927
2.9983972492
4.2285996290
4.4198933983
1.8983062638
2.6258746145
3.7039281872
0.7995420412
0.6206460282
3.5347764629
4.9682905974
0.4764171277
4.2015387702
3.6615519314
1.3702612322
2.3407572154
4.8133900288
0.5051938205
3.2079660253
1.4849794852
3.5373971753
2.5063462829
0.8048565456
3.9299666118
2.3698174165
2.0529863873
3.3916724321
4.1394819652
3.3139648148
0.5668586068
3.7999864084
3.2098774986
1.4335335666
2.4636665053
4.9339725879
3.5914855122
0.4647418985
2.7695469240
2.8428775576
3.2716214062
0.3951280166
4.1495766074
0.7649563480
0.9927898445
2.5900206053
4.4721222764
0.0678384342
4.9624267767
4.9987905166
3.5350004595
3.6495139164
0.7543948030
3.5076315535
2.5330457454
2.1831035711
0.5326747386
3.0701057060
1.3973033421
2.9476501016
3.1225822541
4.1779359157
1.5072967190
2.7623182176
3.7958304389
1.0100764662
0.0214314907
3.3742196924
4.3574273804
2.0861015064
0.3164653851
3.1978128574
4.3624376758
3.9592150613
2.7331089334
4.4893156426
1.1398685136
2.8141152362
3.0273552424
4.3012938420
1.0533098898
1.3255802384
0.9903276696
0.1046433168
2.8305349692
2.7156483878
4.5656642316
2.0073029215
2.2972458809
1.1919275264
0.2332349520
0.5265656119
4.8568526610
1.3188052299
3.2899459043
2.8857750192
4.1750439348
0.9696790304
3.1192792428
2.5731053312
3.8145175811
1.3249495518
2.3559348566
3.2022501587
4.7842833516
2.5512080837
2.6034842292
2.6000427499
4.8352475474
2.8462177572
0.7124534699
4.0777720131
1.7682876837
3.1269731809
2.5629780958
1.3503478755
4.3947929311
1.8299912274
2.3874998111
4.8952321101
3.1778793025
2.7803246792
0.3104130635
1.3015384651
2.0135073884
0.4555147161
4.4467493591
2.4748952885
0.3159802246
1.9503468157
3.3926680169
2.3271564298
2.2363499367
4.6560116107
4.6365860354
4.6990685650
4.8528094425
0.8618866524
2.5292348547
4.9114068123
3.8700100229
0.8190609489
4.2599108308
4.2043521304
1.2933723167
4.0619606232
3.4089470120
1.8601050921
1.7019175489
0.1486651485
0.2753591310
0.4796377609
4.8291328964
1.2730184187
2.3342164120
4.4364301316
1.8292201286
0.1343514657
2.9591906566
2.2089964870
3.7122053536
0.8760830078
4.3787029205
2.1165816404
0.2853801645
3.0658142637
1.7239987475
0.9808239318
4.5530960212
4.4705746571
2.8073481890
1.7082925972
0.8678646446
1.5560192335
1.8495185316
2.5480882856
3.3619728451
0.1226658729
4.9969635810
1.4042486310
1.9424708717
0.5913547717
3.9481963314
2.6692524537
4.7286343666
3.1103032509
2.9910696942
3.4528179267
3.5281516514
4.7143297830
0.9618154749
1.1854184701
1.2677956690
1.2005712828
1.1244427987
0.5200967810
0.1507737765
2.5624812384
4.3653564891
0.3964688376
0.3440040307
1.7538622324
3.8608313272
0.4901274997
1.7950639573
4.1365688801
2.0404024670
1.9874560125
0.1344423428
0.2393552527
4.1015633636
2.4042468863
4.7810666622
3.8517985295
4.9727832122
0.7262178205
2.2880736595
4.0675969823
0.7432738907
2.4758751379
1.5447586425
4.6377295154
3.5277845762
2.9041731458
3.7960255638
1.9985149188
4.1897383685
3.6336565249
3.1120352302
0.0956858017
1.5611322174
3.0244788042
1.2008083413
2.7669839316
4.8558070282
4.8437147939
0.5211038093
2.9969044592
3.0350918233
3.5552050702
0.9409062702
1.9831053363
2.4406920790
2.5408877955
1.5703901728
4.2103191843
1.1264106484
4.6599138909
0.4524766456
3.8106470189
2.8933678378
0.8591574016
2.0473837908
1.4857906333
4.0364580345
3.6940003824
0.6313364705
3.4046321570
0.5446016035
4.9930923404
1.0284183288
2.3867594030
4.8438053918
2.9123847677
1.3961120567
2.5978531505
4.8381409114
2.9449731354
2.9302040650
0.0657115486
4.7756189321
3.2726184762
3.3873720933
4.8661264351
4.4578406142
0.1163699047
4.7409991703
4.5065105953
0.2166212564
2.4371946876
0.2877600514
1.1733929149
1.4180210500
3.6882953305
0.2626271269
0.3195640602
3.6230107147
1.0798301672
2.8545871060
0.9003078129
3.8611063691
4.5006566798
4.2541178718
0.1689565662
2.2636102650
3.3827117991
2.5190420713
1.6937528013
3.8895999045
3.1895823128
3.0835705677
0.4350956878
1.3716503739
0.1751777894
4.3251201533
3.7397423344
0.7487112841
4.6702996826
4.8669062118
2.7720807367
4.8579733103
1.5090300725
1.0565676405
2.6584851715
0.0714577924
0.6635933897
1.1004986104
1.8059187529
2.2100790010
4.5916510146
2.6315849652
0.9479011382
1.6998203069
3.8554734194
3.4792425553
0.3378760325
4.5813154237
2.9053240749
2.2327258764
0.6606822365
1.8035419405
4.4525352499
3.9324383529
4.0666675831
1.3606493311
3.0296346440
3.1833757848
4.7900262796
4.6324153407
0.3495950852
2.9069421698
3.0238509650
0.7058359074
2.1535538421
3.2823876460
1.6604602858
0.2584124027
0.8615350246
0.5803519682
1.6287050315
3.6214387753
1.5147846239
1.1648990651
0.4727099313
2.0907679696
0.9878945484
2.9965691221
3.5120381530
1.1680345799
4.0361760982
2.2700496167
2.0353604224
1.7801369048
3.4765962577
0.0818961110
1.0327845634
3.3000691921
3.2424885320
0.1652626859
1.6310932128
4.3672017336
4.5322953701
0.1219010077
2.7169115366
0.6472153846
0.1355180733
2.3019514513
0.9115720496
3.1766158636
0.8751940372
0.5575997823
4.6850741594
2.2777146458
0.0815667880
2.7589539396
2.6925908992
2.0089252058
0.9977631089
2.8940777625
4.5036185314
3.1120686117
2.9224701687
3.1676973975
1.5298853634
1.6411188329
1.8896655360
0.1054919000
2.7929482843
4.1915784046
1.4598708364
1.8070375370
3.9960482588
3.5107171192
4.2052771610
3.1674658054
4.3579333754
2.4486129840
1.1821537192
4.8059135224
0.6502790980
0.7288136248
3.8335522133
4.2512098275
1.5669541734
3.9741204255
2.6044345514
2.4984048827
1.7952362690
0.2442447947
1.0965823849
2.6732687646
3.1993379162
1.0327788546
1.8742201041
3.2384718409
1.2490497754
0.0640693572
0.3510499259
0.9106201086
2.0053586839
3.2373165789
0.3588351152
1.4006058696
1.5255914618
1.9247971205
2.5958767621
1.8629160342
3.7786360904
2.3609137695
4.7754374547
0.8678125892
0.0123887088
2.7043146760
1.7997231996
0.0719826596
4.8276819640
3.2402308605
1.0504196184
0.0397944433
3.9631066484
2.1662133309
2.0535913420
3.7932604145
3.3515083438
0.1014916422
2.5022212104
4.2818958925
2.3803130100
0.3362324047
2.3266399113
1.6546896689
3.3736241874
3.4281818418
1.1300536336
1.7793191859
0.1542787715
4.9247888373
3.5574187228
2.1356160826
2.5694122433
2.1813067924
4.7607647721
3.9613140773
4.1448568508
2.7300718682
4.0480826303
1.2516104529
2.5337916052
4.7817846090
2.5570480111
2.0164901693
2.2460201379
3.8829393590
3.6457463168
3.6406681469
1.7792355304
4.7694340975
1.9224265028
1.5330958782
4.8564292280
4.1278601439
4.9929928710
4.7120735197
3.0286281627
3.4641494399
1.1519201478
2.9670533279
3.5944392793
3.0734046055
1.2086506517
1.6412850316
2.1731078658
2.2722365075
4.2720293270
1.4657337895
4.5422444828
0.4912934868
3.7203045043
3.7725170887
1.6019589347
1.5045184694
2.3896459782
0.5569036013
2.7813976918
3.2947727588
1.6116089562
3.4252649453
0.4797775153
0.7027011736
4.5267291764
0.3499658107
1.4907318234
2.7850901822
4.7703225807
1.1918393188
3.9455516249
2.5066215931
0.3560589383
2.1905680961
2.4177487049
0.1191070072
2.3270842815
0.5600476799
2.1389592277
3.0373854392
2.4731085341
3.1598428375
0.1058301024
2.7215860731
0.3603038122
0.0984794924
3.4211023840
1.6200328590
1.8400521524
0.4159905173
4.8621647292
0.5424553795
3.6091404073
2.5014229926
4.1500595531
1.4242539450
1.8201513265
2.1386129462
4.0850740972
3.6423540134
4.9843949651
3.5062614066
4.8960521919
0.2628085981
3.7842400924
3.7551481193
3.2344591326
1.5790251301
3.9962427833
0.0682668195
0.0366858539
2.3546880972
0.6157554124
0.2039538236
1.4253785449
0.4626284974
0.8280854129
1.2060302220
4.2596400584
2.3336885424
3.5667359593
2.2200324265
2.3523089959
0.3498029249
1.6774017562
1.6153365714
0.6183452562
2.1629491485
2.8244389200
2.0170845910
4.0104261811
3.8543167146
3.1573300993
2.4901140182
0.4355992889
4.9021411820
