3.7356988
3.1593867
3.1568176
3.0637485
1.6561759
3.7921046
3.1930949
3.3837116
4.0458582
4.4116684
3.3082449
3.4297052
3.5607446
3.2716661
3.5068278
3.5621764
3.2521875
3.2759158
3.171261
3.2975836
3.9357955
3.4634949
3.6746676
4.3638145
3.3153903
3.5758436
3.9970732
2.7184002
2.9292719
3.2893327
3.5136471
3.3244906
3.2863804
3.3776648
3.5625077
4.3810101
3.5726955
3.1600948
3.3648349
3.6931675
3.3953454
3.6785911
3.4158457
3.5478967
3.9802238
3.0815623
3.3252864
3.4085325
3.3619891
4.297862
3.6312999
3.471007
4.0821376
3.4895219
3.7678865
3.4596245
3.7147821
3.3552734
3.1729622
2.8644473
4.3225598
3.3179178
3.2359399
3.4399653
3.5644733
3.1051854
3.3787995
3.3623921
3.1145488
3.2817409
3.92942
3.3922967
2.4473621
3.3859049
3.4211246
2.9429251
3.1885541
3.1977361
3.35694
3.7298366
3.6252309
3.931892
4.6817632
3.3279069
4.5763504
3.50864
3.3625147
3.6152803
3.441619
3.3403016
3.1670979
3.9102545
3.4337641
2.7292465
3.3467489
4.3029216
3.3268094
3.9189907
3.3715552
2.9801335
3.0174647
4.1384538
3.4517812
3.474145
3.5909273
3.9348484
3.5996819
3.58797
3.5144554
3.6469783
3.4053627
3.7011014
3.4214669
3.365062
3.9468039
2.5761926
3.1652504
3.0256702
3.3987503
3.7506411
3.4371852
3.4301644
3.6354645
3.4585381
3.1120575
3.6901142
4.3090895
3.6889239
4.1061454
3.1835614
3.3099848
3.4271314
3.0319037
3.1899013
2.595685
3.4545395
3.7744778
3.7746365
3.045039
3.5285224
3.6389041
3.2167652
3.8123284
3.3615228
4.0186298
3.4876794
3.7193523
3.9406158
3.21061
3.678491
3.4734076
4.0561161
3.3608109
3.5087211
1.7839219
2.6941047
3.738479
3.380825
3.6862738
4.0339101
3.8124188
2.4102968
3.8059886
4.0645683
3.5357049
3.5635976
3.7843576
3.2286653
3.5358342
3.6339342
3.6012552
3.3287614
4.4317806
3.5736263
3.6442519
2.5301877
3.2312988
3.0693666
3.4119873
2.2697334
3.5363555
3.9257943
3.37748
3.3398338
2.9654716
2.1990883
4.3382321
3.3829241
3.4489341
4.2007486
3.5359203
4.8468207
3.0661527
3.4762706
3.3137789
3.2195654
3.6682061
4.294144
1.7709878
3.0206672
3.6266407
3.3494343
3.9714878
3.6116105
3.9140714
3.8254426
3.656422
3.7251148
3.3378345
3.5042
3.7406343
3.6435441
3.6435801
3.2696621
3.470183
2.8772571
3.3762015
3.5121285
3.4571147
2.6713012
3.3278108
3.5875954
3.4053981
3.6632612
3.366057
2.936861
3.4657493
3.3293898
3.5866445
3.4692215
3.7477653
3.3362024
3.3995095
3.0147487
2.4260175
4.0440566
3.2793918
3.4860831
3.6746409
3.3513879
3.2860575
3.4843946
3.5887023
2.7151801
4.1856509
3.4547503
2.8509438
3.4458634
3.5679563
3.6651068
3.3222529
3.6538463
2.7429061
3.5775366
3.5488093
3.208498
3.3504116
2.7219643
3.3897691
4.1527815
3.399078
3.3754923
3.2355067
3.6158261
3.805781
3.4739909
4.5351483
2.8750392
3.4039146
3.1996173
3.256768
3.7257882
4.0177032
3.5655497
3.4148002
3.8506535
3.4274829
3.6543088
3.4152598
3.4960963
3.5639401
3.4344482
3.6792016
3.1991479
3.3057866
3.7774286
3.8020953
3.652696
3.4241258
3.5471888
3.294939
3.5119718
3.3146034
3.2448326
3.5957974
3.6791724
3.2562518
3.5673367
3.9144273
3.9174028
4.2082561
3.2869339
3.266413
3.4855102
3.0963958
3.5709925
2.747858
2.9476642
3.9600928
3.4799571
3.5637939
3.3323014
3.2573996
3.9008934
3.2009196
3.5416884
3.1351897
3.312423
3.1461118
3.3394946
3.361262
3.0724717
3.6072682
3.6702708
3.3103055
3.4528484
3.4787975
3.0090178
3.6148496
4.5028269
3.6697996
3.8022231
3.2434503
3.677876
3.149787
3.4884314
4.1061827
4.628276
3.416284
2.7246617
3.3834618
3.301046
3.1603431
4.1441943
3.4599204
3.5361026
3.6039706
3.4826675
3.3211091
3.6850229
3.566265
2.5052911
3.5004026
2.9045416
2.9584406
3.618457
3.2082014
3.7260013
3.413658
3.158209
3.6198434
2.6274431
3.111997
3.2751495
3.9728769
3.7958667
3.5838303
3.2996984
2.5998169
3.3272503
3.3370559
3.6241234
3.2426862
3.4762053
3.682098
3.5547406
3.3989148
3.4736828
3.7131115
3.4909394
2.8056075
3.6579403
3.5898278
3.3930008
2.9902824
3.2981633
3.3267576
4.0319873
3.2454333
3.7770139
3.5861942
3.07613
3.5486977
3.5460767
3.1819475
4.2346701
3.4792848
3.3346985
3.0816973
3.2481631
2.5482479
3.3637724
3.499809
3.153329
2.957461
4.2322471
3.6086657
3.1946089
3.508949
3.6157977
3.3859482
2.4824703
3.7420581
3.1452012
3.4446854
3.3829166
3.3320825
3.1162471
3.6824828
4.2733758
3.2026714
2.9443486
3.9476551
3.3775345
3.5641523
3.4069603
3.1930053
3.3936975
3.5964131
3.5554744
4.041948
3.3346717
3.1117504
3.3196003
3.404111
3.31977
3.5088307
4.5352732
4.1276417
2.8875736
3.572188
3.5542625
3.2346243
3.9776385
3.0300069
3.3281148
3.5222228
3.5235229
3.0655366
3.2045417
3.5701956
3.5288407
2.6974488
3.5594788
3.9418197
3.0737195
3.4306585
3.2748468
3.3985931
3.5686709
4.0914617
4.1090163
3.3582316
3.0382292
3.9103754
3.049691
3.2029576
3.4084918
3.7955298
3.3163767
3.3594705
3.1995268
3.548321
3.5430043
4.3610855
4.0380134
3.5648056
3.1882475
3.9044045
3.1349153
2.2769533
4.0023643
3.6649808
3.3761144
3.6112821
4.1699568
3.4829727
3.7469399
3.5410907
3.7752472
3.6527867
3.0365652
3.3548792
3.4815917
3.1569766
3.3528081
3.5462035
2.7382377
2.8346315
3.3864852
2.738877
3.6108182
2.7620666
3.3403335
3.460163
4.3921978
3.6295192
3.5456744
3.4092178
3.6199413
3.3086513
3.3318372
3.8004449
3.8672611
2.8632011
3.5208847
3.5192424
3.5487344
3.2447952
3.0908205
3.521203
4.2516756
3.3524126
3.2818759
3.6933863
3.2521884
3.33772
3.4353452
3.7775624
3.4671331
2.7413001
3.2691657
3.6927858
3.658741
3.3869637
3.1550805
4.6456332
3.7978943
2.9397471
3.7930843
4.0092292
3.1473418
4.1843307
3.4392835
3.4660286
3.5668597
3.3512603
3.3015365
3.5721993
3.6992952
3.1329522
3.3898131
4.1954198
3.2421805
3.1352202
3.460542
3.1517071
3.1115057
3.7316061
3.4821591
3.2710112
3.6655971
4.051831
3.4521117
3.605953
3.3909598
3.1613292
3.4948915
3.5943135
3.6227014
3.4100879
3.6910766
3.2625971
3.3800514
3.3336008
3.3797073
3.3392013
3.462549
2.570814
3.1068412
4.2076111
3.5529783
3.4846103
3.6974552
3.8405554
3.3459955
3.6877949
3.2771824
3.0801146
3.6559178
3.0135796
2.7947827
3.9099305
4.8778978
3.3572164
3.5963889
4.0028716
3.4239057
3.1379349
3.4473697
3.7017401
3.0784437
4.4565419
3.1891965
3.3317318
3.42592
3.6416549
3.9399027
3.8681055
3.9491175
3.7977154
3.112624
3.5918186
4.1083063
3.9091432
3.5550476
3.4746672
3.0459646
3.2446007
3.4846055
3.289206
3.4132292
3.3374326
3.2020175
3.1733439
3.7416236
3.5514554
3.3579374
4.3176402
3.5763643
3.1716127
3.2707104
3.7745679
3.2347154
3.5032915
3.3328206
3.0230124
3.4273155
3.0948918
3.4889963
3.4781727
3.363197
3.5845369
3.3880665
3.6760626
3.3669793
3.0487372
3.481611
3.4375212
3.5200985
3.2565211
3.4430616
3.1319705
3.4556795
4.1474152
3.261795
3.3431676
3.1036465
2.7236334
3.1392026
3.5940318
3.3363582
3.3787879
3.3765506
2.76526
4.329378
3.0331779
3.3037516
4.2315127
3.0513673
3.5772093
4.2040403
3.3482307
3.6559175
3.3460084
3.3930345
2.3873737
3.4636816
3.3258567
4.3064901
3.4875904
3.478919
2.6470715
2.2928891
3.9866528
3.4692676
3.3904043
3.3299164
3.2564903
4.7171804
2.8533555
3.3004395
3.2646518
3.7025579
3.8209356
3.7452626
3.6227687
2.6670479
3.9391317
3.5204982
3.3331374
3.3630102
3.2696815
3.6080293
3.8073773
3.4683829
3.2592673
3.3364352
3.4528778
3.2706248
4.0795802
3.526437
2.9930668
3.8689926
3.7164186
3.4521713
3.5489838
3.614853
3.7548078
3.4232042
3.7905714
3.5740226
3.7859988
3.2583494
3.3125046
3.5541549
3.9394547
3.5133125
3.5500204
2.2963414
3.0567798
3.1604522
4.054296
3.4563148
3.1320286
3.3968272
3.4699643
3.6016571
2.9277604
2.5032741
3.5621555
3.3662437
3.5448674
3.0661789
3.9756338
3.59355
3.2165005
2.9338991
3.396284
3.0199955
