3.328
4.856
3.728
3.526
4.988
3.114
2.847
4.471
3.67
3.682
2.923
4.259
4.871
2.716
1.975
3.792
3.583
3.837
4.374
4.686
3.294
4.849
3.125
4.849
5.004
3.7
2.992
3.723
3.904
4.306
2.444
3.153
3.202
3.347
3.853
4.948
1.804
3.902
4.786
5.033
3.067
4.849
4.775
3.4
1.978
3.94
3.544
3.725
4.849
4.826
3.792
4.426
3.654
3.077
3.017
3.808
4.673
2.735
4.242
5.004
2.894
4.074
2.651
5.033
4.81
2.601
3.544
3.544
3.688
4.166
4.553
4.266
4.775
2.231
4.273
5.004
3.096
3.792
4.794
4.504
2.651
3.857
3.223
4.988
3.195
3.792
5.033
3.825
4.651
5.004
4.767
3.35
2.782
4.341
3.246
3.703
3.825
2.631
4.242
3.592
2.756
2.535
4.988
3.054
3.421
2.845
4.113
3.792
3.054
3.664
2.84
4.941
3.792
3.716
3.867
4.849
3.963
4.941
2.737
3.911
3.85
4.198
4.875
4.465
4.673
4.341
2.259
3.968
3.223
3.825
4.338
2.475
4.813
3.065
3.264
4.941
3.223
3.659
4.374
4.456
3.792
3.561
2.745
4.988
2.725
4.826
2.449
1.737
3.659
3.082
3.065
4.635
4.398
4.635
4.14
4.431
1.578
3.99
1.842
3.792
3.061
2.445
2.419
3.421
2.287
3.855
2.954
3.637
5.004
3.068
4.467
3.054
2.402
4.19
3.777
3.353
3.121
3.352
3.274
3.065
4.849
3.054
3.429
2.185
4.351
4.805
4.941
3.699
3.787
4.681
3.909
3.792
3.792
5.033
3.431
2.574
4.165
5.051
4.606
3.792
4.242
5.004
4.717
5.004
5.033
2.287
3.757
2.361
2.92
2.963
4.673
3.716
0.889
4.1
3.475
2.361
4.988
4.322
2.655
3.278
2.345
1.826
3.851
3.141
3.792
3.825
2.498
4.044
4.374
3.368
5.033
2.599
3.475
3.537
5.033
3.16
2.32
3.5
4.022
3.828
4.41
3.768
2.958
4.242
3.924
4.856
3.802
3.96
3.682
3.409
2.559
4.418
3.756
3.285
4.09
2.964
2.902
3.909
3.384
3.936
4.767
2.361
3.223
3.384
4.374
3.874
1.869
2.571
2.923
4.717
3.904
4.469
3.065
2.547
3.665
1.334
4.988
3.303
3.66
3.195
3.886
3.844
3.054
3.709
3.825
3.832
3.421
3.353
3.201
3.223
3.115
4.958
4.287
2.574
2.398
0.689
4.197
4.479
4.717
3.765
4.242
4.269
3.816
2.361
4.003
2.69
3.195
3.802
4.856
4.24
4.261
4.121
3.054
2.475
3.583
4.222
3.577
5.004
4.318
4.053
2.559
3.701
3.943
3.746
4.04
3.489
4.941
4.242
3.909
4.849
4.786
2.806
3.293
4.941
4.581
1.612
3.708
4.244
3.916
3.532
3.534
3.054
5.033
3.582
4.323
2.604
3.825
3.787
4.062
3.682
4.939
3.214
3.195
2.574
2.427
3.544
2.637
2.997
4.849
2.69
4.988
4.673
3.792
4.069
4.849
3.879
2.361
2.994
3.825
5.004
3.223
2.205
3.05
4.673
2.643
3.301
4.357
4.988
4.261
2.449
3.415
3.674
3.048
3.362
4.294
2.64
2.559
3.744
3.356
3.265
3.343
4.279
1.848
4.673
4.651
3.792
4.165
3.332
3.29
3.535
3.116
3.792
3.223
4.767
2.697
2.559
4.108
4.849
5.004
4.826
3.95
3.117
3.356
3.868
3.01
2.849
2.662
4.14
2.662
3.421
3.799
3.398
2.836
3.054
2.287
2.132
4.988
4.849
3.421
2.895
3.916
4.763
2.454
5.004
4.128
3.433
4.191
4.49
3.747
4.207
4.856
4.988
4.941
2.602
4.941
3.084
3.195
4.988
3.732
4.14
4.41
3.522
4.118
3.805
3.941
3.37
3.825
3.081
3.909
