3.694
3.352
4.829
4.87
5.005
4.228
4.163
2.775
2.927
4.357
2.575
3.749
0.796
1.762
3.996
4.848
4.117
3.201
4.118
3.213
3.885
1.763
3.704
2.805
2.866
5.205
2.294
4.823
4.344
5.019
3.306
2.791
5.122
3.049
3.393
5.06
5.06
3.872
3.566
1.989
4.962
4.693
4.227
3.825
3.383
3.987
4.609
4.571
5.013
5.013
3.336
1.832
3.302
4.027
3.711
4.995
3.452
2.139
5.099
3.081
3.022
4.131
1.812
4.168
3.813
4.9
2.257
4.84
2.652
2.029
2.369
3.73
3.039
3.028
2.084
3.891
4.014
4.335
5.016
3.24
1.883
1.851
1.846
3.711
3.736
4.981
3.163
1.471
1.085
3.766
3.676
3.437
3.143
2.972
2.972
1.642
1.642
1.642
3.635
4.413
4.797
4.222
3.734
1.192
1.966
3.689
3.804
3.267
3.09
2.769
1.751
3.558
3.376
3.132
4.335
3.862
4.749
3.433
2.915
4.314
3.988
1.941
2.161
1.242
3.742
2.553
3.15
1.887
3.172
3.882
1.268
4.482
3.586
3.946
3.492
0.505
0.841
1.957
0.538
1.333
0.782
2.232
1.934
1.842
2.495
3.777
2.075
3.465
2.434
4.151
1.477
1.996
1.732
3.491
3.373
3.429
4.239
4.066
3.265
3.11
3.538
3.722
4.203
4.825
2.252
3.585
4.849
4.637
3.117
1.009
3.432
1.737
1.493
1.271
2.827
0.817
3.213
0.124
0.198
2.067
2.08
0.452
1.047
3.579
2.299
3.646
3.459
3.64
1.684
3.26
3.071
1.678
4.958
1.076
3.874
3.356
3.724
2.562
4.243
4.14
1.207
1.179
4.177
2.653
3.653
0.222
4.46
4.166
0.657
3.308
4.605
4.217
3.172
3.269
2.404
3.725
3.567
4.87
4.793
4.663
3.54
4.152
1.308
3.543
3.988
2.901
2.773
3.604
1.879
1.536
0.624
3.308
3.522
3.6
5.039
2.535
1.659
3.557
0.655
1.828
3.875
3.847
3.22
3.701
0.614
0.366
1.047
0.213
0.988
0.987
1.841
1.539
3.527
4.366
3.153
3.487
3.643
1.237
1.026
0.258
3.448
2.21
3.334
3.746
1.114
0.05
3.495
3.427
3.681
2.465
2.683
2.972
4.089
3.448
1.711
2.841
4.042
0.403
2.962
3.497
-0.066
0.191
3.439
1.542
3.514
3.246
3.791
2.881
4.347
3.652
2.246
3.705
2.598
4.001
0.538
0.659
0.79
3.629
3.391
0.859
2.471
2.514
2.493
3.431
2.586
4.039
4.486
-0.024
0.957
1.311
0.943
3.835
2.948
0.813
0.735
3.87
0.833
1.216
3.13
2.934
3.572
2.65
0.783
1.084
1.68
-0.071
2.475
4.393
0.778
0.668
1.358
0.36
3.748
2.16
0.236
0.302
1.084
0.669
1.393
3.668
0.596
0.782
0.288
2.57
2.28
0.27
-0.084
3.369
2.831
2.342
0.79
0.532
0.577
3.764
1.96
2.86
0.509
3.916
3.165
3.193
2.272
1.209
0.296
1.45
2.415
4.3
2.739
3.803
3.555
3.884
4.895
4.48
1.743
0.395
0.196
2.932
0.8
3.269
0.934
3.126
3.323
3.9
1.071
-0.164
3.953
2.816
0.16
0.22
3.215
2.778
0.078
-0.123
3.019
2.97
-0.029
3.032
0.329
3.627
2.086
3.27
3.523
3.314
3.552
3.456
1.536
0.547
2.501
1.215
0.02
0.047
0.482
1.105
0.252
0.794
2.998
0.031
2.424
3.082
0.577
2.948
4.318
2.757
-0.091
0.681
1.347
0.494
2.998
2.644
2.95
3.85
4.279
1.162
3.499
3.636
0.612
3.214
3.345
2.018
1.678
-0.076
0.205
3.587
2.851
-0.158
3.758
2.944
2.757
3.683
3.034
2.156
2.492
2.399
3.951
3.163
1.689
0.838
2.561
0.59
2.553
0.024
0.73
-0.062
2.637
4.119
2.21
2.55
2.608
2.334
0.169
0.103
0.323
3.011
2.888
-0.07
0.088
0.47
4.196
0.577
3.431
2.989
2.536
2.438
1.906
0.783
0.404
1.874
1.133
0.206
3.913
3.707
1.107
2.642
3.072
1.255
1.556
0.361
0.611
0.106
0.163
-0.149
0.339
-0.201
0.108
3.095
1.428
3.579
2.777
3.001
2.666
2.635
3.006
1.612
1.02
0.061
3.33
1.258
1.205
0.566
3.193
3.303
3.203
0.194
1.563
3.184
1.613
-0.013
0.635
0.953
0.49
1.426
2.496
2.756
2.495
0.985
0.343
0.031
0.415
-0.088
-0.053
1.615
0.726
2.248
3.21
1.22
1.507
0.995
0.049
0.001
0.934
3.519
1.022
0.835
0.705
3.784
3.679
1.86
1.854
3.141
0.562
0.112
0.004
2.906
1.56
1.903
0.084
2.466
3.454
-0.061
0.47
2.72
3.334
3.19
0.247
3.739
0.536
-0.057
2.706
3.281
3.446
3.178
2.783
2.974
3.211
2.459
2.067
1.503
1.272
0.26
1.311
2.358
0.664
0.016
3.717
3.161
2.595
3.263
0.214
0.038
2.426
0.921
3.264
2.932
3.194
3.241
0.251
2.827
3.61
0.52
3.325
2.591
1.005
0.118
0.291
-0.108
0.135
2.803
3.44
0.676
1.955
3.028
0.485
1.498
1.694
3.292
3.539
0.517
0.072
0.152
1.023
1.497
2.388
2.48
1.394
1.704
0.198
0.87
0.194
2.863
0.164
-0.078
0.057
3.519
1.656
0.123
-0.065
0.934
-0.063
1.756
3.009
2.044
2.756
-0.014
0.459
0.032
2.843
0.365
3.05
-0.026
2.28
0.271
0.627
1.085
3.225
0.211
2.152
0.85
3.288
2.831
2.964
0.413
2.318
0.045
0.318
2.637
2.703
2.135
0.558
2.179
1.93
2.832
0.641
0.55
-0.12
1.769
0.238
-0.166
0.864
3.269
0.892
0.134
3.3
2.22
1.881
-0.04
1.226
2.448
0.049
2.141
2.85
1.999
-0.013
1.614
-0.099
-0.015
0.24
0.107
0.251
0.03
1.65
2.346
2.734
0.347
-0.094
3.863
3.306
1.121
1.531
2.646
2.496
0.946
0.386
0.136
2.85
1.772
0.315
0.088
0.246
3.482
2.602
-0.078
0.177
0.221
3.241
0.607
0.344
3.081
1.008
2.403
2.987
0.733
0.161
1.202
0.047
0.016
0.052
0.271
1.574
0.092
0.016
0.015
