3.744
1.995
4.047
4.071
2.143
4.375
1.871
3.884
4.518
3.937
2.454
3.667
3.817
2.722
3.684
3.228
3.412
3.772
1.381
3.289
4.282
4.426
4.265
4.521
3.006
4.754
3.96
3.164
3.651
3.462
3.766
3.153
3.227
3.498
4.144
4.879
3.412
2.392
3.815
3.904
3.877
4.393
4.213
3.437
4.167
2.781
3.947
3.647
4.188
3.972
3.705
4.132
4.172
3.508
4.109
2.894
3.649
3.912
2.871
3.734
4.591
3.979
3.227
4.166
3.593
3.131
3.931
3.107
2.542
2.565
3.739
4.164
0.752
3.522
3.906
2.847
3.573
3.669
2.895
3.765
3.667
4.187
4.519
2.979
4.806
3.995
3.284
3.873
2.883
3.885
3.37
4.113
3.275
3.189
3.796
4.107
3.034
3.992
3.696
2.755
3.587
3.156
3.732
3.768
4.398
3.788
3.975
3.262
3.443
3.119
3.4
3.157
3.326
4.196
4.26
1.119
2.927
3.327
3.745
3.572
4.143
4.234
4.06
3.781
3.211
4.002
4.912
3.614
5.035
3.575
3.282
4.361
2.676
3.691
3.485
3.845
3.496
3.562
3.632
4.126
3.296
3.03
4.419
4.006
3.884
3.578
3.63
4.467
3.275
3.663
3.528
4.345
4.037
2.955
3.381
2.917
3.815
3.713
4.109
3.59
3.688
2.207
3.846
3.819
3.735
3.067
3.317
2.663
3.779
3.121
3.729
4.033
4.688
3.409
3.377
2.943
2.77
3.425
2.88
2.414
4.181
3.889
3.461
3.09
3.769
2.825
4.986
3.771
4.449
4.356
3.523
4.266
4.38
2.163
2.622
3.523
3.644
3.447
2.716
2.993
3.803
4.046
3.834
3.782
4.21
3.885
4.399
3.442
2.557
3.366
3.809
2.228
3.687
2.884
3.206
3.133
3.453
2.971
3.748
1.548
3.165
3.627
3.88
3.336
3.876
1.105
3.439
4.36
3.711
3.599
3.626
3.488
3.66
2.706
1.017
4.374
3.39
3.041
3.538
2.382
3.622
3.347
3.286
2.391
3.585
4.073
3.428
2.777
3.763
4.587
3.196
3.889
3.138
3.705
4.482
3.109
3.32
1.538
3.715
4.337
2.877
3.805
3.068
2.688
2.59
3.947
4.492
2.449
2.97
3.249
3.198
3.829
4.531
4.525
3.126
4.323
3.982
4.272
3.281
3.738
3.831
3.381
1.635
1.941
3.713
3.305
3.719
3.321
3.16
3.857
2.625
4.204
3.945
3.733
4.263
4.185
3.363
3.293
4.3
3.177
4.456
3.059
3.356
3.365
3.597
3.686
2.821
4.013
3.712
3.869
3.914
3.324
3.575
4.33
3.297
4.187
3.246
3.336
2.232
1.947
4.019
3.509
3.805
3.237
3.858
3.328
3.155
2.852
4.081
3.505
3.403
3.643
3.649
4.13
3.093
3.72
4.794
4.583
3.376
2.891
3.643
3.954
3.627
3.809
3.477
3.31
4.127
3.855
3.031
4.215
4.464
2.656
3.134
1.913
3.872
2.948
3.949
4.684
2.915
2.274
2.952
2.434
2.144
3.162
3.64
3.6
3.823
1.875
0.704
3.839
4.026
4.639
4.294
3.004
3.526
3.178
4.19
3.784
3.505
3.69
1.264
2.568
3.846
3.777
3.605
2.479
4.089
4.2
3.2
3.526
3.83
3.122
3.967
3.785
2.684
4.137
3.334
3.144
3.692
3.106
0.994
3.454
3.125
3.389
3.147
3.181
3.147
2.878
2.015
3.606
2.642
2.659
3.854
2.345
3.03
3.899
4.523
4.077
3.92
4.048
3.493
2.563
4.002
3.667
4.177
3.469
3.52
4.172
3.988
3.045
3.496
3.937
2.902
4.243
3.692
2.719
2.946
4.394
3.147
3.45
3.537
3.388
2.498
3.225
2.395
3.892
2.926
4.077
2.284
3.656
4.012
3.421
1.68
3.999
3.359
3.616
3.634
3.304
3.963
4.225
4.873
3.951
4.197
2.295
3.608
4.003
3.17
3.337
3.708
3.386
3.579
2.919
4.057
4.096
4.574
4.109
2.911
2.543
3.791
3.313
3.255
3.634
4.525
3.422
3.681
3.785
3.932
4.086
3.532
4.227
3.879
2.745
3.859
3.629
3.498
4.195
3.277
0.964
3.29
2.646
1.407
4.024
2.504
3.304
3.321
4.3
3.558
3.339
2.938
3.662
2.754
3.309
3.684
3.91
2.538
4.039
3.547
3.335
3.071
3.654
3.977
4.279
4.161
3.42
3.19
3.109
3.199
3.347
4.285
3.799
3.027
2.822
2.942
3.612
3.412
1.248
4.322
3.507
1.04
3.379
4.175
2.758
4.831
3.09
4.037
3.6
3.407
3.523
3.859
4.168
3.541
3.267
3.959
3.259
2.022
4.225
1.719
3.781
4.074
2.533
3.73
4.384
3.523
3.243
3.856
3.861
3.471
3.878
3.726
3.874
4.767
4.079
3.476
3.415
2.913
3.774
2.666
4.32
2.28
3.21
3.603
3.72
3.79
3.654
3.627
3.834
3.014
3.324
3.456
3.633
1.776
2.046
3.923
4.253
3.326
4.167
4.001
4.242
3.586
3.134
3.797
3.32
4.151
2.81
3.621
3.791
4.066
3.836
4.519
4.314
4.103
3.351
4.001
3.749
4.615
3.649
3.607
3.877
3.34
3.469
3.453
3.387
3.756
3.362
3.522
3.322
4.408
3.252
4.32
3.998
3.214
3.163
3.831
3.223
3.357
4.237
2.132
3.952
2.654
2.727
3.921
3.374
3.26
4.742
4.257
3.931
3.814
3.575
4.345
3.238
3.105
4.171
2.055
3.605
3.999
2.555
3.287
2.644
2.377
2.707
4.116
3.054
2.971
2.564
2.989
4.544
3.377
3.021
3.973
2.55
3.506
4.412
3.255
3.551
3.993
3.015
2.058
2.634
2.969
4.276
3.252
2.893
1.411
3.651
3.639
3.741
3.265
2.988
3.792
4.051
0.526
3.76
3.735
4.204
3.795
3.328
3.446
4.018
4.472
4.21
1.253
3.207
3.208
3.8
4.299
4.138
3.138
2.446
3.617
4.238
4.082
3.5
3.602
4.173
3.458
2.716
4.05
3.898
3.746
3.588
4.505
3.697
3.317
3.136
3.675
2.442
3.378
4.115
4.305
2.938
2.529
3.411
3.375
3.659
2.613
3.136
3.3
3.602
3.705
2.386
3.691
2.818
3.951
2.844
3.805
3.497
4.419
2.362
2.603
2.307
