3.7496022091892036
0.36316226529904094
1.0346118025545938
1.2288984358510286
2.8011869258331212
3.6496162084327497
3.059089912369315
1.8827293483110856
0.8621711075292211
1.950077097766299
2.796958089468857
1.8995999957432832
3.1505466125091917
3.483121695155274
1.9220190446780578
3.1502348756660576
3.1968466961062467
2.3357719396801557
2.8597458576194508
2.709892175272962
1.6010749517072536
1.0472536136225146
3.43295730803295
1.2343476233854376
3.6212006147274685
1.561785255340268
4.425009361341516
3.6496162084327497
2.628746230807731
2.984052099231787
0.8621711075292233
3.035284522117155
4.259052099231775
1.8259650218379373
3.462210461826673
1.062715659416734
1.0283538839635038
1.4256216496538365
4.071958089468863
3.3840014595625187
1.4348921752729558
1.4348921752729624
1.4348921752729553
2.984052099231787
0.8621711075292211
3.3840014595625187
3.035284522117155
0.137171107529229
1.4008421366628894
1.7558362682437791
3.921778912173179
5.036248230175289
2.8285433970061216
3.296027685392358
2.5494391626945965
3.2017790353946043
2.205890773976525
2.4760139964980374
1.062715659416734
3.6493044715896175
3.695916292029757
2.709892175272962
3.483121695155274
6.526567562676698
1.6010749517072536
2.984052099231787
3.6496162084327497
3.1502348756660576
2.8292907826952702
4.0882734254506
4.259052099231793
2.7581216951552796
1.4471422202598974
1.2250770977662881
3.6493044715896175
3.6215123515706007
2.628746230807731
1.4005303998197003
3.1502348756660576
1.383659752387572
1.4348921752729553
3.1502348756660576
4.0879616886074395
3.363029472540521
2.709892175272962
3.1502348756660576
2.3382572127610923
0.8134677541816138
4.0879616886074395
2.984052099231777
5.036248230175289
3.035284522117155
2.137171107529227
4.072025873401925
2.6567160326509867
3.43295730803295
3.1745999957432605
4.571095469325407
2.462563454373431
4.0879616886074395
3.363029472540521
3.1502348756660576
1.0283538839635038
2.681788318410812
1.5274234798870405
3.6493044715896175
1.8205754528388778
4.638263707416343
3.0012344835070937
1.8995999957432832
2.984052099231787
2.796958089468857
1.4348921752729553
3.7449328941935636
1.4348921752729558
1.1356197455478578
4.015689989393431
3.035284522117155
3.3588154535429786
3.6493044715896175
0.8756216496538158
1.9339617711964974
2.462563454373431
1.4348921752729553
0.137171107529229
1.062715659416741
3.3338095661532043
1.0286656208066645
2.9631408659031417
0.8621711075292211
3.6496162084327497
3.455017838293141
1.4348921752729553
1.1831152005000405
3.1687428392441137
3.5873430213741275
0.8756216496538158
3.1502348756660576
2.2473655877483396
2.9631408659031417
3.8849318636389945
2.984052099231787
0.8621711075292233
3.1502348756660576
3.455017838293141
1.7977981655100437
3.0485087586181225
2.796958089468857
3.6496162084327497
2.4371776021845046
2.955948242369654
1.4348921752729558
0.8621711075292233
0.33771565941674675
1.5274234798870405
1.2477981655100323
0.13717110752921968
3.483121695155274
4.0879616886074395
2.530018352970138
4.0879616886074395
3.1278158267312253
3.6493044715896175
5.159931863639001
2.150234875666029
2.961633050296958
1.4005303998197003
0.33771565941674675
4.551765401286801
1.7558362682437791
1.361240703452776
2.3385689496042974
1.062715659416734
1.6013866885504142
1.8827293483110856
4.75812169515528
0.7098921752729606
3.1968466961062467
1.7558362682437791
2.9631408659031417
3.483121695155274
2.8285433970061216
1.6010749517072536
2.709892175272962
3.1502348756660576
2.7701585705937
-0.04992290223371754
0.8621711075292211
1.4067883184108134
2.663108006260964
1.4348921752729558
2.984052099231787
3.288666714780184
1.0283538839635038
1.4348921752729558
2.257364883502109
2.984052099231787
3.328360378618736
2.6350041493988097
1.5498425288218365
0.8621711075292233
3.1502348756660576
1.4348921752729558
3.1502348756660576
3.921778912173179
1.062715659416734
4.587031284530994
3.483121695155274
1.383659752387572
3.5343541180406812
1.0627156594167388
1.361240703452776
2.5388017646486314
3.1502348756660576
1.4348921752729553
2.663108006260955
1.5277352167301728
4.259052099231793
2.628746230807731
2.96163305029699
2.1666252487924065
0.7098921752729606
2.709892175272962
4.587031284530994
3.4999923425874395
4.0879616886074395
1.4005303998197003
1.2343476233854376
1.3836597523875591
1.6010749517072536
1.0627156594167388
2.796958089468857
3.2017790353946043
3.6215123515706007
1.8827293483110874
3.932026903956451
1.9220190446780578
2.5494391626945965
1.4348921752729553
1.0286656208066645
1.5271878594941128
1.2343476233854376
3.483121695155274
1.72147449279054
2.100144547630794
3.483121695155274
3.483121695155274
0.8621711075292233
3.162177602184483
0.8621711075292211
1.5277352167301728
3.347260108277799
3.4831216951553245
1.6476867721474222
3.483121695155274
1.4348921752729558
4.384001459562526
3.483121695155274
4.049193078226994
3.328360378618736
4.465431246310008
1.361240703452776
3.938108006260959
2.4491466936897948
4.550495972839972
1.0283538839635038
2.275469444610509
2.8481905123542552
3.9381080062609626
3.483121695155274
4.482718329028058
4.049193078226994
3.134073745322364
3.1582709016554538
3.6493044715896175
3.483121695155274
1.4284599816565513
4.587031284530994
4.3102845221171915
0.8621711075292233
3.483121695155274
2.8138287369010153
4.798524971307561
3.462210461826673
1.2062437665232957
4.587343021374128
3.6493044715896175
2.9758486313181165
1.1831152005000405
2.628746230807731
3.128127563574386
4.416266368855826
3.483121695155274
1.5274234798870405
4.307491401373454
2.96163305029699
4.624813165291762
3.6493044715896175
1.1741466936898175
1.3492979769343116
1.363162265299041
2.1506216496538237
4.924304471589593
3.0488204954612406
4.587031284530994
3.9841128529251217
2.663108006260955
2.100144547630794
3.483121695155274
3.1278158267312253
4.75812169515528
3.6493044715896175
3.3286721154619108
3.296027685392358
3.500304079430586
3.6493044715896175
2.709892175272962
0.8621711075292211
4.084354118040741
5.2750656344602955
3.483121695155274
3.3472601082777653
1.574035300327179
2.975083592421567
3.0009227466639596
2.0811757992739923
1.7375634543734377
2.462563454373439
2.796958089468857
3.375144547630771
4.924304471589593
2.9631408659031417
2.522798165510028
5.175935462777577
3.861712778550094
3.495855825557243
3.128127563574386
2.796958089468857
3.17442764717145
3.534354118040729
1.6010749517072536
3.375144547630771
3.1278158267312253
3.5870312845309953
3.0352845221171854
4.065542639672632
3.2350816883156237
3.162177602184513
4.021089221364845
4.603360378618742
3.534354118040729
4.435233882447951
1.8999117325864012
3.128127563574386
3.462210461826673
2.8296025195384025
3.8620990684640772
1.2477981655100256
3.6493044715896175
3.162177602184513
4.774992342587446
3.695916292029757
3.70053689447495
2.955948242369654
2.984052099231787
4.049193078226994
2.9631408659031417
4.924616208432727
3.7375634543734377
0.6750770977662839
3.6493044715896175
4.437177602184507
1.5274234798870405
3.4625221986698054
2.275469444610509
2.434459597511284
4.238140865903151
2.2549058641673088
3.034537136428113
3.5116330502969695
4.809354118040735
3.455017838293141
1.5274234798870405
1.0283538839635038
2.3504188158522292
1.4348921752729553
3.012563454373413
2.984052099231787
0.9960211907371104
3.8620990684640772
3.021867761433565
3.6493044715896175
4.065542639672632
1.9339617711964974
2.628746230807731
3.70053689447495
3.3338095661532043
5.223031368632727
3.5664730437491374
1.3615524402959234
4.573529924802939
3.328360378618736
5.125262769717253
2.8768767946493905
3.483121695155274
3.0143732887885544
4.149753840119272
2.8481905123542552
3.9111156706278343
3.6212006147274685
4.250083592421573
3.1278158267312253
2.984052099231787
4.259052099231793
1.3612407034527507
3.6496162084327497
1.4348921752729553
3.462210461826673
4.638263707416343
4.66152754432415
1.5274234798870405
3.462210461826673
3.6493044715896175
4.587031284530994
1.4348921752729558
4.259052099231793
2.462563454373439
3.328360378618736
5.487057522854922
2.048912124745374
1.361240703452776
3.162177602184483
4.587031284530994
3.1838492654302146
2.095523945185547
3.128127563574386
3.6493044715896175
3.0378713605721575
2.663108006260955
1.9119012409362584
4.970916292029763
2.3382572127610923
2.663108006260955
2.100144547630794
3.455017838293141
1.7279680317745512
5.682333271992658
2.337715659416744
3.4377599672095616
2.774539040534042
2.337715659416744
2.100144547630794
2.96163305029699
2.462563454373439
2.96163305029699
4.75812169515528
3.6493044715896175
4.3102845221171915
3.030836268243785
1.2196943086478904
3.6496162084327497
3.1502348756660576
2.165877863103343
3.1502348756660576
4.789226124696604
2.0378713605721575
3.70053689447495
3.9841128529251217
3.296027685392358
1.5277352167301728
3.70053689447495
2.933529193434841
4.199304471589601
1.5277352167301728
3.700848631318111
4.75812169515528
1.6013866885504142
4.924304471589593
3.233199498630419
2.96163305029699
3.5134428847120343
2.226802007305167
2.975536894474956
3.6493044715896175
1.4005303998197207
2.96163305029699
3.4625221986698054
0.8621711075292233
2.984052099231787
1.4348921752729553
1.5274234798870405
2.933529193434841
4.825537228543578
2.628746230807731
1.9339617711964974
4.986919891168398
4.266087191560143
3.483121695155274
3.6493044715896175
2.3488169413875624
0.8624828443723707
0.8367852553402781
4.699442103276123
2.96163305029699
1.2089617711964955
2.448363441689327
1.5617852553402725
3.223444249335221
2.7999942481477027
4.924718217829728
5.9865165250410755
3.6493044715896175
2.421088640601601
4.75812169515528
1.5274234798870405
3.4611219185884035
3.4626242080668077
3.4265510052886046
3.4999923425874395
2.809354118040735
1.5274234798870405
2.628746230807731
3.6493044715896175
4.049539040534052
3.483121695155274
2.796958089468857
3.208961771196495
3.483121695155274
4.049539040534048
3.347260108277799
4.809354118040735
2.8285433970061216
1.7468677614335668
3.6496162084327497
3.534354118040729
3.9841128529251217
4.774992342587446
4.571027685392378
1.3746912455773455
4.587031284530994
3.6493044715896175
2.6496912455773507
2.77453904053406
3.035284522117155
1.746867761433553
4.438030892371993
3.712177602184512
3.1278158267312253
4.437177602184507
3.483121695155274
1.3746912455773455
2.337715659416744
3.021867761433565
1.2343476233854376
1.600327566018151
2.96163305029699
3.483121695155274
3.4718884857253047
2.9832593268418903
2.9407218169683094
1.933961771196497
3.70053689447495
3.8612270830897306
5.9865165250410755
3.128127563574386
3.938108006260961
3.6493044715896175
4.638263707416343
1.7279680317745512
2.6084633891316176
0.8621711075292233
2.9226867721473995
3.6212006147274685
3.6493044715896175
6.398910267502298
3.534354118040729
3.1278158267312253
2.96163305029699
5.488514408347692
3.1278158267312253
3.70053689447495
3.483121695155274
3.57672103553239
3.3128983328245094
2.77453904053406
2.4371776021845046
3.8620990684640772
1.561785255340268
0.8621711075292233
4.421294342224076
3.128127563574386
4.550184235996838
3.002968031774557
1.5127701651494863
3.157729348311084
2.8285433970061216
3.9373606205718903
3.3338095661532043
3.17442764717145
1.4348921752729553
1.8483675728578493
1.0087289561521549
2.421088640601601
2.4999923425874395
3.3128983328245094
2.6381622652990395
4.409073745322358
3.1278158267312253
1.5274234798870405
3.6493044715896175
2.2366330502969807
3.6212006147274685
4.236633050296982
4.587031284530994
4.53435411804073
2.758433431998441
3.3057057092910553
4.065542639672632
2.648228385899731
3.347260108277799
3.1278158267312253
3.977763896724093
2.984052099231787
3.700848631318111
5.675316795544294
6.261516525041081
2.96163305029699
4.587031284530994
3.4625634543734303
3.7827147749543655
4.638263707416343
1.7279680317745512
3.9841128529251217
3.208961771196495
2.2473655877483396
2.7468884857253104
3.296027685392358
3.1278158267312253
4.238554612143229
1.7468677614335668
3.157729348311084
2.146756368070957
3.3338095661532043
2.933529193434841
3.455017838293141
2.3129391445052394
4.986919891168398
5.109628664323068
7.635975618410589
2.5388017646486314
1.9220190446780578
3.483121695155274
4.266087191560143
2.774539040534042
4.049992342587451
3.3475718451209313
2.77453904053406
2.975536894474956
5.862031284531
2.4516515167985378
1.8011838547488082
4.6385754442595175
2.31028452211716
5.153828150685916
2.663108006260964
2.899359863238382
2.14126636885582
3.50205358167698
4.47726914149359
4.065542639672632
4.986919891168398
3.1278158267312253
4.0811757992739945
3.101599677269529
1.634689341471407
3.9248150708519964
3.70053689447495
4.571027685392394
1.8949793932980223
3.70053689447495
3.6493044715896175
3.283286755581418
2.215721816968315
3.938108006260959
3.862031284531001
4.065542639672632
3.5343541180406812
4.065542639672632
2.100144547630794
4.603360378618742
1.3659693035422573
2.77453904053406
3.826765401286806
1.1741466936898277
3.4377191555288316
3.455017838293141
3.3128983328245094
4.437177602184507
1.2196943086478904
3.9406948447159347
3.462210461826673
2.746435183671911
3.6212006147274685
4.603360378618742
3.462210461826673
3.434106604964524
1.600327566018151
3.462210461826673
1.1587973840741221
3.6493044715896175
5.9132637074163625
4.575256521756611
3.162177602184513
5.038152314053761
4.603360378618742
4.809354118040735
3.035284522117155
3.4626242080668077
3.5664730437491374
3.534354118040729
1.0218677614335587
4.2547998289466715
5.587031284530994
3.3338095661532043
4.100669454022439
2.2590520992317784
3.4793227958989976
2.2366330502969807
3.1278158267312253
3.6212006147274685
2.100144547630794
3.8940817895110498
3.500304079430586
2.116259874200565
2.7884428847120257
4.924304471589593
2.774539040534058
3.1278158267312253
3.5411549754931957
1.527735216730178
4.504179389332652
3.1278158267312253
6.6590014595625036
2.8620990684640772
3.6686116995281366
3.862512814704212
3.5134428847120343
3.483121695155274
3.1278158267312253
0.8621711075292233
