3.1278
1.8398
0.78691
0.79515
1.019
1.0968
0.88057
0.98326
1.4789
0.79778
0.52632
0.71301
0.69288
2.3126
0.70239
0.1574
0.61992
0.74587
1.1213
1.0553
0.55218
0.53794
0.4877
0.53794
0.71205
0.52751
0.72374
0.94696
0.72988
0.86569
0.73102
0.28701
0.16352
0.70172
0.78163
1.1928
0.21263
0.72549
1.9139
0.45123
0.65204
0.53794
1.4369
2.0966
0.82195
0.77206
0.86119
2.578
0.53794
0.65178
0.1574
1.1213
0.99649
0.90307
2.0713
0.87426
0.2935
0.93866
1.8531
0.71205
0.6531
1.0998
0.55334
0.45123
1.0871
1.5055
0.86119
0.86119
0.26679
1.1103
0.29475
0.94865
1.4369
0.50915
1.8531
0.71205
0.73181
0.1574
0.73759
1.2477
0.55334
0.79051
0.73845
1.019
0.73845
0.1574
0.45123
0.78859
1.9855
0.71205
0.29702
0.56572
0.71544
1.1213
0.46765
0.7586
0.78859
0.80792
1.8531
2.0117
0.73552
0.82195
1.019
0.54322
0.56572
0.91744
1.654
0.1574
0.54322
0.53495
0.61462
0.95233
0.1574
0.70862
0.90407
0.53794
1.1222
0.95233
1.3
0.8559
0.5645
1.8531
0.45123
0.58709
0.2935
1.1213
0.63526
0.90407
0.73845
0.78859
1.8637
0.67265
1.4369
0.73102
0.51473
0.95233
0.73845
1.9235
1.1213
1.1336
0.1574
0.73326
1.1424
1.019
0.60411
0.65178
0.4664
0.88177
0.72988
1.2807
0.73102
0.2935
1.093
0.2935
0.88674
0.28731
0.5071
0.31145
0.70771
0.1574
0.35545
0.46765
1.3139
0.56572
1.3
0.77627
0.62012
0.46378
0.71205
0.46378
1.2206
0.54322
0.25259
1.7119
0.52402
0.12789
0.90825
0.80479
0.82443
0.73102
0.53794
0.54322
0.72988
0.57327
0.80974
1.0328
0.95233
0.5713
0.73432
0.56043
0.71491
0.1574
0.1574
0.45123
0.82825
0.91956
2.767
0.97397
1.2982
0.1574
1.8531
0.71205
1.034
0.71205
0.45123
1.3
1.2832
0.83852
0.69897
0.45847
0.2935
0.70862
0.58268
1.0206
1.2908
0.83852
1.019
1.2388
0.69384
0.52632
1.22
0.47531
1.9134
0.58529
0.1574
0.78859
1.33
0.083999
1.1213
0.7061
0.37085
0.73102
0.66729
0.57435
0.45123
2.935
0.96661
0.55218
0.78845
1.0123
1.2114
0.62266
0.54928
1.8531
0.70601
1.8398
1.8625
0.59148
0.79778
0.69455
1.2355
0.28701
0.6577
0.65448
0.20232
0.52094
0.54328
0.71491
0.61064
0.78569
0.28981
0.83852
0.73845
0.61064
1.1213
0.77324
0.6173
0.74388
0.74388
1.034
0.72988
2.8634
0.73102
0.32886
0.62627
0.38136
1.019
0.65204
0.77206
0.73845
0.86569
0.93777
0.54322
0.91735
0.78859
0.86119
0.56572
0.12789
0.4664
0.73845
0.58197
0.63637
1.206
0.91956
0.46561
0.6791
0.79406
0.76324
1.034
0.90407
1.8531
1.5133
0.78481
0.83852
0.88099
0.86619
0.73845
0.1574
1.8398
1.4394
0.56043
1.5783
0.54322
0.67265
0.31422
2.5445
1.0826
0.71205
1.4732
0.99559
1.2355
0.90041
0.79937
1.7199
0.87458
0.21315
0.95233
1.8531
0.71491
0.53794
1.9139
1.3836
0.52632
0.95233
0.363
0.51818
0.96819
0.77901
0.9956
1.0014
0.55218
0.54322
0.45123
0.78481
1.8531
0.73102
0.78859
0.73432
1.6626
0.79778
1.1506
0.1574
0.73845
0.91956
1.5018
0.45598
0.94909
0.52452
0.53794
0.86619
1.019
0.2935
0.1574
0.71491
0.53794
0.85412
0.83852
0.49752
0.78859
0.71205
0.73845
0.82195
1.2807
0.2935
1.2908
0.55218
0.97911
1.019
0.56043
0.4664
0.6836
0.78675
0.73181
0.42031
0.87115
0.73181
1.2355
0.59591
0.73102
0.46765
0.68109
1.8637
0.56247
0.3082
1.9855
0.1574
2.767
0.64524
0.51233
1.1631
0.21263
0.1574
0.73845
0.29702
0.89636
1.2355
2.3341
0.53794
0.71205
0.65178
0.78481
0.83794
0.73102
1.0984
0.28701
0.72374
0.46765
0.88674
0.46765
0.56572
0.21194
0.56572
0.47103
0.54322
1.3024
0.5071
1.019
0.53794
0.56572
0.63335
0.53495
1.9139
0.52091
0.71205
1.9899
1.0415
1.1714
0.099474
0.70862
1.7119
1.8398
1.019
0.95233
0.96819
0.95233
0.72558
0.73845
1.019
0.88674
0.88674
1.2114
0.68725
0.79064
0.75041
1.6746
0.55385
0.78859
0.62432
0.71491
