3.75431095838
3.76809504131
3.42027993047
2.04712459965
3.47942026602
3.91171505528
4.04574517601
4.04089615908
3.5230994637
2.70269564662
3.05079353923
3.4202871718
3.49474769704
0.294091107972
4.44583742466
3.78700668038
3.99842481511
4.41016828351
2.17871545643
3.91246697128
4.04089615908
3.59218440585
3.70343155794
4.48151475617
4.58390020316
4.01349355861
2.48993075066
3.71061220234
3.70343155794
4.01722462431
4.0130984802
3.31186501105
4.00623935486
4.0752514228
2.60697167252
3.781233322
4.24377936451
3.78908893745
1.95727849008
3.99842481511
4.01071252805
4.41627440593
4.01141580586
3.9902636444
3.5230994637
3.78908893745
2.69425198475
3.49474769704
3.55841970874
4.10924084503
4.00699402766
3.74490611263
3.82292131711
3.034937698
3.93956804781
4.29512779046
4.22341184698
4.3385825384
3.99842481511
3.96223830305
3.00765465257
3.4202871718
1.95727849008
3.79453004525
3.93956804781
2.38908249391
3.9552164706
4.02916319891
3.93732630869
4.05058247007
2.07824769662
4.04617703439
2.98295696447
4.00623935486
3.97159522454
3.61091360946
3.66759014121
4.40870012492
2.694376674
4.0130984802
3.781233322
3.93732630869
4.37229558861
2.68448245277
4.20843111837
3.67957637572
4.4508896139
4.15449411928
4.15491455888
2.694376674
3.93340063831
3.71061220234
3.34742694516
4.3467111964
4.58439070132
3.65201871829
4.2890874765
3.64054267025
3.85810687584
2.15434430874
3.69915740216
3.79041870368
2.71316794528
1.95727849008
3.31758692102
2.54582745515
2.78905338572
3.99963098398
4.01141580586
3.93695039114
3.8155838932
4.3867263386
4.37229558861
2.70269564662
2.71316794528
4.39015879757
3.97952391778
2.35081767007
3.97009249478
4.17654465966
4.52502913564
4.02120430007
0.840344162531
2.80161098232
4.34228981679
4.31934711358
2.38908249391
3.78886904417
1.95727849008
4.61484228168
4.40184698084
3.51888884801
4.0243090909
3.986779179
4.31841814826
3.98761950726
2.21811161353
4.38755855927
3.38520903487
3.91120219688
4.06950089977
4.08629373742
4.00675658887
3.59218440585
3.55194543493
2.70269564662
3.67694188215
4.20636598239
3.91406935467
3.76709585497
3.93197182129
3.57538226111
4.37817933105
3.51888884801
3.51888884801
4.36155600481
4.35677519346
4.3090811967
3.57598370018
1.98471268036
4.34228981679
2.32421618883
3.33398533068
4.47511294897
4.43399272419
4.14541712942
1.90105532552
3.83841325755
3.94266624512
3.21116165372
3.59042822823
3.59632751427
4.10924084503
4.65788479231
3.56001417285
3.5238296814
2.99401993318
3.76709585497
4.38136237163
3.78908893745
3.99842481511
3.51515968061
3.04751654346
3.93732630869
3.99963098398
4.24181472248
4.37150511419
0.827871416707
3.92684898576
3.43874174418
3.86907971347
4.08716643562
4.55461058243
3.56001417285
3.77017887037
3.68376481433
4.18244720411
1.98471268036
3.54004677048
3.46974995109
3.61264337796
1.95727849008
4.23011197916
3.9230129045
3.37412153411
3.71556437911
4.32345842976
3.71442460529
3.9616654004
3.81981732231
2.64184711096
3.81579322201
2.48993075066
4.14332031173
4.00699402766
3.69736083998
3.6925939772
4.18873089841
4.39511080524
3.2341443664
4.00240511114
3.78908893745
2.84740792615
4.15491455888
4.00686649613
3.39770545723
3.71598975005
3.74967901556
3.34742694516
3.9993612761
4.15449411928
3.61310937473
3.55081873644
3.49697632008
4.35948742092
4.36529928623
2.64184711096
3.79580055172
4.40184698084
4.02120430007
4.58439070132
4.14083692078
4.39511080524
3.34742694516
1.80932217333
3.71625493396
3.9692127852
3.69479467253
3.62231076232
3.78146982122
3.88791650813
3.61264337796
3.55137684661
3.90353865705
3.65971520025
3.55787062654
3.61427265821
4.6333556968
3.56475021558
3.23482046818
3.89492609635
3.47016222197
3.66759014121
3.49697632008
3.27088218262
4.39057121535
4.29285313294
4.26666098123
3.34742694516
3.41133306638
3.56531323883
1.98471268036
3.88491081551
3.92062189818
4.33601587615
4.45217938444
3.5225726696
4.15491455888
3.59218440585
2.64856449785
3.65840475953
2.38908249391
4.48286501558
3.99591638815
4.41344558665
4.32141908666
2.48993075066
3.56001417285
2.70269564662
3.93340063831
4.28049790718
2.35081767007
4.42732212661
4.02871210565
1.98471268036
4.37196611291
3.84063300579
3.71598975005
3.72036380544
3.71598975005
4.50071198492
4.11401421012
3.96438458141
3.0790483502
3.49474769704
3.08916729533
4.20580837472
2.71316794528
4.20221377124
2.38908249391
3.98282027169
4.41618071052
3.99842481511
4.02120430007
4.16340275378
2.96722690489
2.15434430874
3.41719115924
4.42681662845
3.90385769253
3.68267106674
2.71316794528
3.92062189818
3.48246572074
3.05687631654
4.24210520813
3.61264337796
3.34742694516
2.06417337127
3.90332570493
3.77017887037
4.25974376092
4.11401421012
3.64252404697
3.9107931194
4.21821128993
4.04616818003
3.78534134433
3.78442490517
4.12803021423
4.2463096275
3.78908893745
3.78908893745
3.03787881818
2.39039134479
3.13079407598
4.16340275378
1.76668683152
4.34228981679
3.61264337796
4.04089615908
4.00623935486
4.08929576792
4.00928698952
3.79993365036
3.62242364813
3.74134122899
3.20841648856
4.141471115
4.29026212878
3.137493166
3.81598980956
4.03509900989
2.48993075066
4.3794240033
4.15491455888
1.98471268036
4.36155600481
3.74967901556
3.90332570493
4.37229558861
4.1396441621
3.64366082629
4.05058247007
3.8447549843
3.59632751427
1.98471268036
3.85895328595
2.70269564662
3.59632751427
4.26482523533
2.64184711096
3.08916729533
4.41123582001
4.04089615908
3.08916729533
4.01141580586
3.9552164706
4.41123582001
3.84063300579
4.40870216873
3.61264337796
3.72221171753
3.99591638815
4.04616818003
3.99344154104
2.13115681221
3.67245738773
3.62349164923
