4.0
4.0
4.28571428571
4.0
4.28571428571
3.84615384615
3.75
3.33333333333
3.33333333333
4.28571428571
3.33333333333
4.0
2.5
3.33333333333
2.53891377151
5.0
4.0
4.16666666667
4.28571428571
4.28571428571
5.0
3.33333333333
3.33333333333
3.71664383153
3.33333333333
5.0
2.5
3.34291690588
3.75
4.28571428571
4.0
4.26901264256
5.0
4.7999260155
3.06206350525
5.0
5.0
3.33333333333
5.0
3.33333333333
5.0
5.0
3.75
4.75258613349
4.0
4.44444444444
4.28571428571
5.0
5.0
5.0
3.0
1.9618007044
3.33333333333
4.0
2.85714285714
5.0
3.33333333333
1.94373988857
5.0
3.33333333333
2.5
4.28571428571
3.50549500381
2.85714285714
3.45476080974
5.0
3.33333333333
5.0
1.96535373549
1.66666666667
2.85714285714
3.33333333333
4.599852031
4.599852031
4.49431965748
2.9449057579
4.28571428571
4.28571428571
5.0
3.59310331984
2.00476174553
3.33333333333
3.33333333333
3.23454835585
5.0
5.0
3.75
1.80565843222
2.55307530984
4.27554850926
3.75374909152
2.50640978416
3.33333333333
3.33333333333
3.33333333333
4.4795128571
4.4795128571
4.4795128571
2.69587045535
3.75
5.0
4.28571428571
4.0
2.5
2.5
4.28571428571
3.75
2.76790637523
1.58936858177
3.52240473032
3.33333333333
3.3939948678
2.13865774018
3.33333333333
4.28571428571
3.57690346427
5.0
4.28571428571
2.5
3.75
2.54634072383
3.33333333333
3.33333333333
1.81198189656
3.33333333333
3.33333333333
3.33333333333
3.33333333333
3.57067859835
3.75
3.33333333333
3.75
4.28571428571
4.19729868544
4.28571428571
2.5
2.5
3.33333333333
2.15152949095
2.47612781823
3.33333333333
2.85714285714
3.33333333333
1.80723528999
1.80723596054
3.33333333333
4.49432512124
3.33333333333
3.33333333333
5.0
2.17107328897
3.33333333333
3.33333333333
3.75
3.35010945797
3.75
4.54545454545
3.0
2.53085098695
3.60140475962
4.0
3.33333333333
3.33333333333
4.28571428571
1.53305207313
3.33333333333
5.0
2.64808746986
2.85714285714
1.66666666667
4.0
1.66666666667
2.66299760435
2.07057370991
3.50723574559
2.82574011013
2.85714285714
0.860568434
0.638627298176
3.33333333333
3.33333333333
2.5
2.5
4.17767913178
2.5
4.0
4.0
3.75
4.27660701633
3.05752784931
3.04806189878
1.77266767869
4.28571428571
2.38437453906
4.44444444444
3.44341122164
5.0
2.30188046892
3.75
4.54545454545
0.949340164661
1.66666666667
5.0
2.0
3.33333333333
0.748612396419
5.0
3.75
1.92751267925
2.7773944153
3.33333333333
3.61644991807
3.33333333333
4.0
3.33333333333
3.16525277495
3.33333333333
5.0
5.0
5.0
2.89542779326
4.16666666667
3.33333333333
3.33333333333
3.57142857143
3.39410973506
3.63636363636
2.45156361411
4.0
2.70212342342
1.86054671183
2.30544216931
3.75
3.33333333333
5.0
3.18297592493
2.0
3.33333333333
1.82409155338
3.33307306888
4.0
2.95770201583
3.9743995102
3.75
1.71150069529
2.25226383656
2.72857199113
0.380785381421
1.7198998972
1.75847707582
3.0949015189
2.22222222222
4.28571428571
4.44444444444
2.67710851505
3.36478492245
4.0
2.93318536433
2.05745085453
0.470583128432
2.0
3.33333333333
1.42857142857
3.33333333333
1.81914119148
0.645622675915
3.19911762327
3.33333333333
4.28571428571
3.41054300431
2.69593927515
2.81342010945
3.33333333333
4.28571428571
2.85714285714
3.45234026201
3.0
1.6560441362
3.95711953948
4.28571428571
0.356107366582
2.31652995289
3.40048283752
2.85714285714
4.0
3.49897480011
2.94213429603
3.33333333333
4.44444444444
3.26058810949
2.72727272727
3.33333333333
2.5
3.33333333333
1.77540584157
1.90214474996
2.12399527431
4.0
2.85714285714
1.68838196211
2.91730357068
2.92642337355
2.0
3.64783646539
2.64294872992
3.63636363636
2.98413553698
0.325966548796
2.25622630368
1.83410231645
1.94640808118
3.33189589637
3.23846974543
1.25
0.427282378078
3.63636363636
2.16751174629
2.59850722379
3.33333333333
2.17994071543
3.33333333333
2.85714285714
2.15941561759
1.82920098305
3.20830469987
0.481966301799
2.5
4.28571428571
1.97885376712
2.12280102819
2.62268352509
2.24444847423
3.14931955966
2.95337495704
0.192735821009
1.71670563364
2.08045255393
2.00560723742
3.11611341579
3.75
1.87017577223
1.76901750267
1.76265670617
3.33333333333
2.01930399984
2.24825318903
0.658652174446
3.75
3.09106323868
1.96870099221
2.17126908402
0.494339143236
1.74715879772
4.16666666667
3.04011241498
2.96648614109
2.27574914694
4.44444444444
4.0
2.04311359301
2.5
1.57927355064
0.452992440467
1.44953345445
2.5
5.0
3.64804016219
3.21282228827
3.0
5.0
5.0
5.0
3.20180586406
1.96261521429
1.98562600783
3.33333333333
1.63733739315
3.52280913128
1.6313729382
2.80395228416
3.88419969007
2.96449612294
1.57756709889
0.191805079579
3.63636363636
1.82107316951
1.88152958949
0.445001696714
3.33333333333
1.85851692532
0.29872049888
0.488405153155
3.33333333333
3.5876580245
0.390584518512
3.3539794282
1.37418986298
3.18123198114
3.33333333333
2.238659814
2.90767382298
3.33333333333
2.85714285714
3.5820710659
2.35118412971
1.74704693258
2.48193432887
2.10386370474
0.343957816561
0.522635903742
2.28307718039
1.79377424841
0.510868728161
1.96125394532
3.63636363636
0.308038875461
1.86753510074
1.62106331438
1.50071443738
3.75
4.28571428571
3.4377292792
0.262319836766
0.263781559964
0.15102772663
0.319982456664
3.07692307692
2.0
4.51572010914
3.33333333333
3.75
2.37736214697
3.22254423797
2.83214857974
1.55019356736
2.74843720381
2.85714285714
2.84877856572
3.19903725191
0.276281149115
0.47450381952
3.33333333333
2.65913741929
0.241951321562
3.0
2.68829159439
3.96000530607
4.44444444444
2.440362975
3.07692307692
2.0
2.69801922939
3.02339721471
2.7418699695
2.9505489601
1.43042055832
1.62002669647
1.50783571887
3.02279262937
0.326988041401
1.84511903141
0.932760088469
2.19091109138
3.36103080461
2.54700937441
2.16189175611
3.75
1.66666666667
0.245997582873
1.92060244935
0.36305418238
2.2251848015
1.92334784025
0.96864428701
0.254494166002
1.47710807415
4.16666666667
0.996847101667
1.77797400393
2.26333465841
2.85714285714
1.79013690778
1.85346331447
2.25962693493
1.12280214826
0.909090909091
2.42157235742
0.30955467994
4.16666666667
4.0
0.705603212118
2.53211996751
1.42076721787
1.71603032097
2.64124505594
1.47884139584
1.35559837437
0.372203588486
0.456015144785
0.228876384596
0.795178700771
0.351350247586
0.724632882824
2.9848117062
1.73076275736
2.22222222222
2.91963623602
3.33333333333
1.42857142857
3.33333333333
2.5
2.20962833952
1.52952624485
0.227984276911
3.75
1.48459607528
1.46851032972
1.66776573409
3.03161676544
3.0
2.79475739056
0.378770334646
2.5
1.4614690178
2.01828783999
0.287322781514
1.48942860642
0.42864613235
1.90600093868
1.32300006121
2.5
2.53409756554
2.09210209548
2.53512227535
2.41379023426
0.577676913568
0.82358032465
0.196180120111
0.531231250082
1.94181299028
2.51061679642
2.37476633241
2.72342048585
1.82010455057
2.26168939246
1.55676658664
0.487161080043
0.324034430087
2.37722925842
3.33333333333
1.25
1.0387000078
1.77902136023
4.54545454545
3.8391654359
1.42857142857
1.84891998768
2.55576799158
1.39675645158
0.425471687821
0.319264855768
1.96535373549
1.39451439318
2.82739048203
0.688866693527
1.3887008625
3.75
0.399731304497
1.45448774202
2.85714285714
4.0
2.57203918416
1.6199187528
2.11046703837
0.396008696045
0.183971204928
3.0
3.33333333333
2.22222222222
3.0
3.41084893112
2.5696537178
2.11394855655
1.42071194947
1.26673067609
1.02694731206
1.42857142857
2.7290335577
2.12523783954
2.00507939747
1.2742987896
0.433453451842
4.0
3.33333333333
2.19963562489
1.43027522498
1.02465146018
0.208941011557
2.4723071903
1.4275698141
2.03527866304
3.75
0.879677037398
3.33333333333
1.95573544562
1.66963923848
2.45995102657
1.74097296596
3.0
2.12518497624
0.533760530608
0.582196991891
0.452445905123
0.342241734266
0.252802474424
3.33333333333
2.95249235901
1.51470502218
2.39741005003
2.40220669243
1.38740474358
1.41192098267
2.3399105913
2.42730372718
3.75
2.19395556989
0.747524638261
1.53824385669
1.29592917653
1.3864949948
1.35533876407
3.15916839242
2.27177576721
1.94130100987
0.442862659693
2.10472382605
0.451425548111
2.36578601599
0.465520294148
0.293793662318
0.456276103854
2.92172099863
2.07295840234
0.652277781628
0.0970109099788
0.800056830049
0.383075978607
1.25774963759
2.0
2.34747366566
1.59020055334
0.356466872618
1.79264243382
0.105025723577
1.88506807116
0.669253449294
2.02107294649
0.190160509876
1.57415364352
1.07399440117
1.73117506007
1.06303993391
1.77876924475
0.85880413318
1.91088050604
2.18696639513
1.8143697083
2.6686761342
3.37968720744
1.34781822562
1.8815997161
1.33923550148
1.54876331488
2.30769230769
1.43003200682
1.06906420805
1.11111111111
2.20234031038
2.89316626798
2.85714285714
1.44250973031
0.239711354176
0.196602658502
2.07282412459
1.27402771136
1.82338504121
0.53182164828
1.60472446846
1.54467958691
0.228519398305
2.060676869
1.88608238101
2.45874339864
0.596557209889
1.90675769533
1.66666666667
1.23771772531
1.12473903097
2.27810636577
0.881220599016
0.128818141917
2.84635764857
0.624600526478
0.57342939247
0.74893886004
0.514871261279
1.44717222543
0.251592531179
2.4451000616
2.5
1.61517911724
0.838023237884
0.492224395275
2.78678732839
3.0
0.788664314896
2.11906589568
2.05219998956
2.32596279018
1.87401448122
0.610055699944
2.0
2.5
1.40900405124
0.423484545733
0.348092700754
0.316905165091
2.85714285714
1.50186891668
0.393842152423
1.73502690219
0.521397507853
1.44548723102
2.00096206533
2.17253403973
3.07692307692
2.36996985805
1.54965226021
2.85714285714
1.5477358467
0.553650578684
2.06860584766
0.62525236838
0.325899831951
0.640887292102
0.558110997081
1.56326536355
0.337626763753
0.47079551965
0.685383932931
