3.1107112786
1.41713916079
3.20148397982
3.67048295645
1.52068133865
3.87449974495
3.11545756446
3.88807958923
4.01375241803
4.21116128564
2.56530347047
3.37899144166
3.92045518931
3.04558432416
3.64976086787
3.19454320348
3.05138220841
3.0952309072
2.93494452288
2.71602392197
3.11151789645
3.08518898008
4.4
4.25269480944
3.39359445497
4.11764705882
3.75380002195
1.69720979532
2.68118531909
3.72701289132
4.00998389492
3.00254531778
3.18989103331
2.89786636053
3.65845344464
4.7619047619
3.54633671187
2.98631282873
3.86688076669
3.48212337186
3.3460055925
4.44444444444
3.67966647332
2.45378439756
4.23076923077
1.74269091632
2.93488167723
3.35994324514
3.05175233455
4.02174009153
3.53738894281
4.28571192991
4.23838705786
3.42786832413
3.75120059188
3.62550040086
2.5
3.39222863139
2.26264948291
1.9911705093
4.8
3.11893665269
2.67003810406
4.58333333333
3.54838709677
3.39992739041
3.23868773554
2.98262049843
2.12920083602
4.16911672056
3.45081378671
3.02675212221
0.978679961214
2.57030000538
3.98337575106
1.01016776308
2.75296976346
3.57358463854
2.82319182375
3.86820210765
3.08564946055
4.2222402018
4.01854854946
1.59369500207
5.0
2.95866757631
3.67504787897
3.55993191898
2.57353859203
3.18711531969
2.66584200934
4.23076923077
3.60272853076
2.1444433653
2.93861392885
3.92218527074
2.67065107822
3.94020764556
2.14812009906
2.38160955576
1.97279450848
3.61362313586
3.39957425495
2.93514048394
3.72717459376
4.09204483597
3.88888888889
2.65883046784
3.89027531971
1.66844530238
2.55469144839
3.15625968907
2.1576863208
3.66330928273
3.91304347826
1.03054332204
2.8998418791
1.97761309998
2.0426294338
3.84615384615
3.77122334205
2.9615956403
3.26819953578
3.82860455935
2.99385056577
3.26090768417
4.45833464464
3.34754006828
4.59915814729
3.7670079551
2.78148366248
3.03357071782
1.8692969487
3.03098096597
2.52459343742
3.69005279172
3.88888888889
3.85555020032
2.98379697298
3.51723750787
3.81588339806
3.47031188699
3.36866865004
4.30445813884
3.84524844587
2.41572229635
2.85943160066
4.00333684646
2.38101906578
3.60259820675
3.14073636973
4.22378760576
3.14292155561
3.75727209946
2.87096122901
3.34155805409
4.28817942739
3.69955736612
3.63636363636
2.73052452426
4.09090909091
1.81533736842
3.7499551695
4.58384872875
2.91111001315
2.57618939877
3.9592543812
3.20457998249
3.45523903003
1.91365460019
4.33480092883
3.88888888889
4.52960403342
2.63512178063
2.60976552449
3.05831314375
2.57293238172
2.5047191857
2.0
0.916364286643
4.28317017853
3.28962644296
3.16640067018
3.52641013761
2.83672603779
1.42203415611
4.46548862755
3.28159185932
3.53306207218
3.69518828803
3.60004053304
4.61538461538
3.0753771821
3.28832271198
3.02019686438
2.3665402983
3.11553183781
4.52713794261
1.65750200498
2.57804833353
3.12460530549
3.26514869928
2.68081604503
2.55750907056
3.63636363636
4.02078822503
3.99127058685
2.73980657969
2.9012436331
2.75599355002
3.97612761268
3.38013199073
3.01908918253
2.8345867075
4.06281200594
2.24602275661
2.37213597275
3.76912922249
3.46126243886
0.960738266197
2.24410977747
2.51872537192
4.10226286982
3.31906946562
3.18910163235
1.42510699451
3.3878352493
3.89261458601
4.0
3.60948831774
4.23612409625
2.24564222991
3.15789473684
2.94432769283
0.942706344101
3.96407781898
2.36569164067
2.20324104031
3.33333333333
3.07737585902
3.73733362449
2.89065365645
3.25709617386
1.81251089432
3.22666719556
2.98661493262
2.8877616676
3.47097478807
3.6185390101
3.72584116371
2.55033124504
3.90887382958
3.40965160479
4.02617777387
3.68421052632
2.45143531996
2.85628975614
1.03356320626
2.89692058283
4.25153056724
1.48622665787
3.84615384615
2.5718369576
3.79420548677
3.24385046598
4.26413239992
4.58333333333
2.57191746363
2.5273987907
1.87497825726
2.89235970991
4.10471307114
3.92158120297
4.404165109
3.34545162591
3.97063927849
3.37136016339
3.92167943562
3.08374527842
3.46229598671
3.81751248773
2.32107501963
2.29757943423
1.95804955231
2.67353974283
2.62896028347
4.1950863719
3.7087356729
4.15634997189
3.90522100424
1.88377221736
3.44459798719
4.01501642333
2.81704224413
3.33333333333
3.70457549393
3.40333793809
3.33333333333
3.67228647365
3.50457833363
4.16658885777
2.00449463834
2.46488241213
3.41835306241
3.01553714843
2.5525536333
2.78774084523
2.99056367742
4.07407407407
3.93520725625
2.59161279452
2.5
2.91274567445
4.27896051535
2.86665069037
2.54633277993
3.16097343669
3.40094377813
1.73409459492
1.82638748304
3.30689743331
2.70666244275
4.12422143745
4.20500788838
3.51952407757
2.65861931992
3.47826086957
2.40547967072
4.22785697445
3.50335179735
3.92863430656
3.71579733334
3.12843841314
3.86499382672
2.03589945374
3.28488099281
5.0
3.3710010129
3.8470120728
2.58601407019
3.22262329715
3.4932237405
3.23483101631
4.42661060441
3.34525672275
3.39160809169
4.33298957759
3.32672105304
2.56604094058
3.63636363636
3.46782345982
2.39196836203
2.41540682995
2.25410983751
4.01962986881
2.88539257167
2.50274823047
3.61120259762
2.77150820745
2.9095728797
2.98633975287
2.96026767396
2.5058297542
2.72837221157
3.48398443183
3.1644497633
3.42114604513
2.40272258457
0.807150006294
2.0950879585
3.41304058209
5.0
3.12721459639
2.42266720749
3.78337781066
2.55643681106
3.52941176471
3.22445927188
3.57142857143
3.09075618908
2.63435816858
3.62807906419
4.1253811866
3.59658803232
2.49854185984
2.60108598453
3.54951443232
3.86877886559
2.76079478008
3.68421052632
3.17281774112
2.55542386104
3.59348438059
3.36100665645
1.78802594057
3.57576254456
2.9140608944
3.00051442683
3.19160309221
2.75171587408
1.04013454071
2.35458003952
3.60603308607
2.69195628486
2.0012133494
4.37468759323
3.82941767573
3.61703041831
2.61992070605
3.93419855873
2.17082334416
2.8234320581
4.21052775885
9.09712904754
3.46153846154
2.71600530483
3.18458865086
2.61264076013
3.56207710318
3.71109054479
3.0003136318
2.448256206
3.74932468388
2.85300083851
2.89021984022
3.15000894091
3.60755611049
3.97310985459
3.40694629971
3.8166860044
3.90771036347
3.04205174473
1.94101438858
3.23048840113
3.97815980017
3.65439207914
2.50103479395
4.20176068942
3.99261003567
2.88847362357
3.8153326626
3.43012616038
2.23553288115
3.62348661013
1.8817423555
3.00764390053
3.17224507293
3.98918486558
1.03587658966
2.54501010336
3.67362438701
3.6881858749
1.57250499725
3.36378755669
3.36028199862
2.0660917246
2.83070443827
2.86360926719
2.95234470986
3.9554984946
4.73684210526
4.11443891487
3.18513220974
0.861172660232
2.70417857327
3.0859194668
2.22430172997
1.29270699214
3.40404558749
3.14968935214
2.05511888489
3.13698472099
2.98912934959
3.79943994915
4.31385502733
4.73684210526
2.74339031232
2.48373298661
3.84615384615
2.35686806852
1.94642059505
4.44444444444
3.13169792019
3.40074974705
3.12874761635
4.10709732661
3.34940471314
4.0241394788
3.54181748629
3.68634011474
3.68487582058
2.82665611969
3.41569203138
3.56611541831
3.25558292471
3.9208691035
3.33333333333
0.978680617797
3.19560716146
2.83068403188
2.02830732964
3.47540290356
2.53158892928
2.9820356518
4.02911305428
4.34782608696
2.94117647059
3.75568615601
2.97977958247
3.30773067745
2.42929857379
2.22878859979
3.50100971185
4.16888080135
0.532448677265
3.48538443375
3.78346662503
3.28291609883
2.60553651405
2.97952142358
3.02371366446
4.38866065608
4.16666666667
4.01593869552
3.68917088956
2.56805345585
2.29820807065
3.43922985567
3.2951905299
3.42470158305
2.61812526446
2.36293528974
2.50653842154
3.58346636568
3.15401146809
2.24672862329
4.6656991976
3.53747209129
0.90847760232
4.05513105293
4.54545454545
1.81803600863
4.83870967742
2.72058960639
3.99233461781
3.93297757953
3.11952542852
2.95096620917
3.45285144042
3.82607090123
3.45932578339
3.72310072772
4.12499922773
2.49366398901
3.22477645675
3.6190521121
0.97375058618
3.24239608433
3.72524811503
2.72727272727
3.2093505397
4.0
4.21814373136
2.36387081444
3.30614250968
4.11634750168
2.88782964789
3.4612604181
4.34887288432
3.19454320348
3.89282757166
4.01334102387
2.66986479493
3.83547917008
3.12492283204
2.62317697828
3.25844061316
4.02830491109
2.63063004033
3.21043533583
3.32362288778
3.20209894832
2.89919530406
4.44693303279
4.29894558693
3.29774924022
3.54563697428
2.64255165433
3.35058524894
3.86949590614
2.74730964253
2.09747257219
4.26228297529
4.50114567029
3.35895502474
3.7288831788
3.24929508014
3.3415414117
3.05147532374
3.1606827847
3.43453860738
2.96838603341
4.35807594073
3.39096344076
3.64362439348
1.42970014896
3.53883312616
3.59558461607
4.57902598381
2.77603691444
3.78739323467
2.78086617589
3.08715409289
4.03133718297
4.23392094672
4.19637641559
3.38939278593
2.19452730815
3.23356716195
3.75052698741
2.71103855968
2.85714285714
3.57142857143
2.91408408454
2.38382854623
2.36932879686
3.65888230779
2.43539629132
4.00929981718
3.3802654133
2.04967644066
2.39647372564
3.26408838942
3.36838074028
2.19882262754
3.22134604678
2.3067498182
3.5924551636
2.83038903901
3.25154020236
2.9039371293
2.3278647894
3.77168572059
4.54866555858
3.35083996049
2.95494351536
2.73304468819
3.90253360782
3.24463967626
3.93061811477
2.93181448691
3.36628768166
3.15260178153
3.77333710436
3.41089073569
2.79988247647
2.40210123503
3.14069772986
1.30805993763
2.96795765833
3.23681276292
0.389323577285
2.8071390431
2.53037938705
2.93547524309
3.98723486246
2.66666666667
2.95473229289
4.4
1.98917105892
3.21902424097
4.46828888655
2.48106641562
4.14414852194
2.72882639943
1.46253442764
2.45277677264
2.87772514625
3.00645665044
4.58333333333
3.85261145731
2.89776436985
1.20446887883
2.32618353869
4.21052631579
3.73816414177
2.52022258316
2.80968406077
3.55187068383
4.54545454545
1.09379750841
2.59144325741
3.87319537252
3.23539748322
4.11323814081
3.35102800073
3.26739862561
2.790668495
3.99212089926
3.53762477636
2.87422762687
1.33238924939
3.04197586541
3.11760785125
3.58793813735
3.25798400811
2.44809247384
1.18667500714
2.94162392159
2.70224164107
3.79447455332
3.0
3.65276398567
3.53203869859
1.94325200504
2.7811779793
3.67453156886
3.03521904784
4.21052631579
3.15810077172
4.56177420406
3.61140416826
4.11117911339
2.76857116222
0.979688737322
3.09728521754
4.0
4.4559918415
3.1183266214
2.52316847822
1.15393337451
2.77061079678
2.45009218766
3.13081970773
2.28633925552
2.40618477886
3.19563904091
2.3672289813
3.08400310146
1.74007843648
2.54804274211
3.13429390683
3.0862760551
3.39023542125
4.33333333333
3.20736927912
2.94516796039
2.44705968137
2.86833728353
2.31211495275
