4.37792678674
2.7258889534
3.49651968728
5.0
2.71124204451
2.94691793434
2.75910100318
2.37713057282
2.30032772322
2.58806145191
1.65992608666
2.32358274135
2.30422604084
3.33330571651
4.02680746887
3.61891002882
2.73951713282
3.09396728089
0.314403884113
3.17527691523
2.58416461858
3.33853587508
3.78350755343
4.27259715067
3.31880015042
3.90242712365
5.0
1.65217707077
3.71053129435
4.27594458773
3.06226984287
3.90160431656
5.0
3.07520243029
1.72672273219
3.87196387563
3.41548205718
3.98434281349
0.362096913159
2.48177792232
3.93267049601
3.22294929624
3.76540052039
3.7309894667
4.03155366424
4.37792678674
0.956171959639
2.30422604084
4.41594377626
5.0
3.7309894667
3.93994756415
2.68728269331
2.90187224746
3.80131344
3.43965011338
2.87764333866
3.58152800136
2.96734440451
3.35286916751
2.5
2.36327241768
0.362096913159
3.32878987898
3.02625025933
3.38912167897
2.03930632936
5.0
3.63822025557
5.0
1.53123980761
3.39702063964
5.0
5.0
4.11351853609
2.88640455089
3.90245514757
4.49289098382
3.8705201447
3.35146129131
3.87196387563
3.63822025557
5.0
2.5
4.56904818118
1.63117438058
3.97469482488
4.00313364808
3.39702063964
3.8705201447
4.16666666667
1.92900558668
5.0
4.56904818118
4.32185934562
3.20059650178
3.64954122475
2.47324540963
2.870118992
1.73729654402
2.37352430163
3.90245514757
2.89361190796
0.362096913159
2.92130784364
2.64557787217
4.2267380096
3.26546651622
3.76540052039
2.55039264099
3.71053129435
3.60766324732
4.32941429051
1.58806145191
2.89361190796
3.19476010899
4.0
3.55398158232
2.25204662198
2.42856169289
3.20489204105
4.44444444444
0.362096913159
2.41303785642
3.22294929624
3.50952440971
3.55398158232
2.76963075182
0.362096913159
3.17248166
3.79545322061
2.68709511919
3.29973065079
2.759910397
3.36667959392
1.97738484479
1.61838148321
2.96158650092
4.0
2.46748390794
5.0
3.07520243029
3.4641193226
2.48754657805
1.42109562457
2.58806145191
2.05623658995
3.76373931668
4.03432092496
3.46415773034
3.67554704348
4.41594377626
2.05623658995
2.69876660271
2.69876660271
3.18710332115
4.56905038655
3.29885389097
3.07520243029
3.33330571651
3.22294929624
5.0
5.0
3.9450417757
5.0
2.93662684528
3.55880993729
3.10580137053
1.68052490056
2.67990533262
1.1881010349
2.98534238568
4.47904661298
3.91091420462
3.76505263827
2.97881796279
2.67946474827
3.66167792678
3.610531196
3.98434281349
2.73972428977
4.11351853609
3.37306272525
3.63822025557
3.49346222786
4.06292932574
3.4015885125
3.33330571651
3.93994756415
4.66189810208
2.55803389475
3.68421052632
3.44985205092
3.76505263827
2.96734440451
3.13669749536
3.20636151802
3.33330571651
2.98795521937
2.60647683476
5.0
0.362096913159
3.51526004347
3.53037795052
5.0
2.84755380948
3.07520243029
5.0
3.93994756415
2.39614080857
2.5
2.03930632936
5.0
3.37813364808
3.7309894667
2.5
3.33333333333
1.82487811148
4.55756914616
1.6808129102
4.21971963985
4.37792678674
2.50425647085
3.39702063964
0.584354884923
2.97769331063
3.90245514757
5.0
5.0
2.39614080857
4.00313364808
3.0671040838
4.51729118824
3.33333333333
4.61538461538
4.16666666667
2.5
3.16595419248
3.75884959847
4.0
4.32185934562
3.72290325662
4.56905038655
5.0
2.35789318135
3.25825962424
4.61538461538
3.87196387563
3.30136391927
3.06226984287
4.66666666667
5.0
3.75
1.22699120641
4.24143909166
2.97355374465
1.87280392481
4.49289098382
3.01320887274
3.87196387563
4.54545454545
2.30422604084
3.90245514757
3.33333333333
2.33242849057
3.47778939683
4.44444444444
3.39702063964
5.0
2.92353309014
1.10665233495
3.33330571651
3.40687033321
4.01055707818
4.02921900153
3.79545322061
3.82115953602
3.36876646926
2.08853587508
2.50000402331
3.87196387563
3.55398158232
2.85604422743
3.74262996018
3.4327938727
2.96680590381
5.0
3.09558803385
1.58806145191
3.81321926912
3.60874958336
3.55398158232
3.36667959392
4.05494886009
3.33330571651
3.00243045721
2.04150301218
3.90245514757
2.93846804116
3.90245514757
3.06718421771
3.0349806222
2.44022511528
3.64665007012
3.01762989976
2.70038500428
3.4540510805
2.89361190796
3.52641901549
3.55398158232
3.04238890024
3.96662628485
2.70000127144
4.0
3.63636363636
5.0
1.73729654402
5.0
3.39059290133
2.95141441481
3.36527571082
2.89361190796
3.82825902917
3.10639430176
2.68518235196
3.42587471008
5.0
5.0
2.46108263731
4.00313364808
2.77252427701
3.09790769326
2.88502423601
3.72770192102
3.37813364808
3.64144616657
3.75720139812
2.80715685338
5.0
3.22209581733
4.16666666667
4.37792678674
4.37792678674
2.24228312448
1.5986097604
2.45609282383
3.63636363636
2.16140208291
3.41239471237
5.0
2.37713057282
5.0
3.05548362966
4.11511352188
3.25825962424
3.76505263827
3.23779648001
4.70015912899
3.58791808669
2.82550108929
3.4658145532
3.29970122908
3.65411261774
5.0
4.27259715067
3.46961024735
3.33330571651
3.60766324732
5.0
4.00313364808
4.32941429051
2.15472450107
3.36069923995
5.0
3.5261407329
2.98534238568
0.289677530527
2.48837820326
1.58806145191
2.97355374465
3.43965011338
2.5
2.70038500428
3.76550036041
2.48837820326
1.84939570725
3.76540052039
2.03930632936
4.20850040282
2.2683366802
2.52962397145
5.0
1.91667042176
2.61466545363
3.67371543365
2.71533222993
1.49419243847
1.92506474044
3.87196387563
