4.318707669407267			 100
2.9759891914502647			 100
3.052968628314227			 100
1.526787752302148			 100
0.11663328142456034			 100
2.9714238864404074			 100
0.9261405547493373			 100
0.16782322484755147			 100
0.11663328142456034			 100
0.3345304288249391			 100
2.4597894646679124			 100
2.8559907002894827			 100
0.18485488409549947			 100
1.4343736582974973			 100
0.8093587248347803			 100
0.6981898281252423			 100
2.7074955034284973			 100
2.577882130593714			 100
0.2438937377347067			 100
0.13481002597026892			 100
0.16319476289756446			 100
0.8422550932750957			 100
2.5967168351828716			 100
3.423884872157206			 100
2.8659136821897326			 100
0.8587442153930575			 100
2.407409206050542			 100
2.1047096576822497			 100
0.4313201902523849			 100
2.723864645428558			 100
0.11705875777582105			 100
2.8190168050082574			 100
0.9727920738764797			 100
0.10934008886877271			 100
0.10341723048146127			 100
0.25343482490759167			 100
0.21795778919856587			 100
3.4262876515754472			 100
2.3148815166329197			 100
0.8127697933888222			 100
0.2805509915750084			 100
1.2846816250775985			 100
0.9093748014778326			 100
0.22699641509422602			 100
0.6443936735539494			 100
2.8396870466117585			 100
2.3241941068711176			 100
0.4486838406312439			 100
3.081885870473882			 100
0.10841833927814315			 100
2.2679614103232697			 100
1.9540822806396292			 100
2.5600758235423355			 100
2.7377839020481693			 100
2.911844529969134			 100
1.4760686714292295			 100
1.9884547312211875			 100
2.102845429389398			 100
0.11693164871440784			 100
2.267156897650615			 100
1.6380060164102066			 100
2.473358592450688			 100
2.7183219360280373			 100
0.9611828978228418			 100
0.10467227288353374			 100
0.3098249488670591			 100
1.564422311823274			 100
0.14555753017285553			 100
0.969818971292723			 100
1.3333491921237846			 100
3.0409779025895			 100
3.0830390093453346			 100
2.9256176711230166			 100
2.0918896329294987			 100
0.33264095175133285			 100
3.161129081523333			 100
2.457392437874832			 100
2.357612312361778			 100
0.719199232777019			 100
0.11704117598556656			 100
2.9707622011070223			 100
2.266767642480882			 100
0.12295996790383729			 100
0.11962176695720368			 100
0.12356068500120647			 100
0.08641981420198745			 100
0.3908953405874677			 100
0.09364358123207078			 100
0.1405532922701557			 100
0.1937369613799231			 100
3.3059281213420375			 100
2.4789494584465235			 100
1.1250879234951616			 100
0.2889780140593815			 100
2.3062493456737845			 100
1.6269396972773928			 100
1.5618768978642632			 100
0.32166331353635597			 100
1.496991556747199			 100
3.024929876396756			 100
0.8364860213627728			 100
1.522985777811769			 100
1.449177972709794			 100
0.2640345069649844			 100
2.910922501514898			 100
1.5120138323024517			 100
1.458443475507399			 100
1.2260942293943782			 100
0.5828858454281125			 100
0.4963515344533504			 100
0.15442900165156342			 100
2.5740292833020666			 100
0.11744361974198447			 100
2.467560057056646			 100
0.07586949758482403			 100
0.1893395189844272			 100
1.1093629475685118			 100
2.211367802428412			 100
1.538529327875735			 100
2.7331925630295424			 100
0.3512710888478023			 100
1.6597102730756677			 100
2.67465117939986			 100
1.4591440285897956			 100
0.17036192949940246			 100
2.672552418905322			 100
3.4185576433958653			 100
0.1676513943405875			 100
2.3990036467080365			 100
0.14846964611516833			 100
2.3565422806062077			 100
3.3581825752333847			 100
0.20116637020027675			 100
2.5372698057132363			 100
0.16913438497289687			 100
2.9966106420954604			 100
0.13056974589712567			 100
0.24268851394542232			 100
1.7490952842818706			 100
1.527883428690408			 100
2.5463670092823882			 100
3.1622153903072436			 100
0.20307250479779			 100
0.49115666599424657			 100
0.12957962168076914			 100
2.961095143754766			 100
1.8409546048553558			 100
1.2192227198081376			 100
1.8326824914854087			 100
0.8292378135652456			 100
0.1850271967993294			 100
1.238526997543309			 100
0.3105262408908385			 100
0.18614575111652665			 100
0.8116523703631005			 100
0.8683664138635313			 100
0.1483691016394874			 100
1.8798662660486796			 100
0.750836209842345			 100
0.253518640283504			 100
0.07672890523141046			 100
2.622140382140371			 100
0.10578426625083066			 100
2.242942599647589			 100
0.07424059306559815			 100
1.6439572057541023			 100
0.5997216056858976			 100
1.1300194010721694			 100
2.909011485728261			 100
2.2306015795272938			 100
2.2286461648126825			 100
1.393910302425876			 100
0.11790167180298369			 100
0.12274318572950055			 100
2.437631108725589			 100
1.4308035493560176			 100
0.4889162212318696			 100
2.5540092285346288			 100
3.4678655032958234			 100
0.35671935892158163			 100
0.24044645350301191			 100
3.2681955591920993			 100
0.08681743377270862			 100
2.650379555969734			 100
0.11884221774748907			 100
2.7212989688028983			 100
0.3083608759452595			 100
2.353890037621306			 100
0.14991096363926043			 100
0.12581917832829737			 100
1.0568968757948094			 100
0.15879935001198556			 100
3.156786378988314			 100
0.11847429029540484			 100
0.22811030430850276			 100
0.1751750769716518			 100
1.128212825891744			 100
0.15995528262981434			 100
0.37101657067828664			 100
0.127481019026879			 100
2.1049655452450815			 100
0.14313332644429624			 100
0.5768512739448669			 100
0.5476782940983718			 100
0.11071066910517786			 100
0.17110246883309982			 100
3.0997861178438395			 100
2.65933499027672			 100
0.29637731414821517			 100
2.8160776578974733			 100
0.11663328142456034			 100
2.3924030772370144			 100
3.1000675694319004			 100
3.1622153903072436			 100
2.203413157145172			 100
0.39725610940741085			 100
2.6073043553355464			 100
3.429154380964374			 100
2.979132877163438			 100
1.3274983304687573			 100
0.22436877086464782			 100
0.11818485891146076			 100
0.15732521594210022			 100
1.896989277778234			 100
1.4821072515810891			 100
0.82107317027347			 100
2.9613354512790915			 100
2.3216628694892436			 100
0.31917281059891955			 100
3.195951182063334			 100
0.1944477942899553			 100
1.8914029834203956			 100
0.8273008573355545			 100
2.736864613731012			 100
2.231660350110509			 100
3.1591030902918913			 100
0.11889543534686019			 100
2.7797155205545203			 100
0.3318198793552748			 100
0.1317195185920402			 100
3.5092512199958135			 100
0.07032190960643527			 100
3.1415401768853624			 100
1.9025698533175188			 100
0.06083173018116817			 100
2.822686214625715			 100
3.4200548774060224			 100
2.239754028979848			 100
1.768503516662374			 100
0.199629166104543			 100
2.6564871624484945			 100
2.7566419256945256			 100
0.1817701380056344			 100
2.9807978690485726			 100
3.2167349737950115			 100
1.5628549479281515			 100
3.308613090365253			 100
2.044369438953864			 100
3.5594252435436022			 100
3.202845671410619			 100
2.6528285609922513			 100
2.5819631223916373			 100
1.5507702632241134			 100
3.0992735658869828			 100
3.352578836198541			 100
2.664924870768547			 100
1.5397494859352052			 100
2.584884644679739			 100
1.671742321158509			 100
3.4308147533616435			 100
3.2456755443694227			 100
3.395344828511564			 100
3.4838229177068505			 100
3.413315185554092			 100
2.819163099022109			 100
3.1409697737355624			 100
3.6628066625643956			 100
3.532758055338478			 100
2.1025174729593137			 100
2.6614995819777474			 100
3.178771012171242			 100
2.697901551403506			 100
3.6166377132582506			 100
0.9407808811530834			 100
1.410071027068084			 100
3.34951930689318			 100
3.3815464784340197			 100
2.7811604095413527			 100
3.0408929645168064			 100
3.163398193002488			 100
3.4673321360187916			 100
3.7699145025273615			 100
3.2993813786844663			 100
2.752737314495656			 100
3.4087012351913866			 100
3.3571145859236404			 100
2.543042354936546			 100
2.7253110668443568			 100
3.1935602346653296			 100
1.867899592114508			 100
3.124680727749666			 100
0.2485915226345781			 100
3.3091096741717307			 100
2.858961601147056			 100
3.3199042882458722			 100
3.5777436324967673			 100
1.9930882404503767			 100
3.149598833388752			 100
3.530860701739347			 100
3.57132583647853			 100
2.650136705223997			 100
3.5181554786372216			 100
3.2805224999156746			 100
2.3926290761822195			 100
3.7515707299416956			 100
2.1575811393372297			 100
2.523631558717568			 100
2.5062692848281407			 100
2.7281710987829824			 100
3.0995089433318936			 100
1.5256928970472692			 100
2.5317780890512185			 100
3.2263036996213206			 100
2.817284161948887			 100
3.274539682089579			 100
3.128611348113669			 100
1.4979417320140478			 100
2.8511130407657106			 100
3.161256643714307			 100
3.9285360057860066			 100
3.0973420718409046			 100
2.54229736534553			 100
2.958634286664819			 100
3.325040434233816			 100
2.1689708863135886			 100
3.3787524476857578			 100
3.0100851662609207			 100
3.320202683802615			 100
3.0932735863474483			 100
2.8089205253986136			 100
2.544360359568809			 100
3.009445120945339			 100
2.3583810166134773			 100
3.493802285537922			 100
2.1252447453355563			 100
3.0276876351654733			 100
4.269318996543118			 100
3.299908326258123			 100
3.3000005980929967			 100
1.9416474939771038			 100
2.9175469359194186			 100
3.559197089816763			 100
3.2886122680022893			 100
2.4144593275749497			 100
2.0668422636030375			 100
3.4735281195685257			 100
2.6352409837504145			 100
3.432250300229823			 100
3.521096825265105			 100
3.301467325832722			 100
3.000355496493766			 100
3.4152961741369503			 100
1.0164227222152846			 100
4.2800966026573715			 100
3.5181554786372935			 100
2.418047098990508			 100
2.8423470756691964			 100
3.308797176118534			 100
0.9060525910602787			 100
3.722138104229391			 100
3.1378802925636577			 100
2.972992128706241			 100
3.5181554786372935			 100
2.3570205793816394			 100
3.3535965678197757			 100
3.1196546573798654			 100
3.344216413850765			 100
3.0539296720808795			 100
3.0654183179366217			 100
2.4514214254915703			 100
2.7605085645116696			 100
3.1598476037463494			 100
3.3004327018387967			 100
2.6537617886555434			 100
3.08854415711399			 100
3.5058905973744827			 100
2.6742103330328932			 100
3.1331901751967806			 100
2.428938653127153			 100
3.903663082489775			 100
2.8220773803882024			 100
3.05892820931565			 100
2.7936209220568657			 100
2.2583780117857164			 100
0.34117787986059245			 100
2.503688513109311			 100
3.4200202909111166			 100
3.4320166564314283			 100
1.8801765146880542			 100
4.012225143241048			 100
3.480343160749834			 100
2.7833092209000214			 100
1.8394463331894537			 100
3.3756560010122922			 100
3.419258138952067			 100
1.4113525811885805			 100
2.3818932659356156			 100
2.7789782853880394			 100
3.0325177625819806			 100
1.9078148869376472			 100
3.014992448023442			 100
0.5346741324961097			 100
1.942441191477737			 100
3.2535645350847275			 100
1.57491353207021			 100
3.4361766908336393			 100
3.9408433151025006			 100
3.0337389387084626			 100
3.1829827537391835			 100
2.3229146346420215			 100
3.1477915375042205			 100
3.333780653220049			 100
2.414957202682893			 100
2.639458946611283			 100
2.4489501277866426			 100
2.657065415045513			 100
0.3639665411812663			 100
2.856136713962567			 100
2.598714251591277			 100
3.403977855963885			 100
2.573028383278641			 100
3.3033642520510673			 100
2.1105252328236155			 100
3.2210297565442327			 100
1.748058294707898			 100
1.7400754046517948			 100
3.563824526493552			 100
3.4928726736012137			 100
3.042294371281762			 100
1.412262984338123			 100
3.338845699526588			 100
3.9213345857131423			 100
3.6054312083644415			 100
2.99585076115654			 100
2.3976685049960853			 100
0.9936357027847245			 100
2.9321479475618886			 100
2.807059952762846			 100
1.6645885972436225			 100
3.1045738129929346			 100
3.1542982066015317			 100
3.039560896137764			 100
3.2284508102175664			 100
3.7250877419398845			 100
3.151805022119248			 100
3.324718723637767			 100
2.962566153599575			 100
2.7202331537021056			 100
2.3744759890084404			 100
2.9137414325990036			 100
2.991774737223204			 100
3.9198168464559666			 100
3.480449292009609			 100
3.272915049806383			 100
2.438345034552039			 100
3.333736619166763			 100
2.514179286461728			 100
3.446663851078326			 100
3.429614462162699			 100
3.1358983719218494			 100
3.2635996924305486			 100
3.019592737907842			 100
2.2016377505507494			 100
3.699507106653627			 100
3.0083080905578368			 100
1.1668200097659591			 100
2.9859487807628553			 100
2.7777656304256473			 100
2.1813794645111533			 100
3.566001929345972			 100
3.1078142198145056			 100
2.6473287220551804			 100
1.3525168494654265			 100
3.16911102098248			 100
1.563221621106676			 100
3.1564939055017796			 100
3.112658294261743			 100
0.24503984097726553			 100
3.137811124087392			 100
3.5755558404854875			 100
3.1132912509653967			 100
3.2461131483493975			 100
1.0266122327208806			 100
2.9799762767130136			 100
0.5460092608630613			 100
2.671027448748113			 100
3.0906181566075928			 100
2.9708124333731503			 100
3.3663714508636944			 100
2.295774785495102			 100
3.4284721421523936			 100
3.5772451079462697			 100
4.283698980457864			 100
3.5182678518974955			 100
2.256047022742821			 100
3.0176291713899905			 100
3.5728257537981283			 100
3.0032663095369734			 100
2.740753584942418			 100
3.5305478346711614			 100
2.658134731519296			 100
3.329103490646894			 100
3.3307750682920103			 100
3.4297905743689596			 100
2.9751634254715054			 100
3.5766804269647565			 100
3.5785984834889217			 100
3.1409697737355633			 100
3.3733134463714554			 100
3.573341948800421			 100
3.1168488793117466			 100
4.176506657324497			 100
3.489762225610445			 100
3.5181554786372193			 100
4.184186226165762			 100
3.1409697737355633			 100
3.0416860691719356			 100
2.7022136614681505			 100
3.324277252187759			 100
1.6842653613592844			 100
3.153856519236035			 100
2.3952104033505117			 100
3.4736035518248145			 100
3.5181554786372216			 100
3.572474093213337			 100
3.5181554786372935			 100
4.0403559177681325			 100
3.1410389611773133			 100
3.0044426480056305			 100
3.358379851999809			 100
3.3300776333065376			 100
3.253333078921315			 100
3.2796660275369574			 100
3.615401943427998			 100
3.476825560963699			 100
4.051230511844113			 100
3.1409697737355633			 100
3.227747206925071			 100
2.851113040765711			 100
2.844208867042297			 100
3.311617994245917			 100
1.050992622572847			 100
1.8536077700791467			 100
3.6840503704837304			 100
3.4180498561712054			 100
3.5181554786372935			 100
3.5181554786372193			 100
3.4499793752574512			 100
3.575010663410032			 100
3.007724927635178			 100
0.9512431460175278			 100
3.5762113138238627			 100
2.9913129199593347			 100
3.638229450124416			 100
3.4937783730890626			 100
0.8666522692304461			 100
3.151917528064923			 100
3.5181554786372216			 100
3.475997814628475			 100
3.0990351184594176			 100
3.373631339473311			 100
3.029873578384763			 100
3.8176597005676025			 100
2.949655581249487			 100
3.5695089581300263			 100
3.575607236271981			 100
3.5696985104194967			 100
3.300257653389243			 100
3.375977680397001			 100
2.9925715009818004			 100
3.0868971909889145			 100
3.5181554786372935			 100
3.975478607753299			 100
3.3616289608371464			 100
3.8150555820547196			 100
3.5181554786372216			 100
3.5295160651344446			 100
2.9907717134524363			 100
3.0739374266137727			 100
3.9328583549951808			 100
3.221107539591816			 100
3.547934141060598			 100
3.3245502032919103			 100
3.1824441576263798			 100
3.3216747133620426			 100
2.7060575677166128			 100
3.5181554786372193			 100
3.0055473209439927			 100
3.564548359088776			 100
3.507011058408594			 100
3.401307144858777			 100
3.345798543896539			 100
3.003660616901513			 100
2.8880132067302418			 100
3.571400400149548			 100
3.924718904425082			 100
3.574355186623438			 100
3.4502027182311155			 100
3.012522752945458			 100
3.859359064918035			 100
2.9823150927223914			 100
3.5194869785849328			 100
3.5181554786372216			 100
3.2100608681812552			 100
4.303260254685751			 100
3.239776463137507			 100
3.841569284524179			 100
3.5567175736155647			 100
4.394157327531244			 100
1.5690993484983473			 100
3.4916172840094633			 100
4.5596734510551045			 100
3.1409697737355624			 100
3.246384797379763			 100
3.5313506050448			 100
3.5706467864561118			 100
1.767069558430643			 100
2.382809469090918			 100
3.4759899544381008			 100
3.3503271743836254			 100
3.2174871814906982			 100
3.399997937039157			 100
3.5783811811219137			 100
3.174164606766436			 100
3.4302178797826275			 100
3.353604910797815			 100
3.5683112748382695			 100
3.569404797758775			 100
2.6685999415853696			 100
2.018793080518174			 100
1.9898187118545365			 100
3.891684928543944			 100
3.0371056390175593			 100
3.017626729533383			 100
3.472412863926338			 100
3.5562873351643365			 100
3.9054940896224597			 100
3.5543316007446535			 100
3.2046476542795452			 100
3.3660110238993095			 100
2.4669518857178447			 100
3.506297123501504			 100
3.711146309183742			 100
2.0675856542495175			 100
3.366682020654995			 100
3.5181554786372193			 100
3.1409697737355624			 100
3.5661433241121867			 100
3.140969773735733			 100
3.0623564194201096			 100
3.3945212433514502			 100
3.778103525681867			 100
2.544023910978395			 100
2.663050603929406			 100
1.8719893346345897			 100
3.3461735678991884			 100
2.5816984449846263			 100
4.052518750536897			 100
2.8509002700694404			 100
3.4257325485463617			 100
3.6975767244727287			 100
3.485312020813905			 100
3.5778513889429067			 100
3.9524912548697357			 100
2.7436575921638293			 100
3.0983441900846027			 100
3.58498058977701			 100
2.6788277255539232			 100
3.9228024670577444			 100
3.5181747695722643			 100
3.0109502751330535			 100
4.613884614192032			 100
3.140969773735733			 100
4.269318996542967			 100
3.211840549019194			 100
3.5358726775088805			 100
3.555882671863479			 100
3.291911198334373			 100
3.560640913018378			 100
2.9940801240761687			 100
3.1663691632613706			 100
3.1409697737355624			 100
4.588126589618878			 100
1.7590415354448776			 100
3.4337923900319067			 100
3.555801937045744			 100
3.849308880581957			 100
3.5181554786372216			 100
3.2452082962911684			 100
2.9471783444234347			 100
3.534941320699885			 100
2.4806201314535876			 100
3.3808773789435924			 100
3.523148676591772			 100
3.2917923539655196			 100
3.324707714676414			 100
3.4149623112037637			 100
3.520894746053268			 100
4.0841138809170605			 100
3.2584261377669064			 100
3.5543467527798933			 100
3.5181554786372193			 100
3.9829978089257625			 100
3.343462078957135			 100
3.501642068461937			 100
3.1409697737355624			 100
3.5181554786372193			 100
3.5181554786372216			 100
3.5194869785849328			 100
3.3042668809059834			 100
3.5181554786372193			 100
3.577689084945981			 100
3.5065857733309644			 100
3.3850931557604724			 100
3.436707140399521			 100
3.064515629325597			 100
3.398879869908706			 100
3.2189534190117874			 100
3.917941626570317			 100
3.0101698864845283			 100
3.994849647282593			 100
3.4212194508023988			 100
3.2082644821427984			 100
3.055698797896448			 100
2.092332092870655			 100
2.8293394266359013			 100
3.120256829824373			 100
3.5163707105515054			 100
3.460059274477157			 100
3.13107479256968			 100
3.2030817497545367			 100
2.9749175658727367			 100
3.837248678989476			 100
3.5231895111318634			 100
3.1010034544226457			 100
3.268703240280683			 100
2.852163789122593			 100
3.4135230433757444			 100
4.269318996542967			 100
3.7819248145067768			 100
