4.525524897392828
4.838155585584093
4.626289772546988
4.355750177249175
4.340576340309511
4.309927285325353
4.0301303340889625
4.3409993463148755
3.839928133993905
4.353820073711544
4.133545677111834
4.4065232900790505
4.449171364920283
4.6479251966238655
3.8271824874754117
4.628417127695367
4.265254917540734
4.612143405319228
4.5832311018703535
4.343390943235997
3.8068090933597607
4.398143705313798
4.003856498078819
4.398143705313798
4.899908476872917
4.588569312992391
4.629122660704847
4.203735163780181
4.187146655924023
4.484782967809611
4.246002619035087
4.340859226451697
4.038202544703633
3.9404933894939282
4.201071476061494
4.359017611203382
3.8234369154223593
4.5555384369451435
4.855268900954209
4.35545048855167
4.15754535811837
4.398143705313798
4.79447723108906
4.181118840097817
4.4438798714763825
4.379002778109701
4.694365321451857
4.643271608630444
4.398143705313798
4.8307030335995504
4.628417127695367
4.590452140600569
4.2691008922123945
4.073231457964642
4.237263346443582
4.566379845723596
4.3404661397012765
3.8824828583453352
4.766082833360194
4.899908476872917
4.063500401372655
4.714272672182309
4.219560323951827
4.35545048855167
4.735478476518532
4.137652498864065
4.694365321451857
4.694365321451857
4.340246289543108
4.647033001789678
4.34045791947277
4.171225308611101
4.79447723108906
3.630440606655676
4.8032713885154505
4.899908476872917
4.2174137119191775
4.628417127695367
4.34663384176561
4.375011546818125
4.219560323951827
4.612650887269894
4.274662760136759
4.340576340309511
4.274662760136759
4.628417127695367
4.35545048855167
4.453252311302849
4.838031183670006
4.899908476872917
4.340459813581596
4.34738870712592
3.9657657091177247
4.583590558335787
3.6246504318982704
4.503641346510108
4.453252311302849
4.598630667134902
4.766082833360194
4.377269338660734
3.9001735723183124
4.3554446822439
4.340576340309511
4.248757535759252
4.34738870712592
4.3517132335904005
4.619763087009136
4.628417127695367
4.248757535759252
4.1039697080419355
4.4040093863030325
4.355920497087982
4.628417127695367
4.370527079883171
4.708889300109531
4.398143705313798
4.344101162860652
4.355920497087982
3.9388734913519277
4.564024303310878
4.346506180575761
4.8032713885154505
4.348630641687997
4.4355565960661725
4.3404661397012765
4.581219748287502
3.6376585949050284
4.668749391495632
4.274662760136759
4.453252311302849
4.794589421781272
4.103766545398121
4.702517561845103
4.255076620212103
3.761580009679306
4.355920497087982
4.274662760136759
4.623455158723592
4.5832311018703535
4.3652582988151725
4.628417127695367
4.467555401208095
3.9388734913519277
4.340576340309511
4.494409453025243
4.8307030335995504
3.6554093780523615
3.9909474180745623
4.215295420931569
3.697623451542779
4.255076620212103
4.341327131281544
4.344645875852988
4.341327131281544
4.755197244229599
4.34038378558974
3.6799241843551265
4.3412109683930495
3.704559937118416
4.628417127695367
3.9042629709170704
3.7156684914203546
3.8008702158836485
4.34738870712592
4.024539110604885
4.236674494151112
4.215592521141364
4.311672988790174
4.899908476872917
4.2353590421392715
4.321668860984801
4.248757535759252
4.341938892694721
4.67815372217038
3.9051972724473596
4.2148849110462505
4.284979237261504
4.611133957666879
3.869192612289459
4.255076620212103
4.398143705313798
4.248757535759252
4.244922081623033
4.135249042879491
4.666892531428141
4.683484262392811
4.355920497087982
4.041353718666516
4.1045175090552855
4.430989259170109
4.3653776837447795
4.628417127695367
4.628417127695367
4.35545048855167
4.5019998325343975
4.3275673215596
4.704856770250751
4.344951312858934
4.71553142202116
4.628417127695367
4.766082833360194
4.899908476872917
4.702577896694869
4.899908476872917
4.35545048855167
4.024539110604885
4.11800415757639
4.459594096065393
3.743941995814878
4.309311291300524
4.3404661397012765
4.370527079883171
4.099413581708242
4.220697234675783
4.196763816238507
4.459594096065393
4.340576340309511
4.510433755237768
4.075226211398881
4.133545677111834
3.8897600150734077
3.743067040624945
4.453655189994881
4.490087542520542
4.628417127695367
4.453252311302849
4.024539110604885
4.343656088761969
4.5832311018703535
3.9498999397101007
4.35545048855167
4.2460549290106275
4.122041204358272
4.420699415034903
4.35545048855167
4.366209309848912
3.8360883609139766
3.9021063135279936
4.549908208892859
4.3402253658579175
4.380264490484204
4.591279407288643
3.947000657948711
4.766082833360194
4.627820186274875
4.838155585584093
4.322717929485814
4.2592088091707145
4.353820073711544
3.892493764583515
3.9898324940471204
4.3671132485988515
4.0231371905046736
4.39208256109247
4.198726918418845
3.6663428163268996
3.920210006419209
4.3653776837447795
3.8326080061366183
4.626289772546988
4.340459813581596
4.459594096065393
4.274662760136759
3.8326080061366183
4.5832311018703535
4.438887261223628
3.6611096368965006
3.7505400820560952
3.7505400820560952
4.702577896694869
4.187146655924023
4.790670506806888
4.255076620212103
4.207567982213287
4.316337423364908
3.5932310463086448
4.340576340309511
4.304026279964997
4.387415795004793
4.274662760136759
4.411337359202814
4.271537010676776
4.248757535759252
4.6869364033049905
4.453252311302849
4.638461628940463
4.34738870712592
4.2148849110462505
3.607845126491189
4.274662760136759
3.8883119496432976
4.340906636789069
4.263135329463766
4.3275673215596
3.648931527209735
2.309744314852199
4.504695144213113
4.4413449993091785
4.702577896694869
4.640326101253122
4.766082833360194
4.675202433845222
4.263026035205002
4.459594096065393
4.738002965933675
4.25291319433403
4.274662760136759
4.499239218262142
4.838155585584093
4.7396690800026
4.430989259170109
4.648877596200893
4.248757535759252
4.103766545398121
4.341314411919501
4.678559451787297
4.570781188902729
4.899908476872917
4.655272654154192
4.708108111802338
3.9898324940471204
4.74859334175325
4.21889099235528
4.451105480398594
4.674812926272818
4.133545677111834
4.355920497087982
4.766082833360194
4.3653776837447795
4.398143705313798
4.855268900954209
4.000689888488269
4.133545677111834
4.355920497087982
4.355813672587074
2.5909155079815847
4.0404798387994445
4.629530459261904
4.584246840577004
4.337413057609915
3.8068090933597607
4.248757535759252
4.35545048855167
4.2339859715764625
4.766082833360194
4.252389817034713
4.453252311302849
4.1045175090552855
4.688410460101276
4.353820073711544
4.376742058077835
4.628417127695367
4.274662760136759
4.3275673215596
3.9990045685023583
4.3418211945166325
4.094736928330767
3.9283622584797957
4.398143705313798
4.25291319433403
4.340576340309511
4.3404661397012765
4.628417127695367
4.47174021099717
4.398143705313798
4.57873873585712
4.459594096065393
3.7192294066186906
4.453252311302849
4.899908476872917
4.274662760136759
4.386110212483482
3.697623451542779
4.3404661397012765
4.130671611489659
4.245108652712051
4.344645875852988
4.340576340309511
4.430989259170109
3.6554093780523615
4.014075449054259
4.596190963249269
4.19947376744455
4.349408317451342
4.581424927225604
4.235515283871676
3.9898324940471204
4.178343084391574
4.353349482354276
3.641682008253558
4.0636059399408975
4.820510892919685
4.5412969064639075
4.3404661397012765
4.838031183670006
4.628417127695367
4.704856770250751
4.019216926353202
3.3389501987812737
4.6363790902288375
4.145772102977165
4.628417127695367
4.274662760136759
4.340459813581596
4.171240335168557
3.9898324940471204
4.729208098885602
4.398143705313798
4.899908476872917
4.8307030335995504
4.2339859715764625
4.724936440831116
4.353349482354276
4.656040759116612
4.340823154667081
4.629726005537899
3.611214894829284
4.755197244229599
3.611214894829284
4.34738870712592
4.340586884300594
4.34738870712592
3.5644145833686633
4.248757535759252
4.045972371368642
3.6205802982592403
4.340576340309511
4.398143705313798
4.34738870712592
4.246045759764828
4.0779053264567215
4.935747053369361
3.8168599362194393
4.899908476872917
4.672176199712606
4.347705243225357
4.328531533974483
4.340323756963528
4.366965913585564
4.650199470217121
4.838155585584093
4.340576340309511
4.355920497087982
4.277399212707163
4.355920497087982
4.073670111356272
4.274662760136759
4.340576340309511
4.76320145708334
4.755197244229599
4.380264490484204
4.017556367927061
3.9016876736771833
4.434490184056913
4.633412525251234
4.360906729472883
4.453252311302849
4.551029962090932
4.3653776837447795
