3.8543491036342568
2.651235861994831
3.958142401582262
3.9767633497589574
4.108549468478153
3.385199253056425
3.1320504477808804
3.6126859778792486
3.1977784607415476
1.5071094308837694
2.221333781942279
2.136446296741425
2.8675090709016793
3.510811299530851
4.313133895578667
3.7050887458032524
2.784432444849176
3.82692055537124
2.3734698602518107
3.1447785805978032
3.665381541880888
3.6472806423539073
2.6153498076694923
4.320786930910875
4.019259323219359
4.096646913803739
4.06559317517343
3.4823713295099443
2.9000259975030103
4.265945006763263
3.622374821980476
4.467181047601894
3.7900839241832567
3.684326337833883
1.4064075153011113
3.9869968469168966
4.3553473304929105
3.8110576524286297
2.0646213545060847
2.7311060876752835
3.907849961837089
1.4769887658079486
4.22537110480592
3.8349753724483637
3.656314024367519
3.8251521013795147
1.7123410810583195
2.8675090709016793
3.9470502689292037
3.7886235074562875
3.836549966935776
3.718786642356978
3.271234146655845
1.849963883893672
4.179428864756749
3.345002343979497
4.555937479299985
4.269200453369407
3.2661083084157263
4.493118332430583
3.3326028096683276
2.552233537295808
2.0646213545060847
4.114014941133672
3.236012345519688
3.7764309697529894
2.875653726177987
4.7246558217273265
4.0928852090880365
3.7851513620167947
2.039950490589548
4.083212048388755
4.025278778973022
3.7762928295391323
3.8904133916221126
3.26377377500964
3.975425272139283
4.145493806026008
3.9236895059046963
2.9045211891345133
3.9869968469168966
4.006916474665565
5.036879572153488
3.7704153463481527
4.029728857489528
2.341050221397233
4.23019309646476
4.0750976119878946
4.008068056274597
3.9236895059046963
4.031088960489626
2.9500544245370923
4.048380930186439
3.830359419063621
4.580720249082351
3.5670064085256485
4.277586534400085
3.0662542453185666
3.3107456013909227
3.2684030495278305
3.4323325666655196
3.732206792775653
2.763127904467326
2.0646213545060847
3.540652581207416
2.920427257084493
4.264643036458406
3.1819128827825467
4.22537110480592
3.4687745350370887
2.2759455017035264
4.744561185060272
4.638315083529775
0.26417465007253327
2.763127904467326
3.297078342764956
4.655844188966907
3.7764309697529894
3.35365428117293
3.2376574765308104
3.494520036275286
4.546831131836575
2.448326062514962
1.4278107554055057
1.4769887658079486
3.7646077211630953
3.834449560461335
3.3439595412788723
2.3229707712900547
3.90361793837271
3.8965798990100335
4.023567434429884
4.082954499502893
2.592366431852027
3.429975990131213
1.9902507427994636
3.335038282838669
3.550947288553104
3.7749680391177485
5.083279555300066
4.671322604785583
3.9389156778484535
3.544016348371132
3.6040275387828076
2.3533264737782122
1.5071094308837694
3.9892816504765904
4.010058804066034
4.137777487477002
3.8987001747652346
3.689450449390573
3.8291279467230295
4.414620173157201
4.023567434429884
3.958973432195146
4.227695823440339
3.873108425158119
4.134537092539968
4.052923287022626
3.629524626290628
1.3729175787500285
4.186602297136491
3.778109395467025
3.8581445922026236
4.864640497549672
4.053542189918019
3.6628169579157235
4.142268213607093
3.3214485161434215
4.0139491693519345
2.615922164736022
2.7293154570854936
3.626710162451488
4.3401438875094405
3.9157080169266
3.005530502222027
1.775209412004291
3.8987001747652346
4.140762590743274
3.8110576524286297
2.7311060876752835
3.9176623837748417
2.8770192443409894
4.122995834694434
1.7820585904159203
3.9038428858504846
4.219391929792897
2.9753390281439764
3.941519692956463
4.74516553971906
3.355745646823901
4.056362048467132
4.258459369068413
3.9157080169266
2.85236836799975
3.2805160310027626
3.8452883685164743
3.629524626290628
2.361340593045876
4.115532180690373
3.8569249573204214
2.0646213545060847
4.270224765538637
4.097597844794759
4.64729254135766
3.7823505202977037
3.569624496454488
3.876638564140983
4.028556790686025
2.391720477407156
3.759466350839798
2.4448780331244775
4.06559317517343
4.014277731393559
3.836549966935776
3.7292207853143076
4.197788135741691
2.169112427747782
4.0121037186108435
2.9108757516172927
4.251610150220753
3.8251521013795147
0.8689583516159982
4.0598221853744745
4.5241801162721655
3.140383945393559
4.050636278337159
3.876638564140983
4.048380930186439
2.292224633861709
4.0750976119878946
3.861434409699546
4.4230755543622
3.679834645085581
4.996138629057295
4.430867722963897
3.759466350839798
3.9502167320225827
3.9756670391500903
4.551486379704384
4.481271349848674
4.731721287767794
3.9245375042395505
4.048380930186439
2.630270617671086
4.032332841169651
4.519032201464562
3.4105490405378225
3.837183250018876
3.7738897606772253
4.749722791908529
3.8569249573204214
3.1015565849638884
3.6655830377202347
4.291324070209868
3.538025708719947
1.4049237379278847
4.389781053260624
3.6394999337183394
3.3457589096476226
3.570220357211143
3.12714063654116
3.9996765283255407
3.679834645085581
3.7735967935996495
4.102371982670855
3.618583483840678
3.9600679586898915
4.048380930186439
4.497714867226598
2.757132707134726
3.629524626290628
4.068522983210499
4.4509324412566995
4.16539277385422
3.834552969290232
3.0549259730034084
4.096668261750718
3.6040275387828076
3.711512668678754
3.727938737139434
3.834449560461335
4.050526505694969
3.9520743528961177
4.697813192063907
3.9732117239127174
4.06559317517343
3.2158860828699747
0.26417465007253327
3.7332177491254463
4.276826822238203
3.7764309697529894
3.8016521446341276
4.1554144549628225
3.629524626290628
3.3849933442365376
0.8747168199094322
4.050636278337159
1.850355861284296
4.050636278337159
3.8161123038294833
3.919501396246688
3.667383807664818
3.373400811425464
3.46530144135351
3.4399207005123156
4.101380917033654
2.763127904467326
3.2519067766197343
3.834449560461335
4.017695213390795
3.4920412735595647
3.2661083084157263
4.385945042203237
3.831866925092699
4.421507482734294
3.2684030495278305
3.80659762477184
3.678873079246749
4.065573123448734
4.320607867250855
2.763127904467326
4.081502740804524
3.410761601730297
3.1467837873788174
2.037513936382706
3.8569249573204214
4.048380930186439
3.8334799839878744
4.015576094947807
2.274727042440113
4.080328022888619
3.919501396246688
4.051696014743606
4.012864024703466
4.5989154806081425
4.024313716710269
3.701316693745096
3.6917510180346684
4.3030393984872735
3.9979914159734236
3.8251521013795147
3.8251521013795147
3.1169999643677078
3.30829543950641
3.4742089579071362
3.831866925092699
2.754165343720605
1.3729175787500285
3.8569249573204214
3.59083159757307
3.7762928295391323
3.701816984143648
3.9599319176077072
3.996388306330211
4.065888348910531
3.3660109004423995
3.77737377396679
3.0410136189285737
3.539021737087184
3.689450449390573
2.9262448209157657
4.265017279515758
4.06559317517343
4.295449154544437
4.037225300424732
3.629524626290628
4.392431992248718
3.876638564140983
4.015576094947807
4.638315083529775
2.0798417492469614
3.670747971250942
3.808199017770736
3.6922388130096424
2.938311625190881
2.198284346431306
3.998472958636742
0.26417465007253327
2.6400832146012836
3.636769882891316
3.759466350839798
3.4399207005123156
3.6658996243823085
3.615743482994099
3.4704220760128046
4.22537110480592
2.875653726177987
4.055676748340421
0.8015061697816175
3.8890410583241004
3.8569249573204214
2.9027887276923288
3.730078339263339
4.119983793015699
2.9751005653347766
1.273545463397718
3.0106949377156056
3.733576560656099
