3.1629291662285723	95.35249888353142
2.1664800140988727	56.82077680021857
1.7591290573714333	23.753491817366644
2.201671947525628	48.782286794573906
2.332131599195135	44.341922715551696
1.8446869081082466	75.19858296474294
1.7096603819460623	42.75493888843336
1.1896076012864734	61.32132996030846
0.0	0.0
0.45731419775840304	72.91864029202593
0.0	0.0
2.132749420048468	58.665879890252185
0.7391621092703549	47.338357317548315
0.0	6.25
1.7125260710777925	51.07602620249786
1.1158020195674219	32.856451991432486
1.979865300906599	40.10800844572343
2.390833907566884	39.19825628841518
0.41287862808789066	79.19850367024652
1.5075869128286856	57.25170895390457
2.4387632288064145	42.74251262614357
0.5985283887583434	45.46466448717008
2.7296980399897826	39.09819916627395
1.2681813775488835	60.325566507086556
4.5994776413232445	84.62077829212976
1.3028364508854453	51.88260368795265
4.091184265515524	89.01560546012253
3.576028881375803	51.1519302417355
2.164217220859962	50.28927880847927
0.0	22.22222089751219
1.107976764779321	33.825729792585555
0.0	8.333337306976318
1.256073627801138	62.6217676676601
1.3339995367123272	38.20699608074305
2.078723938783626	40.495367413127106
1.05509852267246	27.200374848700946
0.772512814793783	36.80559289025274
2.365410002644654	82.02328991607443
0.0	42.328041791915894
2.8820199815148753	42.92271348106893
1.9983818967930733	38.58300534683929
2.9851968738032175	41.36207968701626
2.180365541560669	38.07447283029066
2.5896679399018114	26.82552015582116
0.0	0.0
3.1917556383985217	93.13257195852925
2.037879833921261	41.56580833682805
2.8050803558690474	62.95280625859989
2.114952860486393	50.12036088619978
0.3689116588865044	77.1304779671955
1.907238920415387	84.54853026245897
4.090923955376102	74.01985469439771
1.7255724271879536	40.246587184856075
1.7338098884737656	12.024386917477647
2.038989909891896	32.710062473799105
4.207412883075991	70.80929267469529
2.3894607501438685	63.559400929086785
0.0	0.0
1.542469817977836	27.298061779296688
4.805226366792915	92.36080174448739
1.0497180389648362	4.407631845312721
2.42535260292319	65.02935926006016
3.4092282807542267	46.491349881177676
1.0069871760446982	32.079781212960015
0.8575767225812783	36.912911362401026
1.6037568494560228	38.717525504944575
1.953234769895902	31.269179611536924
1.3255648393407504	56.31784773876451
1.6390305890582735	47.734019268450346
0.7209258584691602	28.540307948081768
3.236882888873554	49.93047593241222
1.9486881689521007	51.46185975459968
1.4839693065809851	49.210421822408975
0.9548055207049279	35.41414311349007
1.570066597324785	54.32322932735689
3.833898147193197	58.79510001220572
1.9169218141648214	21.92824743091606
3.099787648035752	48.53410405890474
0.9445335902693887	39.03539986532013
1.0323835405993567	49.07932860126066
3.866847481804415	59.8100377901486
3.5359522261564056	50.011832582641766
1.2193895429690027	12.594152992009189
0.591167481020191	56.06618603236597
0.6790650347666328	40.742178199471844
0.5361135073347526	47.25509260083245
0.6137833426885606	50.844855632932195
0.9538700042859511	34.51758512631818
1.011412105588189	48.015117461771304
2.437200687500406	95.54877874605683
4.504956387386783	81.1785282090279
2.514503863332144	25.29091871484911
3.499200208127836	48.977608386247574
2.1929393341445405	62.64274523407598
1.6165027505179066	54.18562148415125
2.5411622658508097	52.06486496880319
2.5408689358684673	44.25294777876696
3.0539332912887867	53.08039860053056
3.132928844552916	73.60287789866379
3.1429918327260054	46.25117452887143
2.706230600570298	29.294736253852307
1.2716660765503662	32.73192609467313
1.8767331392377786	43.14755152119708
0.6479113273483245	42.32630856072828
2.424291130271427	38.34813045989478
2.7012799834614647	40.17440796131867
1.8131648465870056	49.41115547530617
2.4894406863470055	36.03772242504186
2.023584500277437	58.07249855794375
2.3973421986629675	56.569043537847655
0.9964395669296542	58.541813934824546
0.0	0.0
0.9970276738641439	40.220993737170474
2.03910401051168	23.693391049448486
1.083023735447187	42.80910653864781
1.5408226741812863	66.48030061191777
2.0702780176256077	22.056273491564447
2.064256406548954	39.41146250324129
3.00514261593813	98.00011875841592
2.3571561077162917	58.26777568923811
1.309494212475175	6.859100370023907
1.3267415400166858	78.85061565072417
1.9744066806774871	37.573881111243146
1.905999466619461	43.47803912596946
0.7949763344198567	65.63704101576914
1.4161359461732748	71.40168538196863
3.951745286115205	62.465163225334976
0.6828976762384709	20.185409990512305
3.7428758426819764	56.03647829492926
0.9429527165690037	60.28648370958353
2.6971352069888503	29.09815329911516
1.5646021044397065	14.803650581815464
1.0983742467099085	39.00022687932455
0.0	43.74999999988244
1.2417333237231167	35.20975471393949
2.3386628201482744	61.84362995619789
1.0495448386450281	58.81235494661134
0.8044540987716108	28.731669314541474
0.8948584264102408	28.499447983428173
2.0243299970736075	16.391647748208126
2.2153694134495967	61.07340509851183
3.055898035518991	47.37029203021874
0.9097737991946329	45.009107119399594
1.8135690790116932	39.620813730351564
1.2254412202450207	35.98430629696128
1.5817523297724956	33.76245683270249
1.6987338420496054	34.797565618194135
1.8275664629344754	41.94186507593247
2.5944723021095055	60.900194807538135
3.204154539037034	55.62935598849181
1.1922190917030135	40.33054165632244
3.4376785236644154	47.2705345282542
1.7814354689622556	66.84724858010046
1.0210266714494045	65.13885178970078
3.064345177684342	58.34673456652576
2.1715121344938506	47.66635728808336
1.0619576728394646	34.88684967172193
0.0	0.0
2.403701002727482	84.06648416241094
0.6202861328498211	49.60723494660678
0.6572445180055114	59.44328840348745
1.4060530249193643	7.907940435539573
1.0834417259882343	12.90579778380958
3.439036840717412	92.07526814508469
0.7391997491480679	75.21472437062177
3.0159703027837197	36.384307469093294
1.3596369967705677	50.97531227814075
1.473682889377523	58.923588266520724
3.9793687702507636	84.16664831118527
2.0336460899044524	52.459120379937204
3.3864562631424233	70.5641006055088
2.0600903321402413	44.05683604831345
0.5519712982917615	58.533406667650254
0.5795311660801007	59.322102933055845
0.0	0.0
3.3667657340144412	45.3404460309352
2.284256384181404	68.1735462950283
0.0	43.75
2.272198019283756	24.696986716021442
0.8233368417771325	43.822777319697835
0.0	0.0
3.639044715408981	76.59767421192043
0.5770490400221552	57.32224226498395
1.8308378380990888	52.8263104176465
0.7479836792310869	60.37008040688623
2.0615585445823243	84.55724086747509
0.0	0.0
1.7308784514431226	41.73762253724175
2.2869177341843874	52.648470804037764
1.6297032637168836	68.31423278086295
0.8613481103450377	54.45669428581681
0.7034502085792429	81.28658329638284
2.4993808567474316	34.91771347070058
1.053790236999714	63.502217627026546
0.7996265457382652	46.676325557812895
2.08022621188155	28.89567760685945
2.1463603919416303	26.410364465654766
1.4599373323462586	8.525668057513236
1.7360858123548752	26.976083522822037
1.5139493372481159	13.733455338452693
1.9451053315060203	39.94963276479284
0.590468984356441	55.18930927112295
0.0	29.285717010498047
2.535080400833892	38.562814868362494
0.7900101822878948	43.39753701592187
0.4797318272318525	59.86210023361921
3.2422813061184295	66.01466248215816
2.7479260807501933	30.204390981068464
0.9615131933644426	32.90675903708695
0.0	0.0
1.1303186402103533	35.192844092340835
3.686248934777378	54.353724836589414
1.375224641368655	45.313599934793515
2.807416342762779	41.094302123103134
2.164623722271795	37.739522942161855
2.0558231989577127	38.84426298456497
2.1303913535987684	38.451792306430264
1.6452468011083603	71.25727401138097
3.782503658542951	57.229335707563244
3.5180119890581536	57.97328917912259
1.1852959045777922	22.5011239965923
0.7724496284916177	59.412714966859134
0.5663688181603113	90.82084736175352
4.016112412707027	64.51663564599782
3.1772280879722525	40.37911329199927
1.8870112274011266	49.572189080125476
2.4746504183856426	61.11256447939406
2.552594648197429	55.46695650784426
2.6739044447295646	43.28505261707307
2.4139800925409185	65.79553571477193
0.0	0.0
0.0	6.25
2.8240200540404716	48.25041484189154
3.5880970458221224	59.20817202068396
0.0	0.0
3.987100954698776	63.587896091839546
0.5360816280635917	44.99207293812937
1.481354935695849	60.89355659192558
0.0	82.58928656578064
1.225450340358223	60.021915644381515
2.6157714866816417	47.52227694391507
0.8845082577292102	43.90440282708731
5.0	100.0
1.86405029643	48.88977672610741
1.0724025668340995	61.77902002925357
5.0	100.0
3.84166290249188	59.03349542552934
2.237226116834626	73.85507035392453
3.070266165343117	42.86008233696605
0.6051401513789132	78.86727926594918
2.458996344647229	50.904257804578165
2.847555441117842	89.39486073753491
2.1946102902767874	73.1305390933707
2.9712350494221553	70.38071914090507
5.0	100.0
1.8377182545864323	54.16192381260668
3.959425181944533	62.708191085666
3.474750083854157	89.76329905343644
4.799108014213189	92.12575092834103
3.3779019313288265	56.29457513629542
4.184614860475721	70.04400612205696
3.3953215712084273	83.48051132757315
3.589406122209385	68.32501303165601
3.7215996127718083	73.4374765344944
2.604508222905187	27.13385233272294
3.3306131097644185	78.60500479134102
2.692271630991482	48.11123692838679
3.0973752738046167	98.50718028765418
2.0302603991686707	49.58067191500158
3.5067569204600106	49.18937639677671
3.72640022227165	67.39518317734658
3.768537699159771	56.8075055599537
4.262287970364367	72.6683949692512
4.425922079093039	78.35514500081298
3.8210011134020814	68.68229907406968
4.908108281746973	96.35810762141288
2.166008300560357	60.470193583574414
3.4740828466802225	93.4054176887838
1.6475843244748516	65.49907180019562
2.5343510485109677	73.8326425816453
2.014634266785133	16.235004915619488
3.155559528391159	62.72292433942172
3.825176580168645	61.484053620932066
4.1496002073586515	68.87672752364384
2.6886919087366437	60.33332162400809
4.903710166439885	96.18549358578355
2.3875769049047224	62.80718016086348
3.456564292077842	68.2080447840857
3.0955425003425177	80.67743549559233
3.4415812478079104	63.77756412580998
5.0	100.0
2.993679584312719	35.848469814123085
5.0	100.0
3.7541322485540056	74.53190020466477
2.3496727899779115	55.121345673773305
4.939348972222304	97.58867307757413
3.113341277247845	38.771575634460966
3.4671929366844205	48.08570744077735
3.2467046660453387	84.7051308213386
1.6479622188932375	54.64107770916643
2.94070509318145	43.147051498936825
1.8550404595626222	55.08814523919723
3.48129669288322	68.99849708808136
2.6026842951712847	69.7286174500434
3.643735782539478	61.786756994423996
2.9540243869351506	94.19659499656822
2.2182214957198845	37.24807735845298
3.859834667346482	91.59186469018836
2.770758479064199	30.708410197224612
3.4447820672125724	47.466093962357306
5.0	100.0
4.08025425174697	66.5938990355969
3.0018709928987097	41.546784101688615
3.42804920618825	47.006085440191555
3.7562399635528627	72.3622126414117
3.3465555928542363	79.8193107879881
3.421375211305329	46.82323334613835
2.8667270622191774	67.18792360592903
3.324598429602857	44.21181887247112
3.9953356111642533	68.73807207374945
2.1333603213226486	18.204905042375497
0.0	0.0
2.91119838846571	33.9003042280214
3.2747037270415587	67.02050333218247
3.0774031806513387	55.79330439443646
3.6198123506824738	85.51520510242132
2.464602083667968	48.24730969603368
4.832366646492638	93.407069624538
2.993041103536735	35.833180189841585
3.6117844063408633	59.926261240850934
3.480848757630497	62.40266031618318
3.4390314783485723	47.30775003628946
2.961896140151868	35.09131498018614
3.0190871846732374	76.31161848970649
4.082490847060645	83.20829490923323
2.407909357368267	37.70577512669622
3.384066132850755	51.27315499827822
2.365826080174206	22.388532166529796
3.3100816969299536	43.82656336140271
3.4973327736998145	48.92534611997934
2.994278763770733	35.86282126067355
3.652888961257105	68.2545165717538
2.1437779095976346	40.292723785911875
4.039717142081683	65.27725835211442
3.009788544726611	36.23530833587012
4.1312521657339305	68.26897782752518
5.0	100.0
5.0	100.0
2.9995113137964022	35.98827248637048
3.684139865219222	54.29154618599002
4.800812499146693	92.19120260785249
3.0089573771864115	56.53689400387272
4.826064461370329	93.16359274120677
3.553195754204603	60.77466632907158
4.960258013577679	98.4166382450463
2.5897952479631408	40.67344529324198
2.991240212565551	54.38667175528735
0.0	0.0
2.4084026697169882	23.201613677999667
4.909538702199314	96.4142810735717
2.4006918510317026	86.91506236204091
4.179355800900905	84.55304203875284
2.6408137924244985	41.3554751821946
4.81956903513788	92.91298273783949
4.597985436955468	84.56588031381825
2.2570372517079216	50.755316621657244
3.4869479259453167	48.63522335301739
3.4483517076912147	47.56451799974767
3.54692205934265	57.97118541490526
0.0	0.0
3.9523640515200387	67.97270014906861
2.644114035205628	27.96535612468556
4.134463000220217	68.37513720075982
4.386451187013277	76.96381606420076
1.5979968738690342	36.005027475399245
2.0714275785886054	35.19205452397145
3.721475750667123	74.78844515167252
3.02736340047057	36.65971663403492
3.6702791341994634	87.35474241894303
3.259552553744868	87.042867670155
3.9911304829282783	77.84223864051032
2.486958436637526	67.02380148039313
3.0496667576581062	63.5161233925225
2.253727297106758	20.317146918896533
3.4707929070579353	78.0553706027504
2.6158423110266775	52.472889805243916
3.6537787396284394	74.0389800222065
2.9433333702320015	50.97153053186274
3.1165620767294326	92.7313545362886
4.041208941094262	79.59749911145362
3.2949963886870353	43.42800480584241
4.644438414203803	86.28323273332772
2.538828122701331	68.51915774473697
3.115112290203233	41.99111320535156
2.3301100743712437	33.19300610648158
0.8744687462416567	48.86159730409047
4.386220654751153	76.95572652866251
2.4881849917442724	53.04971319999924
2.577924000513919	82.77673539712258
3.4250552168907547	94.26504343918405
3.735249302976099	82.56648014910392
3.748080232797612	66.87283214792559
3.752721146274584	66.96601476918768
4.068411103575725	86.10623532682537
5.235265975062041	90.36796068143079
2.2359783049132145	28.498587016301748
2.695196862175596	37.9822160831017
3.3526979248490543	95.13367908030362
4.008937909611472	64.28633265248
3.009614409571438	57.90309152628288
4.989151246324656	99.5665206348115
0.9357562902470098	45.837596282094516
3.0141527055793693	36.34046613020572
4.117857249197645	67.82699329907837
3.260855412502948	50.5901957931316
3.4321199603004766	47.117789687571765
2.5813047219667324	59.21907938478521
3.675127987758468	62.75983817984676
4.808617774032116	92.49121958695032
3.8979521383402	94.78849005532162
2.6487703735703807	35.27031688619214
3.237315590093364	41.920848919446186
3.5343316488789007	49.96600081706819
4.982513745260146	99.30177288682516
3.019332808489436	67.25630646051695
3.5001875811771304	49.00525241370646
3.077519084830934	37.884494869994526
2.367958998768633	61.262248459671866
3.2124495297803026	85.73825030446746
2.2495137108562395	40.565131162615174
3.121295717970211	58.53988734563136
3.9233656201919764	61.571191158817484
4.38352548864654	76.86118283845555
2.878054542648064	33.132791801828645
2.388191413651539	48.73272622457794
2.0611393701468375	26.204122738709668
3.7172773741562084	85.1455369035374
2.0205795857913684	27.645243305624
3.1240728550141594	39.03932481374528
2.585123455868298	63.20184035061685
4.065943592733075	66.12758919714858
2.3574285049063888	44.55061604485255
3.625654479326731	64.5692159172311
3.273672325003039	64.29805523101514
1.887577244215057	14.251791411514025
2.6743107276947784	52.38073616000484
3.5781313814807576	51.212096732549576
2.6849526970110817	60.11921041553895
3.095388502943775	38.325719936626015
0.0	0.0
3.5462349948094847	50.3031305536457
2.2196391313667325	24.73069498658209
5.0	100.0
3.729396166355122	55.63358306249714
3.7020626374091945	54.8210710852045
4.942476717189351	97.71230439983528
2.7028044933765942	51.73139124220732
3.1382128138202265	93.06677790185
1.6747602682561853	96.03615143151339
1.7734842321121926	78.33929955077565
3.3905955015907634	50.903554198639696
3.434507555315647	47.18336859008105
3.2402716361281825	63.282727568329534
1.5165839465638788	21.15121264080847
4.0243826338789885	64.78262233546714
3.177373297805248	52.38729871285675
4.215731602730989	71.08957178505915
4.646376431560525	86.3552557750445
3.7491666497465514	56.22500227028711
2.6696479262650596	44.167640668270835
3.5067450093172035	49.18904224148446
4.189490944309088	70.20733748979143
3.887671618229442	82.79336009030965
4.889723341343954	95.63757741953556
3.3516588359956483	57.35274971491455
2.858305368251206	50.82328546324156
2.6088417171822593	37.474885481496955
4.014108882449879	64.45228048065205
2.7064235388583766	36.27060840933369
5.0	100.0
4.257722349404275	72.5127984184666
3.0185164247626064	41.36703499853323
3.0163663537689853	41.49733684703669
3.3486275542710224	44.85322598889252
2.799203449759679	44.39162324196564
4.125686337322506	74.17824889720308
5.0	100.0
1.084570430085484	42.15053777912937
2.6882596976486086	43.63144111554998
2.711726150284468	51.35583199022344
2.8960771908919454	93.498417201345
4.276150548279503	73.14185404620436
2.8204761985150983	96.65518914588135
2.5063598054662446	45.91351678042051
2.0931583634028383	25.44371733628776
4.2157489427769805	71.09015659410093
4.1273102507770645	68.13875962467776
3.8275569949369626	73.55176186513098
3.312474536410309	43.88995021746677
4.0881747905159465	66.8526924712404
3.5911676113839492	51.5859392522124
3.5854003372679983	51.42038231392589
3.9064598261212344	61.04171349239659
4.661456435174368	86.91670438811411
3.6040644157140855	79.5764551071537
4.931346124154564	97.27269838485698
3.3219365739632654	44.1410504057392
0.0	0.0
4.761405398195564	90.68392546386345
4.918140569242147	96.75242663530189
3.738065220747904	62.48930608342938
2.925110182905944	34.22507832856018
3.951798440196368	62.46684364775378
4.30758487896293	74.22114995788034
2.8373233090305074	32.20161423987131
4.977126497423643	99.08715268542615
4.932311675282265	97.310793848503
2.0617638097656292	42.947923450006066
3.5981318830888096	51.786212192400896
5.0	100.0
2.2056081178545304	19.458828678183217
4.35303570963831	75.79567955754523
4.1262165983072165	68.10265366458393
4.681678338820495	87.67244827272411
4.316800790170831	74.53907624807802
4.5646826496285895	83.3453107672811
3.0932495666262634	38.27277152573425
3.3798520582778546	67.59491260525027
4.8232387904230185	93.0545297177652
1.6702750434541966	87.89818619609736
3.883453051804824	85.97038435725294
4.0071019813625215	64.22746515615778
4.082105080954156	66.65432756780693
5.0	100.0
4.975852239825597	99.03642205030968
3.7032031906605094	54.854855485272715
4.4681335182772655	79.8568685486111
2.3405297393022306	21.912317842232664
2.819004780255981	31.787151804424283
3.767733016790105	73.092502214723
3.803854132878939	79.8235346323888
4.097966854988664	67.17332937834274
4.621717868962827	85.4411042411612
2.3022396346541365	21.201229341489647
4.0159260199618965	82.96621210900406
4.856939482384147	94.35944454216798
5.0	100.0
5.0	100.0
4.752778662920126	90.3556200748353
4.4195184271764685	78.12857251260948
0.0	0.0
2.1998474899046023	38.00821900787157
0.0	0.0
3.2710424265380356	42.79887422484736
3.670474183763235	85.37857601246827
4.929871068911319	97.21451502435531
3.475543124273617	48.317600034742455
2.6919029734926267	42.477698795486184
4.418790565128291	78.10284023386723
4.396932330562224	77.3320556781734
0.0	0.0
5.0	100.0
3.9373002589483352	86.218815131879
3.7204433334346714	65.08165832904893
5.0	100.0
2.642920606635532	27.940117331914927
4.924498470756797	97.00274075394412
4.678513338715085	87.5539482421399
4.0426912065700975	77.54498367254536
2.671173477562715	53.06486127451291
3.103617398446174	38.529763823751196
2.6615905824040667	75.24195109254539
4.541513063633524	82.50136362861585
4.084370688701567	66.72833569089802
3.643057208564348	63.993654463268335
3.67101345168026	53.90535904966966
3.7736486917401315	56.961697794688014
4.037832144697731	82.4626195426975
4.159965272909994	77.24078423387085
4.18941130878292	70.20466845663287
3.199494246537621	72.40290273459867
2.409644830906846	23.225552844464325
4.1580877599828705	80.90777886082651
3.4549801980130503	81.14602794820898
4.590573415480921	84.29345713168067
4.429428978061013	78.47936428674652
3.839913127295688	69.85923525102339
2.9778075784120017	35.4693518961918
0.0	0.0
4.706113303514434	88.59000970206216
4.929041152261428	97.1817867227467
4.893102043013386	95.76979041336706
3.6980106676704114	70.77902911170916
4.201805189063936	70.62066738737848
4.2264447268674115	71.45134011706138
3.175874216640564	70.6035024666167
4.365582347628691	76.23323693570893
4.188238350743242	70.16536193054588
5.0	100.0
2.3507931166338434	41.24774401065565
3.7495297015295597	56.235891930609405
4.231361407621359	88.79184092000942
3.963226129639313	62.82864541862324
3.6559942257930422	84.01551744946887
4.5217011874616055	81.78312651476676
4.356030039394485	96.1585423202004
5.0	100.0
4.829110854515925	93.28124658081411
3.290409191858024	54.527856551450974
4.891037382367679	95.68898670287231
4.117863033371535	77.90816779952866
2.3567331871161414	32.56980201503876
4.675572830796134	87.44392518431589
3.9726976957401487	63.12930792695634
4.645050551793094	86.30597851485331
4.005465204097025	82.47095478718852
4.923149810002055	96.94961620689308
5.0	100.0
3.6695215724978154	58.724023777143074
4.364708805719333	76.20273183489553
5.0	100.0
4.879074497782982	95.22147181966504
1.9861512760732538	24.448931808176933
4.06549125827162	66.11287668433185
3.157451811565786	51.485811399623174
4.383252701381678	76.85161697667911
3.218157760653218	52.49127091437493
3.893412036765247	72.441682736315
4.099828913431991	67.23438847765175
4.490381115147764	90.91621726006241
4.474958568634567	80.10101676398371
5.233928467801191	90.42397117576108
3.411855977604838	46.563044847671456
3.7585804268454504	56.50770730026291
4.271631506213542	72.98734289950471
3.9274684846899985	61.70003479293263
4.916865562074705	96.70226782206478
4.913002161061769	96.55036093839044
4.753907218856447	90.39853538198176
4.016353641395034	64.52438629098857
3.8047858758825344	88.3509014846612
4.212751241820846	70.98909210185234
3.953909128250313	93.29829268473611
4.010139174640955	69.52486043866854
4.371480647651777	76.43937221117599
3.8728548487031955	59.9960187164954
4.834381530406817	93.48497912615422
2.960744859683986	78.46672853273103
4.264006877743803	72.72701861378583
2.897489147448696	53.47087565638229
2.361470906222323	45.6470228804194
3.8425594860899865	59.061053616560564
4.941777667349245	97.684666054047
0.0	0.0
4.44021217348816	94.52950597141569
4.447561322521864	79.12320687036973
4.636796801216237	85.99953830307649
4.3036272324556055	74.08482942373398
4.929060188529838	97.18253736859918
4.027773442043514	93.88018427898159
3.0131727917196076	55.005305793179495
4.591222893790467	84.31731064186285
4.591995062376109	84.34567461154626
2.567311581819375	26.364355032575602
3.8416969322657044	65.76793039410661
3.549560470313591	57.67929835650092
4.287838064009758	86.34216581167732
3.7211777603998946	55.388655697979104
4.2009389651083975	70.59155275426406
4.732269991913475	89.57751710545905
4.151369211738509	68.93546532868164
5.0	100.0
4.275483989081847	73.1190533635809
3.1564934016783703	59.460268222716216
3.936441513873332	78.31840830542234
4.17079892791109	76.46933282298056
4.350366315296937	75.70274830908099
3.761166310553959	56.58548806258431
4.0079512828159745	84.8425267459684
2.506614688872955	40.532033253182284
3.0330286644672673	46.560858648358064
4.430024680573295	78.5004746819541
4.930173382613442	97.22643833052027
2.2748723308327605	20.700176486353904
4.739409040325498	89.8479922060762
3.577336395936964	51.189342758781066
2.769914416172133	46.741725793614364
4.249708212305636	72.24007955895186
4.142164918064175	72.49889370325837
4.92654445054304	97.0833608927057
2.590450013801096	32.17542585608892
5.0	100.0
4.254035688333681	72.38727855046646
3.7849962262645476	91.16366584003195
3.9399507225191215	67.5673074732872
4.341732781540622	75.40257418521786
4.640518447492022	86.13764584605507
4.521721637743374	81.7838662769465
3.512158309116489	49.34102395318399
4.114663362693385	67.72181835316493
3.9952157717770858	69.3819447950361
2.8475709577663055	32.43464143805645
4.266911912524355	72.82614907696899
4.868819403647092	94.82160954132169
4.365303943058154	92.93678080786137
4.416955301043836	78.03797652567697
3.9262613065296565	71.5980013637244
4.386598132959381	76.9689727203309
4.012035938955552	64.38572950188384
2.3748712923224375	35.98154798158368
3.5144707012522334	83.30177372809302
4.925616138026499	97.04677735674832
3.565773416374658	77.69742238181088
3.57601017276947	51.151395023002934
5.0	100.0
3.589737998346249	81.02793312566916
4.939405397704231	97.59090273147876
4.937074218684836	97.49880736320995
3.1122527922707004	54.3204876217882
3.9373388876579902	62.01055006505543
4.496484921910358	80.87350661186879
5.0	100.0
4.454519503336839	79.37097602243314
4.893363819484168	95.78003787934675
3.4525517678168693	74.09807975592781
3.7335599998923548	69.3735135248892
4.151275106862241	68.93234005141645
4.3385998599202695	75.29379497800073
4.0491017455541085	73.24925711413742
4.227517318936751	71.48761072764073
3.272864364738026	64.27337163750613
3.9302904450241294	61.78873192899187
3.965847598863851	76.35817750989038
3.8127574611396966	58.14847782990569
3.7799136886677207	76.9443179779513
4.445153007839798	79.0375410524288
4.050514489651931	65.62667052352099
3.5345317471856674	97.35834097476305
4.068091023260695	66.19745829413696
2.9439924604903602	62.670551225887586
4.312749201784964	77.91757080895198
3.5489051051355913	76.52328228338958
3.933016548731681	61.874476690389045
3.7829506558710917	63.62797575238105
4.135458808459745	78.77455172711777
5.0	100.0
4.828610325831996	93.2619107149255
1.9227859799962999	14.788423699481324
4.689634295162367	87.97067928945214
2.636452841376924	42.765914291373974
