8.21265
5.62828
6.79578
6.88342
6.1262
6.49317
7.53343
7.71298
7.11465
7.92217
7.80692
8.26245
8.09988
6.61069
7.18377
8.39157
8.56834
7.41993
5.31707
6.55597
6.13683
8.01534
11.082
8.35096
7.21133
7.51007
7.98384
6.59898
6.29626
7.81116
8.18605
6.53223
8.05475
6.98848
9.00729
8.11052
6.46978
7.28598
8.48824
8.09043
7.20233
8.83529
7.38316
7.38604
7.63811
6.20046
7.83337
9.054
8.13141
8.42145
8.14028
6.49079
6.87603
6.1201
7.28679
9.44597
6.82453
7.47664
5.11205
5.04948
8.31447
7.45142
7.50834
8.72292
8.26612
6.2031
7.53218
9.20937
4.73203
5.92229
8.66228
8.06335
4.01446
9.12331
6.07303
5.78219
6.31497
8.70693
7.56519
7.49644
6.96854
7.50258
8.53424
5.60512
9.37832
6.67133
8.60486
8.2388
7.39401
8.8327
6.6709
8.08054
7.70914
6.81247
6.06284
7.59052
6.91392
9.15009
7.85418
5.15406
8.08631
6.67839
8.48802
6.79746
7.75392
8.32818
7.5016
7.72687
7.52045
6.11199
6.65532
5.53649
5.90124
5.5478
8.58999
3.66476
7.2818
7.79108
6.07302
8.10635
9.14005
7.45977
5.33257
9.04718
7.39167
7.76272
9.57101
7.23025
8.5313
4.93702
7.47252
8.02173
4.74336
7.80149
6.63063
6.67909
7.8626
6.03225
5.79423
7.97534
6.61628
8.77741
9.39242
7.16004
6.79539
8.21366
7.30063
8.16741
6.36391
6.54412
8.48147
8.77348
7.84227
8.86407
8.89602
8.25269
8.26593
7.86651
6.69437
5.39596
7.31176
6.35484
8.64471
8.32537
6.17634
7.74957
7.40239
7.24896
8.11444
7.51222
7.70405
6.79931
8.35731
7.6802
7.64077
6.39482
6.85168
6.61466
6.68634
5.03223
6.76331
6.56882
7.54906
7.63359
8.5303
6.43339
8.44254
6.8279
9.25936
8.80409
7.98451
7.13647
6.90055
7.93419
6.44988
7.44136
6.78134
7.19763
7.26048
6.42386
8.16555
6.18602
6.16255
6.43222
7.65025
7.17411
6.97908
7.37387
7.80594
6.26653
8.83205
7.98818
5.15963
5.84834
7.64777
5.39915
7.77295
9.66414
6.02997
4.43576
5.58169
5.41853
8.72386
7.80733
6.1368
6.18079
8.38938
6.70507
9.12584
7.58948
8.61088
6.53235
8.69497
8.47041
4.72391
7.24504
6.05043
7.76365
8.95514
8.09286
8.64735
8.02155
9.33725
7.80103
7.53682
7.91742
7.06082
7.40449
9.23693
6.54686
8.59484
6.88049
5.80765
7.30216
7.97627
6.85387
6.10538
5.00324
6.49948
8.09277
7.97945
6.25623
7.31461
7.74616
7.75679
7.07998
8.92766
6.59141
6.46558
5.83981
6.32069
7.27097
10.1721
8.52366
7.976
8.29715
7.01211
8.62515
8.78141
8.95456
6.70168
6.54899
6.47189
6.50159
7.96834
9.11619
8.93518
8.64939
8.05214
8.80915
6.98897
8.67467
9.85948
8.19399
7.4035
8.04365
8.05727
9.05027
8.17193
9.17642
9.75214
9.0887
6.10271
8.3906
5.95366
7.7974
5.94208
7.96134
8.24856
6.24754
6.41906
6.73943
7.29856
8.02403
7.17606
6.47478
5.39887
6.55768
6.93442
6.29735
9.35533
8.59604
7.05548
9.16434
6.92947
7.61107
9.2652
5.68127
7.17434
9.04808
8.11449
8.17537
9.58874
7.5078
7.47552
9.35676
9.4978
8.48303
8.8673
8.46085
8.60942
6.48126
8.37929
8.92483
9.32939
5.63707
7.29048
7.03455
7.95154
6.93881
9.62146
6.707
7.08636
5.58476
6.46201
7.97254
8.68416
8.38422
7.87821
6.85118
6.53956
6.18972
7.42313
8.36206
9.15863
8.96269
7.91559
7.36856
4.08472
6.89772
6.48966
9.57698
7.04726
5.78441
6.57969
7.14819
9.60306
7.81917
8.86135
8.44548
7.01617
7.20735
6.1652
8.18688
8.87669
8.40728
8.63827
9.88275
6.07972
8.88657
9.20573
6.66901
6.611
6.66809
5.51249
9.38494
7.55521
9.43816
4.70353
7.46896
3.89881
6.9147
9.29587
6.65477
7.36528
8.36589
6.81037
7.21015
6.85581
7.11863
6.80557
9.02578
9.16611
7.68794
7.42417
7.70635
6.14059
7.59843
7.75945
7.92367
6.19976
7.74866
8.59832
6.78049
7.07837
9.16053
8.07161
8.41362
8.7359
6.48235
7.7193
8.9612
6.55777
7.86932
6.51071
7.96235
6.28346
9.3769
9.47541
7.88965
8.85945
6.31361
5.35342
7.48404
6.11643
7.20815
8.37859
8.25968
4.29965
7.53783
7.7353
7.14759
6.94989
7.83822
8.59827
6.48719
6.11898
6.98498
9.1057
7.80378
7.89722
8.19714
6.76343
5.04193
5.13886
6.95053
7.87569
6.49266
6.68382
8.06325
6.86828
6.1986
9.12962
9.1023
9.52233
9.14137
9.76994
7.37354
8.49496
5.68413
7.99118
7.72329
6.47615
7.43766
8.87896
9.02642
6.33229
6.67577
8.29032
8.01247
9.62813
7.00871
7.83198
8.32454
8.85285
7.74321
4.99325
4.01408
6.97252
8.53709
5.26926
7.39659
5.4823
6.79968
5.63992
7.53497
7.99365
8.5971
6.93661
6.82639
4.27025
8.2266
9.24675
8.20587
6.01516
7.15887
7.14448
8.39493
7.33156
7.44902
8.36535
8.59587
8.72226
8.24617
9.68833
7.52985
5.78825
6.9149
8.31234
7.95701
7.37772
5.72782
5.90886
8.23645
4.92506
7.43148
8.50651
7.38846
3.72438
6.94072
8.10836
5.06688
9.33225
6.69799
8.79936
8.54988
7.17086
7.33805
6.66136
7.74285
6.84872
9.27254
9.15837
8.42421
6.65004
8.39469
4.68787
5.95867
8.67769
9.70608
8.27785
8.62109
8.22117
8.29466
8.36934
7.04374
7.5469
8.97712
8.57426
8.31144
7.42935
8.35016
7.67592
7.62995
8.30464
7.43024
6.87656
8.502
7.09215
7.00046
5.06718
7.177
7.95176
9.74836
7.73506
8.75876
6.94043
6.23153
8.00514
8.05518
6.44851
7.1977
7.99878
7.40656
8.08622
8.39556
7.74995
9.08937
6.02456
9.9804
9.60845
8.46494
6.37891
8.5124
5.67788
7.32182
7.59905
8.38272
8.89793
7.32635
7.74592
7.56701
7.4209
8.5048
8.53382
8.14864
6.3086
6.60653
6.27904
8.31109
6.8859
7.33049
8.4242
8.46928
7.91534
7.90957
7.75094
5.88384
6.95106
7.01306
7.42695
7.45585
6.39184
6.72207
8.13179
6.4603
6.77565
7.97743
6.11644
8.61955
8.06066
6.47635
7.78224
8.07205
8.57225
7.42244
7.23609
7.92129
7.44484
9.8028
6.76628
7.10465
6.08873
7.26937
7.42489
6.98317
6.68847
6.2441
4.4109
6.64743
8.5371
6.19608
7.11425
6.21308
8.48516
8.20211
8.25869
8.72094
7.61675
7.35429
7.04073
7.76677
7.99909
6.9933
7.26942
6.34552
6.93796
7.87958
5.57236
8.47969
7.98191
7.64349
5.27241
5.83777
8.00195
8.66925
5.81747
7.83
5.58175
9.07475
3.91858
6.10615
8.644
7.23019
9.21502
7.96957
7.7937
8.67827
8.8943
5.58234
5.60472
4.76799
8.53142
7.01919
8.86552
8.03632
7.10067
5.71153
8.26846
7.23385
6.70476
6.53372
5.88752
7.61695
6.90366
6.66486
8.53396
8.44953
7.75675
8.24648
8.84903
8.03038
9.87056
7.81761
6.10364
4.82715
8.77781
8.79636
6.16106
6.83654
6.19819
6.13381
7.50893
6.57022
4.73482
6.63227
6.96104
7.86045
6.71115
5.82593
6.48528
7.56058
9.27912
5.24872
8.64608
7.05056
5.47244
8.22992
5.59357
6.62548
