8.33171
10.4184
7.52709
8.38222
8.17541
7.50711
7.32224
7.28886
9.32706
8.38222
8.93623
9.43999
10.6019
6.78736
7.64026
3.09557
8.21858
9.10391
8.75227
10.4036
8.83681
8.48066
9.25852
8.48066
10.6019
8.46904
7.39602
8.89836
7.4277
8.45791
8.80928
7.33856
4.60684
9.23992
8.8749
8.70161
9.36865
8.76826
10.0832
7.91332
8.187
8.48066
9.14324
8.2831
7.56968
8.29689
9.2293
8.05482
8.48066
10.9219
3.09557
9.66606
8.68128
8.66952
8.29761
9.2674
9.55941
8.62226
8.6858
10.6019
7.60871
8.70309
8.39012
7.91332
8.30971
10.1246
9.2293
9.2293
9.24121
8.82973
9.67651
9.29761
9.14324
5.95148
8.5914
10.6019
8.98264
3.09557
8.00265
8.60814
8.39012
8.99662
7.73258
8.17541
7.85679
3.09557
7.91332
8.16531
9.84657
10.6019
9.55941
8.44995
9.01422
8.79547
5.73115
9.19143
8.16531
7.50359
8.6858
8.68618
8.49248
9.05477
8.17541
9.64294
8.24178
8.60128
8.33664
3.09557
9.64294
8.1524
8.11127
8.38222
3.09557
8.68611
9.83216
8.48066
8.25156
8.38222
8.59363
8.65471
8.94625
8.79174
6.35845
8.60478
9.55941
8.79547
7.11351
10.2901
7.73258
8.16531
8.59954
7.69788
9.39845
8.62525
8.20437
8.38222
7.73258
9.39577
8.75227
8.56189
3.09557
9.47754
8.40755
8.17541
7.65918
10.9219
5.81055
8.80151
7.54963
9.4294
8.62525
7.91335
7.49263
7.91335
10.0706
7.91332
6.66425
7.54613
7.45184
3.09557
9.23237
6.00508
8.95424
8.24178
9.3329
8.78965
7.4597
7.51461
10.6019
7.08871
9.32225
9.64294
7.5019
8.41945
8.2397
8.05166
8.70336
7.43412
8.76293
8.84078
8.48066
9.64294
7.93527
7.90705
8.76917
8.64478
8.38222
8.36088
7.68779
8.56039
9.55162
3.09557
3.09557
7.91332
9.04445
8.84428
9.50738
8.17541
9.69577
3.09557
8.6858
10.6019
8.3758
10.6019
7.91332
9.3329
8.1244
8.68276
7.95122
10.3027
9.55941
8.68611
8.73041
9.74749
8.27281
8.68276
8.17541
9.52049
9.23454
8.90684
8.99021
7.04665
8.37631
7.70934
3.09557
8.16531
9.37233
7.96502
8.75227
9.15814
8.18971
8.94218
8.65006
8.56341
7.91332
9.75091
7.8389
9.18299
9.71918
9.53093
8.78616
7.69522
8.23316
8.6858
8.18323
10.4184
8.05167
8.12019
8.38222
9.30663
8.75684
8.18971
8.65006
10.315
7.7184
7.72312
8.00972
9.55162
6.47278
6.85046
9.72951
8.68276
7.73258
6.47278
8.75227
9.02008
7.55632
7.49114
8.2391
8.3758
7.4277
9.49645
8.62525
6.89616
8.26043
7.2101
8.17541
8.25119
8.4036
7.85679
8.30972
9.00388
9.64294
8.83834
8.16531
8.78308
8.24178
8.05166
5.83136
7.73258
7.71286
8.00265
9.2182
8.84428
5.96625
8.06307
9.41059
10.5805
8.3758
10.1619
8.6858
8.59736
8.69151
8.68276
9.80621
8.85854
7.85679
10.5191
10.4184
9.28379
7.88149
8.46895
9.64294
7.69788
7.94493
8.52714
9.01944
10.6019
8.8759
7.63495
8.75684
9.54904
6.2853
8.84175
9.5297
9.12123
8.38222
8.6858
9.55162
8.48066
10.0832
9.78939
9.03645
8.38222
7.64609
6.59356
8.9657
9.93391
9.83525
9.70722
9.18299
9.64294
7.91332
8.94793
8.57347
8.94218
8.16531
7.68779
8.88756
8.38222
9.05543
3.09557
7.85679
8.84428
9.68224
8.50883
8.52818
5.56152
8.48066
8.85854
8.17541
9.55941
3.09557
8.70254
8.48066
8.69756
8.68276
6.17871
8.16531
10.6019
7.73258
8.39299
9.43869
9.55941
8.61126
8.16747
6.65183
8.17541
7.88149
5.81055
6.93379
8.24778
9.14502
6.05958
8.94831
9.00491
8.75684
7.42764
9.01873
5.83136
8.16076
8.7133
8.14499
9.72951
9.84657
3.09557
9.50738
9.50891
6.6571
8.00175
9.11009
3.09557
7.73258
9.55941
9.47586
8.75684
8.10601
8.48066
10.6019
10.9219
8.91129
8.16346
9.01873
9.36791
7.4188
6.89813
5.53203
9.76219
5.53203
8.24178
9.64759
8.74437
6.39623
9.64294
9.3329
6.29192
8.17541
8.48066
8.24178
6.69198
7.87933
10.3224
6.17051
10.6019
9.71077
7.1739
8.785
9.72951
9.40269
8.20937
10.4184
8.17541
8.38222
9.16764
8.38222
9.48015
7.85679
8.17541
9.68823
10.0706
8.78616
8.82368
8.76236
8.09911
8.95308
7.12475
8.16531
6.8628
9.55162
