4.0088029062
3.72126815184
3.98806715981
4.72293519189
3.16880615736
4.06854955767
3.70014657822
3.5381216069
3.87651411915
3.6625481384
3.97082594199
3.83594391147
0.460154778624
1.62751125393
3.3486231026
4.7227887761
4.73150423272
2.70256819689
4.2555714027
2.98487764486
3.94070870245
3.2293392254
4.08972497332
3.14900749554
2.86296851876
4.39962169419
0.692460744708
3.99898310813
3.37945131963
4.22786798897
3.14442914691
2.65597736264
4.51768958942
4.12444839286
2.73807474963
4.37926029166
4.37926029166
3.13257182189
2.92031592344
1.61277623784
4.1967425877
4.71944696197
3.13613496844
3.80538390192
3.85508879613
4.51764062841
4.25697872718
3.64152161928
3.84707551394
3.84707551394
3.16323197887
2.3802256824
1.93142489821
3.26183194856
2.87769172112
4.56212541034
4.15241505185
2.51868886101
4.47129778246
2.6035664163
3.70504191395
2.80677478635
2.01061750642
3.21775031192
2.62984676253
4.40341188134
1.3880703683
4.51209954308
1.30879306233
1.4217074533
1.92311365378
2.26487747955
2.74951744978
2.74951744978
2.10262418691
2.95576689496
3.56421873644
2.69579741416
4.55829274244
3.17565922607
2.51868886101
1.54685176365
1.54685176365
2.79454804837
4.28500909615
4.28377852342
3.82925272143
2.25102380117
0.457530418892
3.80538390192
3.39833804135
2.77118601216
2.565187265
2.04152589176
2.04152589176
1.49430532195
1.49430532195
1.49430532195
2.8981096339
3.82298115101
4.19948004012
4.2386004246
3.6324266328
0.412847026077
0.268941913605
3.00778625652
4.00043468722
2.51282379905
2.636656129
3.08408809704
1.43691209198
2.35448689276
3.17481412138
2.63154345964
3.71570688784
3.28352547972
3.05574172003
3.7217511336
4.09631088225
3.98606222397
4.3354387509
3.5381216069
1.61277623784
1.79648087677
1.88371582505
4.36749344974
1.04572879232
1.55929247309
3.30889972964
3.69701291879
2.21667795415
4.4251923649
3.00778625652
2.74772646688
3.00778625652
0.406152276479
0.432260983802
0.917287148397
1.59624147639
0.631834132663
1.45667852889
3.29984405742
1.40862098155
2.40338410856
2.40338410856
2.28750572962
2.10262418691
2.78688089562
1.7546972931
4.63051885323
0.76802489012
1.61277623784
1.46688465956
3.90152888103
2.68444342858
3.51117319324
4.23807353967
3.9025154276
2.7377485152
3.36561171575
3.54824595848
3.14617012851
2.74669997915
4.1967425877
2.8054786961
2.64284615257
3.84707551394
4.12746192039
3.31927978038
1.65577021183
3.5065066772
1.87762496879
2.1787267771
1.71441583264
2.0754168231
0.593625606759
2.0530279808
0.337812990869
0.139191114481
1.53038713237
1.53038713237
0.417643545308
0.394401264607
3.14952057236
3.20804619558
4.09121211026
4.0366359258
3.03623448968
1.43463649427
2.47204668326
2.79532583903
0.722658584154
4.51209954308
0.714436527076
3.65037927044
1.91238104484
3.70981387314
2.17962472716
4.1501356256
4.14461207012
2.78490887388
1.0420595436
4.6109351254
4.14608449515
2.67485656095
0.0837244388143
3.84707551394
3.03130744514
0.699903725057
3.4621327049
2.74669997915
3.3349372544
2.61271476989
3.59711765736
3.18348318094
3.41129965432
2.26172812155
4.12447871349
4.26521338335
4.09414159269
2.29324658276
3.7756082251
1.3973908861
2.51100958065
3.64782521144
2.96987670958
4.30103471744
1.85548407569
2.73688291686
0.782501335589
0.672137974107
2.8706081578
3.91597275513
4.02717539047
4.39698167061
2.72275608702
2.47667039275
3.14870842832
0.629459374066
1.37198834151
3.41351561189
3.61634028728
2.07477333887
3.89421622436
0.587867255065
0.553961164646
0.847823189542
0.69438776407
1.38959595806
0.834557975357
2.7288751646
1.45506157298
3.31443251069
3.52375562439
3.16109998756
3.01210220673
3.59491545251
1.04314107711
0.79414703459
1.10590712077
1.75997778521
1.62751125393
1.97866933935
3.59328077405
0.762506985732
0.473462331186
3.03844397069
2.83156523741
3.8465121032
2.99819585884
2.40625169858
2.22613230949
3.26620322875
4.08379480861
3.09059757981
0.961227560255
3.55521086492
0.659746636087
3.05885525509
3.00778625652
0.781773932066
0.57755493792
3.56407655454
0.71373763019
2.82323019065
3.03642565733
3.03820186445
2.58038866473
4.17083080789
2.55159556734
2.99370803321
3.25879036525
2.90009303042
3.38653689013
1.67787873994
1.632954895
1.51614324933
3.78958476352
2.81002398936
0.835594544616
3.07005814384
2.72455676405
1.52308668601
2.61772389787
1.75251110102
3.32120605499
2.36884115287
0.664548850863
0.654873818094
0.580828104984
0.541214401678
2.36939166063
2.81045871308
1.49385546514
0.447102033289
3.80138283979
0.475497169643
0.986390033791
3.42163619308
2.05030861836
2.91674731799
3.05507152089
0.601098470621
1.51001380301
0.609875521296
0.317073082942
1.9108445904
2.69579741416
0.73650095165
0.711737267872
0.718918334575
1.83597829941
3.11060735197
1.21024100388
1.35225025838
0.604727799953
0.671093664539
0.841740830009
1.28853244638
3.62030906189
0.589679292186
0.553317439106
0.61333503729
1.62751125393
0.692712761803
0.617988088572
0.243867744813
3.19971467538
3.08229537463
0.774183159149
0.833361809079
0.37746128039
0.79243857608
3.69462478565
2.07366866535
1.71036830533
0.804425689045
4.59392820686
3.61651591856
1.65304686238
1.46137979906
1.34225319975
0.57771380447
1.89155687813
2.30357786504
2.25081247854
2.55407605035
3.50890294618
3.54140860175
4.35444134902
4.59413080215
3.84707551394
2.58425239665
0.532292815892
1.10550000372
3.37449966799
0.901067323094
2.90659225546
0.822483849169
2.63332127827
3.33087306143
2.83865180303
1.60439426538
0.179755289881
3.22410773098
2.19298112689
0.655283967102
0.536789421669
2.71571728525
1.92814535637
0.581835041158
0.593794952055
3.3528636272
1.66009053985
0.483088066599
2.50408015503
0.773161529293
3.8239368504
1.65220530544
2.64363462224
2.38527933285
2.65325677855
2.96430438625
2.18460680247
0.922483312215
0.90659930139
1.84461735164
0.877413495568
0.481508012796
0.625542729458
0.398980235534
0.64638793926
0.493713108409
0.76264838774
3.19918576885
0.681896647154
1.96807415814
3.06001529783
1.39595634613
2.48682748306
2.63715068197
2.6592378833
0.650797877141
0.530629587692
1.11242066684
0.330107512162
2.5820808342
2.57401477383
1.95332721819
2.66104454361
4.65667706954
1.16604523461
2.72084305511
3.27532138381
1.20532812991
2.33168249112
3.84539923117
1.38532555088
1.94358009675
0.642678281669
0.382812231791
4.10442787293
0.797461389678
0.408951975713
2.59496127552
2.94103482881
3.35940639614
3.08953733782
2.40973966991
2.50970640699
2.70394039898
2.05694054624
3.8711251646
1.91086782843
1.65258282558
0.789193046498
0.976749197738
1.31843994714
2.90711955008
0.421221907584
1.31768958475
0.779092687167
2.47410031919
2.83982628609
0.915147721771
2.65983183335
2.62098250217
0.945951936271
0.593956351369
0.737786010444
0.572859793978
2.2599554086
2.44678614518
0.402639586356
0.60416185204
1.42225063226
3.95608978206
1.21929317098
2.23262758554
1.7863967088
2.6685508547
1.51996184005
1.98928988381
0.741041197576
0.689694976025
3.16779352293
1.85326673824
0.480862869178
4.51158271343
2.90685013836
0.110432989662
3.06460213527
2.15814385691
1.94589104078
0.852209108844
0.720298481377
0.885219966387
0.609153404204
0.114947885967
0.395952134499
0.651020894089
0.39501315429
0.381495025696
2.74814092809
1.88330050746
2.69046397477
2.38462957277
2.78565832502
3.20444250137
2.62651697518
2.22345328284
1.40256061902
0.916358784759
0.489634056573
2.46845896268
1.3368306123
0.798302867792
0.696235897
2.88460417066
4.16190453336
3.08657749982
0.68040760379
2.10572773609
1.47284720732
0.827211775058
0.69552700239
0.750364878886
0.977124227795
0.836527013483
1.21643387205
2.21934025848
2.34955112684
2.35226346757
0.715569466146
0.611132018331
0.511231986843
1.05702798807
0.41351288573
0.557775227817
0.958142511229
1.76237018244
1.91235769432
1.8248377848
0.848570189439
1.75271360141
0.843999640367
0.30400012406
0.58758521356
0.803545021127
3.18720906148
1.27836105846
1.0110531948
1.20508571813
3.882040588
3.80806242345
0.671863749187
1.63068028027
3.05574763779
0.943966508993
0.603623773745
0.396714265001
1.30879306233
1.34499390166
1.48788783426
0.0
1.54761220784
3.44438636937
0.620084813602
0.818830336152
2.01852192797
3.50625106303
2.84508643711
0.700915725485
1.73121823918
0.82697724219
0.529767456965
2.76643931566
2.86463523918
2.34050002891
3.08989648051
2.56571790479
3.24962987576
1.87803853479
2.96085815158
1.02411712355
1.22811260177
0.977046613899
0.676830133039
0.701331944641
1.85304340564
0.442508429955
0.276316670574
4.28157532727
2.73589574861
1.92114150449
1.91081325045
0.374689074932
0.360048207843
1.8941088123
1.00257786074
1.554437285
2.83634698333
3.32685545352
3.34076172324
0.72273382762
0.769825681816
2.04274149904
0.894349263465
3.62550187522
1.63318601803
0.886712459227
0.581021588346
0.564444148054
0.17076429136
0.699260632117
3.87033539116
3.51921474802
0.898529784853
0.797624399222
1.94779578448
1.03113670973
2.16143983125
2.58858385914
2.90637926259
2.53072938868
1.79598383615
0.470162495952
0.611673890338
1.55692010613
0.854919751718
1.33395860105
2.14831406391
1.52722064337
2.57839345997
0.494118530039
0.716939569764
0.429307819671
2.78525761331
0.798161208461
0.524580544847
0.380256959729
2.7303409346
2.83738803674
1.47460810347
0.505526102916
0.565425846022
0.644624421118
1.28216668654
1.93306674082
1.92062624257
2.15856474822
0.39540818761
0.585709997685
0.325282726386
2.17842612486
1.24378802635
1.98580430481
0.713806590074
1.69329037464
0.931619269279
0.414618363112
1.60375457358
1.34918040487
0.419442151964
1.01195059654
0.911280023778
1.67398821624
2.70427082782
3.16685941328
1.05975129874
3.61206682868
0.922591803037
0.730180687877
1.97130253216
3.02574983736
1.46481833964
1.06350311313
1.60802012356
2.901723425
2.05151192994
0.859322426131
0.490179622467
0.245568693295
2.35822631648
0.756477481728
0.714163997842
0.298427568162
1.84571325086
0.752225983841
0.542111705176
2.4577754497
0.971176415998
1.52693910654
0.414386124089
0.742275353236
1.37389153271
0.645990047377
1.80231018327
2.80101574653
1.97437578758
0.163206168446
0.736928860288
0.259306733168
0.566724168088
0.671614387442
0.702791844811
0.716113055718
1.54708699163
0.869117608114
2.3121298806
1.31007090046
0.522496060349
0.512848648317
1.84603734159
3.63235752796
0.581252674494
0.425410873393
0.864561765271
2.40409578277
1.86560034065
2.16406413637
0.251714845352
1.89425124845
1.71532530021
0.559965737023
0.558021297583
0.497237481838
3.10160941605
1.92507727299
0.668728484568
0.820701462414
0.459204694893
0.874822284075
0.814091163532
1.15401825255
3.62264520011
2.66292063273
1.73944341758
2.6114857969
1.34800937586
0.677981662774
1.56982758617
0.697106874257
0.659029596565
0.604294739961
0.700836479693
0.573604150294
0.407821753574
0.658817370883
0.553746911722
