3.7249267
2.4459268
2.5912333
2.6003602
0.51704919
3.0698164
0.35669679
2.1103198
1.3029504
2.297646
1.364489
2.3609455
2.2430294
2.4532711
2.2326733
2.2925526
2.505647
2.9354329
2.1738052
2.4024343
2.4867497
2.0488836
2.4526035
1.9206082
3.2056665
2.4779563
1.714251
2.1720441
1.0905495
2.169878
2.3795734
2.49358
2.4488618
1.9802636
0.98707937
1.5484801
1.9554999
2.2114843
2.1792556
2.1048399
2.8766967
2.9416417
2.6610521
2.4434538
2.4922959
2.6345095
2.432321
1.7782147
3.1817912
1.4555538
2.1436009
2.8386578
1.7371328
1.949789
2.1162371
2.9610627
2.1931891
2.1885745
2.6556114
2.5005305
2.2894328
1.9319938
3.1156343
1.9569023
1.9507582
2.4868194
1.2960743
2.1808286
1.8561249
2.4418958
2.4872088
2.0866596
2.4365128
2.4199712
2.4531317
2.7290918
2.0289473
2.0380395
2.0649474
1.5747775
2.4309577
1.4643804
2.1417376
1.7368241
1.553522
1.0204352
1.7297147
2.1957353
2.6129539
1.7818209
3.306571
1.8895229
2.1808844
1.684473
2.3999821
2.4499672
2.9126733
2.6695837
2.9230549
2.4642469
2.0265142
2.1204429
2.2382377
2.3152738
2.3946114
2.1429758
2.0655605
2.2688687
1.8911177
2.7540037
1.1346189
2.2286329
2.0307734
2.9719944
0.78479498
1.8902748
2.6623036
1.5187627
2.1049102
2.0196636
3.1333919
1.9087077
1.8855705
2.1747586
1.5084095
2.32292
3.5633406
1.7674183
2.4490141
2.1886855
1.8463318
1.4104747
2.3414019
2.0040708
1.3842091
2.1667046
2.456648
1.5677484
2.1987445
2.910396
2.9274895
2.8178601
1.9805214
2.0394097
1.8818496
2.833558
2.1161737
2.1733888
2.5591306
2.5558756
1.8016843
2.165883
2.3766951
1.5251096
2.2126816
2.6417103
1.5841582
2.1915092
1.9728262
2.2069859
2.843474
1.7416662
1.6672728
2.6166689
1.5525733
1.8172917
1.5649795
2.6161743
3.385166
2.2115323
2.7905416
2.5280826
1.2130694
1.8716007
2.3891536
2.9646942
2.7231515
2.6540342
2.1324167
1.5803777
1.0212771
2.6736064
2.1178285
2.6271498
2.1713711
2.1909316
2.2895971
1.6732452
2.0898206
1.6015057
2.0785723
1.3343735
2.6999011
0.89012806
2.3630772
1.9707826
2.2830825
2.0274332
2.1914931
1.6260346
2.0070065
1.9521623
2.9454367
0.91721221
0.59242278
2.460264
2.9046484
3.0182525
2.0147769
2.7043237
2.682997
3.3459674
2.284327
2.4454473
2.4865254
0.81560213
3.1587026
2.7223607
2.0736088
1.4574352
2.0354943
1.0659825
1.4894421
3.0929609
2.8600358
2.714265
2.2744503
2.7545632
0.94250328
3.2421161
2.7347727
3.0077719
1.5828738
2.5421133
2.3168689
2.3957194
1.8918337
0.86831774
1.9969892
2.0022278
3.0361188
2.1304035
3.0510456
2.149404
1.8639257
2.1684094
2.2166637
2.4955476
2.9765196
1.2088756
1.9269159
3.0063986
3.0109018
3.3173925
3.4527049
2.6743045
4.3043604
3.3759556
3.8542933
2.9628993
3.6885112
2.8373319
3.637548
3.6839749
3.2546171
2.625874
1.8445509
2.8419294
2.8219837
2.8345415
2.2314081
2.6517836
3.6163541
2.7156156
3.1601963
3.4047141
2.9510733
3.0527663
2.8668099
3.1661058
2.9241867
3.6034344
3.3854493
3.8892271
2.3652424
3.497837
2.8727742
3.4884116
3.2188396
3.6467304
3.4137393
3.6537234
3.6138897
2.8658465
2.8064218
3.603735
3.4783317
3.3050463
2.349929
3.2857062
2.9769891
3.2029601
2.0184315
2.4951012
3.0050574
3.8601156
2.8693885
2.030071
2.1361558
3.7995611
3.4143133
3.7475118
4.0357498
3.8914057
3.4417868
2.4973977
2.9844079
2.4581777
2.4003962
4.0435028
2.3887372
2.9935708
3.105624
3.1344904
3.1085062
3.7627781
3.1065834
3.6388484
3.2190831
3.5005301
3.7067222
3.018642
3.3933315
2.5347145
3.3512225
3.1652564
3.1635684
3.3573741
3.2576307
2.2300117
3.1248467
3.768581
2.2715028
3.4470028
2.0543089
3.6767251
3.6498783
3.4742543
3.6537416
3.2610814
3.4691652
4.0706051
3.6739617
2.5858896
3.5922547
3.2319861
3.8277558
3.6850603
2.9146223
3.5718987
3.2616702
3.3717328
3.9448826
3.2942049
3.6610276
2.1188555
3.0219613
3.8096846
2.2175317
2.1910171
3.9851465
3.6309043
3.6561802
3.5872183
2.4456423
3.0154297
3.5125536
2.3836446
3.8764841
3.0883326
3.3465438
3.1405779
3.5864485
2.6068213
3.0441025
2.1236763
3.5497787
2.3053569
2.2354848
3.4647629
2.8210768
3.5235855
3.1358913
3.8721223
2.9359737
2.2077502
2.6221902
3.0877349
3.13685
3.0725231
3.6270532
2.7497953
3.3281641
3.6855993
3.5260869
2.6684385
3.3860679
2.3017128
3.720727
2.5293156
3.6799525
2.2086532
2.4508354
3.6150393
2.6217656
2.8434901
1.5760073
3.1949542
3.6387253
3.9158428
1.9735855
3.4315003
2.6606363
3.1557864
3.1473669
2.9816156
3.897698
3.9388798
3.5164634
3.1959006
3.0364567
3.5109436
3.9139131
3.221228
3.1314618
2.2329145
2.3754915
4.0658656
3.212072
2.6801721
3.8550537
3.1717753
3.6530965
3.2031783
2.612685
3.128932
3.915563
3.6761305
2.8552674
3.6317794
3.3379932
3.1575658
3.5211016
3.6753207
3.6857897
3.4601128
3.6120677
3.5241296
2.7015666
2.1942011
2.111786
3.4119082
2.861209
2.7936833
4.0586457
3.9041029
3.8221294
3.7022006
3.5887491
3.412879
3.5594346
3.0773831
3.8025437
3.8139962
3.1728149
2.7274528
3.3939473
3.4836692
3.3321263
3.2664802
3.2957174
2.402913
2.7657233
3.6948838
2.7329278
3.4841355
3.1984712
2.193076
2.1872571
2.881114
2.6377146
3.295337
2.9136276
2.9433377
1.800033
3.5734092
4.0030241
3.3430131
2.4816085
3.7756874
3.7067988
3.8167223
3.9912877
3.6259681
3.3920845
3.4249339
4.1696778
3.5880926
4.4302076
4.2892174
4.4905306
2.8594332
3.5900654
3.8435705
4.1620175
4.3939577
4.4937587
2.9425875
3.931396
3.3598127
4.1279387
4.115214
3.9500792
4.044312
3.5632213
3.2024014
3.5193843
3.3993143
3.7319358
3.3939141
3.9502378
3.5562032
3.5882355
3.709861
4.5012682
4.0228945
3.7625026
3.1534127
3.1092886
3.6884093
3.5839627
3.5526741
3.8774527
3.6816703
3.9604005
4.6918884
3.6481199
4.1100772
3.9987768
3.6300624
3.5797304
3.0370641
4.0249178
4.519159
3.5159243
3.8896339
4.0212625
3.7460789
4.262681
3.7022304
2.8516067
3.2186695
3.958539
4.1519537
2.9570559
2.9866209
3.5307662
3.685926
4.1884009
3.9436641
3.6515787
4.0690139
3.3560394
3.3689784
4.0550986
3.3560087
3.7703096
3.7198292
4.0598508
4.2081887
3.0902677
3.4181019
3.6596966
3.8785674
4.0541302
4.2742682
3.5658493
3.4293949
4.0979368
3.5286854
3.5421213
3.8572901
4.5679166
4.5190449
3.888929
3.6209783
4.5720782
3.9720171
4.4717513
1.5748664
3.5739481
4.0376244
3.8049805
4.1852923
3.4400348
4.6684011
3.9223769
3.8098644
3.564561
3.864504
3.8116536
3.4623188
3.9605124
4.2438035
4.8237349
3.7519627
3.9515415
3.6808516
4.0201626
3.4878545
4.3200547
4.7733484
2.6307644
4.0347034
4.3250677
4.8172601
3.5940527
3.5526195
3.9291955
4.0775309
3.9364597
3.5997361
4.2858663
3.3997619
4.4321754
3.6930211
3.9587297
4.3186411
4.0168454
3.0252381
4.0421246
3.0932224
3.5346836
3.1582983
3.8568422
4.5754152
4.4834851
4.6580943
4.627034
3.2549618
3.3623404
4.4972692
3.9864144
3.5754929
4.4939722
4.2083318
3.4701319
4.8583501
4.1994269
3.7032123
3.4436988
4.6942223
3.6196228
3.9475351
3.0213285
3.9081504
3.4585752
3.4614936
4.6024365
4.2057036
4.3454372
3.5215545
3.6046421
4.2262552
3.2824413
4.1975444
4.6067726
3.6625755
3.5220721
3.4009179
3.8896259
4.2592652
3.9237555
3.5935669
4.8218586
3.6952016
4.0225437
3.812692
4.446981
4.1333089
3.7445786
3.5525612
4.8353826
3.6886531
3.7745669
4.0237239
4.6062052
3.9923977
3.7211739
4.6229245
4.3270334
3.144379
3.7700082
3.8519883
4.1639214
3.8771016
3.8991703
3.5032168
4.2953688
3.3423033
3.7303044
4.6354504
3.3011377
4.0095479
3.6336463
4.0282443
3.6992779
4.2072224
4.273325
4.7576903
4.7334326
3.9049638
4.1240369
3.6418681
3.8997159
3.9555191
3.9946173
3.7006497
3.4593776
3.9299975
3.1257729
3.8434446
3.8029451
4.5455495
3.5721032
3.8881829
3.1610116
3.6715749
3.6072443
3.3387302
4.0736853
3.2584805
4.6096982
3.4853116
4.4192427
3.484144
4.0380989
3.5361813
4.3026038
2.1715057
