4.23783
4.04641
4.22607
5.0
4.25162
4.1823
3.46657
2.65279
2.55243
4.1755
2.57414
3.18103
0.849869
1.85266
3.11812
4.74147
4.91223
3.05505
4.03685
3.95892
5.0
2.17153
4.34958
2.72634
3.45506
4.07178
0.955602
4.06561
4.17185
4.83069
3.67049
2.78081
4.63557
4.37227
2.8104
4.80006
4.80006
3.27393
4.85538
1.80028
4.76273
4.89317
4.7771
4.12804
3.9332
4.21414
4.54553
4.78153
4.76035
4.76035
3.5234
0.927347
2.45683
4.81626
3.39603
4.85554
3.46493
1.57775
4.87367
3.10219
3.73989
3.96551
2.68286
3.49108
2.54318
4.84532
2.31028
4.80108
1.37449
0.791909
3.02161
4.77551
3.08799
3.08485
2.10655
4.20573
4.00664
3.95464
4.79886
3.22737
2.18709
2.36513
2.36513
3.35197
4.65277
4.80714
3.88136
1.08657
0.918585
3.78413
4.32393
2.84045
3.2211
2.9427
2.9427
1.93375
1.93375
1.93375
3.1303
3.90822
4.83871
4.69995
3.57835
0.930788
1.03492
3.66216
3.90568
2.97347
1.91033
2.89353
2.31697
3.0731
2.93283
2.33295
3.75497
4.21773
5.0
3.75562
4.17408
3.98152
2.04213
2.68629
1.83392
1.52814
2.28372
2.98337
3.2456
2.03924
3.90423
3.94907
2.60764
4.06533
3.87181
4.58729
3.87181
0.86417
0.70758
2.4392
0.341314
2.63992
2.09909
2.75962
2.92583
1.27633
1.4878
3.42155
2.13735
3.10787
2.36688
4.68291
0.798326
1.80731
2.6278
3.58756
2.89451
3.80417
4.34446
3.97453
2.79882
3.02196
2.99931
3.52272
3.48894
4.79971
1.34757
3.62288
4.87944
4.34188
2.89464
1.55169
3.67271
1.49305
1.83186
0.56717
4.77621
0.573936
3.15124
0.229664
0.209456
2.33702
2.33702
1.03174
1.02736
3.28882
2.14968
3.9569
3.54603
4.81513
1.39524
2.93283
2.33841
0.801295
4.11657
2.70639
3.87076
3.24735
4.70857
2.07422
3.96435
4.09885
1.00509
0.849344
4.0988
3.12406
2.67695
0.256995
4.79159
3.84453
0.494082
3.86192
4.54147
3.777
2.81467
3.74879
2.9939
2.99503
3.54959
4.79637
4.885
4.78609
2.96152
4.08601
2.13707
2.84455
4.51016
2.92749
3.85236
2.67835
3.50825
2.00187
0.517896
2.59876
3.80612
4.26867
4.81002
3.13104
1.41329
3.485
0.558571
2.08365
3.78866
3.82854
3.04681
3.57309
0.440558
0.479423
1.34184
1.16616
0.458116
2.14153
2.91427
2.56298
3.78503
3.57279
2.84766
2.71532
3.36731
1.02848
0.77177
0.668137
2.15725
2.07185
3.66608
3.26847
0.572597
0.271028
3.0801
2.94601
4.03188
3.56423
1.63835
3.26003
3.43713
3.78461
2.57244
2.08271
3.61257
0.410062
3.16646
3.74132
0.186877
0.619947
3.66562
2.16938
2.93514
3.46415
4.05447
2.63283
4.03694
3.5405
2.68635
4.69476
3.39986
3.52616
0.714916
0.700647
0.605607
3.40673
3.14087
1.21816
1.99498
1.91398
1.96267
4.09852
1.94473
4.13536
3.43922
0.081619
1.47777
0.598007
0.548768
3.10495
3.28457
0.984486
0.593923
3.70053
0.520778
0.848534
3.16149
2.27409
4.82412
3.67598
0.818336
0.561042
2.74281
0.123495
1.32416
4.16246
0.49736
0.476227
0.520606
1.29363
3.22838
1.83682
0.27886
0.451376
0.804576
0.465176
1.92975
3.60993
0.316756
0.434033
0.393011
1.78157
0.715243
0.75369
0.192611
3.60454
3.32207
0.462192
0.609857
0.18813
0.850247
4.11444
1.29703
2.38599
0.788642
4.53425
2.69044
3.8143
2.46147
0.656333
0.0107787
2.15695
2.42427
4.26873
2.41947
3.3956
3.5231
4.7691
4.5899
4.38002
2.03413
0.454654
0.779885
3.49896
0.748693
3.59891
0.636488
2.745
4.02588
4.00491
1.9597
0.0
3.29299
3.52171
0.706295
0.738686
3.33068
2.49372
0.0661766
0.203702
3.45534
2.59695
0.0
2.04767
0.908707
3.8514
2.52403
3.85362
3.09219
3.15055
2.71668
2.89708
3.81224
1.54575
1.86399
1.23293
0.143814
0.385698
0.655733
2.26696
0.141106
0.520504
2.93705
0.326098
2.18278
3.66107
0.747577
3.89067
4.06813
2.94955
0.0714834
0.0
1.05798
0.168135
2.84815
1.18543
2.21355
3.42066
5.0
0.841912
3.47245
4.16951
0.499671
2.63959
3.04939
1.38071
3.17602
0.0
0.669335
3.52676
1.97733
0.0
3.08146
3.01076
3.07745
4.46192
2.66765
3.13548
1.80538
2.95872
4.16756
1.95342
0.72717
0.918879
1.90326
1.20292
2.6813
0.739169
0.798952
0.0288463
2.734
3.27348
1.43231
2.06191
2.80132
1.35604
0.0905549
0.960665
0.0825319
3.24
2.96701
0.0727966
0.243897
0.9643
4.40285
0.573902
2.59794
2.6404
3.27045
2.90638
1.07779
0.453048
0.730948
3.91849
2.62784
0.328431
4.21971
3.91823
0.149909
2.74914
3.11071
1.83677
0.526946
0.291885
0.79026
0.0360362
0.12696
0.0
0.278041
0.0
0.478347
3.61493
1.83398
3.8348
3.15042
3.1363
0.324679
3.02028
4.57692
1.66274
0.620426
0.0
3.54592
0.860521
0.327201
0.977054
3.28745
3.9806
4.02082
0.23594
1.35945
2.43256
1.33932
0.140329
0.28457
1.29969
0.241929
0.469996
2.20139
2.79074
1.32304
0.647743
0.391369
0.119879
0.356802
0.181251
0.211374
0.632667
1.33387
2.46697
2.71642
1.86227
1.41229
0.961887
0.154054
0.0868852
1.87405
3.44173
1.11107
0.493671
1.26926
3.72974
4.32524
0.764867
1.31067
3.17674
0.581014
0.0238917
0.170413
1.5031
1.30315
1.74502
0.110447
2.57543
3.61373
0.162274
0.440455
2.40926
3.40274
2.94186
0.596563
2.60905
0.255803
0.0
2.59757
3.34604
3.48271
3.79213
3.55912
3.41543
2.20942
0.83243
3.10512
1.02862
0.92957
0.568496
0.954553
1.69399
0.657292
0.0234466
4.06102
3.50926
1.97643
1.99875
0.117723
0.0
2.77638
2.63241
2.44915
3.144
0.936163
3.37035
0.582725
1.36928
2.90112
1.77079
3.57513
1.85266
2.14304
0.700738
0.191481
0.345898
0.0
3.63251
3.44744
1.23195
1.48348
2.55462
1.57825
3.06744
2.7269
3.42224
3.79763
1.35917
0.293184
0.172743
2.56648
0.972971
2.83095
2.23428
0.932441
1.60505
0.0
0.651929
0.250701
2.42158
0.0
0.219087
1.56087
3.78513
2.73801
0.161476
0.0643362
0.541002
0.22238
1.56332
2.67123
2.33649
3.21139
0.169175
0.500862
0.0
3.51415
1.71936
2.15506
0.675955
2.48562
0.211791
0.54266
0.791083
1.89829
0.0
1.33705
0.857118
1.44289
2.62776
3.52037
2.30063
3.47515
0.0
0.474889
3.77942
3.14325
2.28326
1.38854
1.86138
3.23815
3.41662
0.149542
0.264655
0.0572923
3.08858
0.0
0.681366
0.150404
2.62246
0.499049
1.06976
3.33604
2.02771
1.87451
0.0
0.65566
1.4135
0.208647
1.85706
3.51692
0.798502
0.326076
1.19971
0.0394226
0.113219
0.330565
0.293592
0.0
0.440991
1.32194
2.44567
1.62502
1.48144
0.0182514
3.2776
3.75877
0.820281
0.318646
2.4691
2.60915
2.58769
2.3827
0.560652
2.49713
1.64265
0.324446
0.0
0.34545
2.83634
2.02369
0.0
0.815394
0.0604502
1.12135
1.07167
1.28624
3.71119
2.54213
1.93832
2.80368
1.07698
0.527683
0.850323
0.481092
0.10776
0.581089
0.225267
1.89743
0.341846
0.173531
0.364576
