4.451	100
1.996	100
2.335	100
1.977	100
0.735	100
1.912	100
0.534	100
0.587	100
0	100
0.443	100
0.541	100
2.361	100
0.618	100
2.936	100
2.966	100
1.586	100
2.084	100
4.097	100
0	100
3.013	100
0.08	100
0.734	100
1.899	100
1.721	100
2.737	100
1.638	100
0.736	100
0	100
2.462	100
1.391	100
0.783	100
3.313	100
4.485	100
1.568	100
0.976	100
0	100
3.058	100
2.031	100
1.626	100
2.047	100
0.529	100
3.378	100
1.447	100
2.55	100
1.173	100
1.948	100
4.12	100
2.033	100
2.452	100
0	100
1.895	100
2.633	100
3.366	100
0.538	100
2.941	100
3.789	100
2.488	100
1.505	100
2.036	100
0	100
0.571	100
0.862	100
1.469	100
1.936	100
0	100
0.596	100
1.774	100
1.508	100
0.764	100
0.949	100
3.024	100
2.119	100
0.846	100
1.133	100
2.474	100
2.741	100
2.581	100
1.456	100
0.258	100
0	100
3.429	100
1.203	100
0.922	100
0	100
0.843	100
1.435	100
1.063	100
0.12	100
0.851	100
1.355	100
3.224	100
0	100
1.831	100
2.283	100
2.338	100
1.151	100
0.878	100
2.44	100
1.992	100
1.748	100
0	100
3.061	100
2.748	100
1.194	100
2.925	100
1.955	100
2.143	100
2.159	100
1.536	100
1.842	100
1.394	100
2.226	100
0.701	100
2.571	100
0.17	100
0.363	100
2.452	100
1.821	100
1.737	100
0.506	100
2.564	100
0.054	100
2.127	100
2.955	100
0.702	100
0	100
2.758	100
1.071	100
0	100
0	100
4.005	100
2.013	100
2.031	100
1.785	100
1.285	100
2.236	100
0	100
1.611	100
1.541	100
1.038	100
2.368	100
0.183	100
0.243	100
0	100
1.776	100
1.797	100
2.102	100
0.314	100
2.283	100
2.2	100
2.756	100
0.464	100
2.029	100
2.307	100
1.523	100
3.401	100
1.547	100
0	100
2.904	100
1.985	100
0	100
2.733	100
0.385	100
1.4	100
0	100
1.638	100
0	100
2.397	100
3.809	100
2.769	100
2.832	100
2.125	100
1.306	100
0.215	100
0.953	100
2.976	100
2.807	100
2.794	100
4.379	100
1.17	100
3.326	100
2.226	100
0	100
0.643	100
0	100
1.782	100
0	100
1.488	100
1.067	100
4.052	100
0.185	100
2.349	100
2.858	100
1.152	100
0.056	100
1.73	100
1.977	100
1.868	100
2.689	100
1.286	100
3.394	100
0.985	100
0	100
2.679	100
0	100
1.714	100
1.945	100
4.215	100
2.504	100
1.56	100
0	100
3.31	100
2.701	100
0.139	100
2.586	100
1.78	100
2.279	100
2.67	100
2.54	100
2.793	100
0.796	100
0	100
0	100
1.75	100
3.902	100
0.82	100
3.009	100
2.075	100
0	100
1.413	100
0	100
3.24	100
2.179	100
1.598	100
1.062	100
1.902	100
2.625	100
0.984	100
1.566	100
0	100
2.863	100
1.784	100
2.919	100
1.453	100
0.008	100
0	100
4.468	100
2.209	100
4.141	100
0	100
3.335	100
4.406	100
0.127	100
3.116	100
3.861	100
4.82	100
4.344	100
1.893	100
2.603	100
1.246	100
2.777	100
0.303	100
3.473	100
4.467	100
3.12	100
2.519	100
3.884	100
3.967	100
1.348	100
2.547	100
3.106	100
1.958	100
4.594	100
3.893	100
3.659	100
4.55	100
2.678	100
3.756	100
4.552	100
0.698	100
2.879	100
3.603	100
2.918	100
3.222	100
0.673	100
2.637	100
2.407	100
2.756	100
1.671	100
3.841	100
3.247	100
3.922	100
2.884	100
2.975	100
2.6	100
4.624	100
2.908	100
3.073	100
3.323	100
2.166	100
4.064	100
2.76	100
0.635	100
2.084	100
4.88	100
3.711	100
2.859	100
3.506	100
3.132	100
3.874	100
3.458	100
4.365	100
3.172	100
4.775	100
3.667	100
1.883	100
4.84	100
4.288	100
2.704	100
3.92	100
4.474	100
4.344	100
3.218	100
4.339	100
3.676	100
2.338	100
2.445	100
4.105	100
4.52	100
3.511	100
2.879	100
2.628	100
2.37	100
2.6	100
4.233	100
2.128	100
3.289	100
4.589	100
3.733	100
3.35	100
1.726	100
4.051	100
3.067	100
2.655	100
2.378	100
4.314	100
5.064	100
4.9	100
4.175	100
3.74	100
4.054	100
4.71	100
3.265	100
3.687	100
2.914	100
2.936	100
3.101	100
1.951	100
4.273	100
4.707	100
2.346	100
3.532	100
2.738	100
3.579	100
4.4	100
1.299	100
4.397	100
2.624	100
3.607	100
0	100
3.699	100
4.302	100
3.313	100
1.42	100
2.928	100
4.341	100
4.245	100
1.688	100
4.316	100
3.432	100
3.508	100
2.388	100
3.232	100
4.607	100
4.934	100
3.519	100
3.377	100
2.286	100
3.539	100
3.956	100
1.977	100
3.132	100
4.657	100
3.875	100
2.779	100
2.382	100
3.061	100
2.99	100
0.146	100
3.517	100
2.668	100
2.911	100
4.667	100
2.923	100
4.643	100
3.817	100
3.652	100
4.048	100
3.143	100
2.176	100
4.723	100
2.72	100
2.879	100
4.381	100
2.021	100
2.663	100
4.922	100
3.27	100
2.647	100
4.183	100
3.97	100
2.794	100
2.593	100
2.79	100
3.151	100
4.957	100
5.045	100
2.935	100
4.406	100
3.572	100
2.227	100
4.056	100
3.222	100
3.762	100
3.995	100
5.076	100
1.712	100
4.002	100
2.308	100
2.669	100
2.492	100
2.519	100
4.61	100
4.014	100
3.374	100
2.785	100
3.603	100
3.38	100
3.115	100
4.606	100
3.464	100
0.429	100
3.526	100
4.732	100
4.276	100
3.789	100
4.164	100
4.254	100
1.724	100
3.022	100
2.44	100
2.271	100
2.3	100
4.075	100
4.385	100
3.879	100
3.808	100
4.908	100
2.677	100
2.972	100
3.005	100
3.518	100
1.146	100
3.325	100
3.553	100
3.205	100
3.637	100
3.296	100
3.185	100
3.263	100
3.755	100
3.303	100
2.775	100
3.735	100
3.59	100
3.347	100
4.82	100
3.454	100
4.285	100
4.909	100
1.047	100
3.441	100
2.86	100
2.328	100
4.397	100
3.394	100
4.271	100
4.241	100
4.64	100
3.889	100
4.56	100
3.72	100
4.242	100
4.61	100
3.827	100
4.071	100
3.222	100
5.336	100
4.292	100
4.566	100
3.778	100
4.451	100
4.491	100
4.858	100
3.156	100
4.969	100
4.122	100
2.871	100
4.309	100
4.606	100
2.914	100
4.162	100
3.56	100
4.859	100
4.666	100
4.643	100
4.728	100
3.685	100
3.121	100
2.956	100
4.14	100
5.01	100
3.651	100
3.927	100
4.458	100
4.326	100
2.468	100
2.926	100
3.321	100
3.68	100
3.669	100
3.994	100
3.732	100
4.165	100
3.738	100
4.36	100
4.379	100
4.426	100
4.869	100
4.421	100
3.971	100
3.844	100
3.366	100
4.941	100
4.261	100
4.112	100
4.4	100
4.209	100
3.469	100
3.658	100
3.971	100
3.714	100
4.121	100
3.879	100
4.7	100
3.081	100
3.842	100
3.471	100
3.409	100
4.227	100
4.333	100
3.879	100
2.968	100
4.318	100
3.622	100
3.7	100
4.694	100
4.48	100
4.35	100
3.646	100
4.425	100
2.974	100
3.582	100
4.06	100
4.603	100
3.901	100
4.035	100
3.908	100
4.581	100
4.193	100
4.178	100
3.353	100
3.9	100
4.01	100
3.782	100
1.35	100
4.282	100
2.198	100
3.976	100
3.404	100
2.864	100
3.372	100
3.081	100
4.017	100
3.506	100
4.576	100
3.783	100
2.922	100
4.301	100
4.836	100
3.882	100
3.526	100
5.086	100
3.699	100
4.225	100
3.493	100
4.42	100
3.933	100
3.46	100
2.957	100
3.553	100
4.725	100
3.998	100
2.971	100
4.225	100
4.481	100
3.018	100
2.872	100
4.343	100
3.677	100
3.181	100
3.747	100
4.979	100
4.574	100
4.504	100
3.688	100
3.772	100
3.964	100
4.758	100
2.815	100
4.28	100
4.71	100
4.164	100
4.307	100
3.722	100
4.163	100
3.079	100
4.966	100
4.645	100
4.159	100
3.543	100
4.181	100
4.092	100
2.922	100
4.279	100
5.196	100
4.054	100
3.766	100
3.794	100
3.486	100
4.024	100
4.731	100
4.397	100
3.06	100
4.474	100
4.342	100
3.877	100
3.364	100
3.962	100
4.424	100
4.136	100
4.247	100
2.877	100
3.899	100
3.879	100
3.958	100
4.233	100
3.969	100
3.455	100
3.57	100
2.189	100
3.538	100
3.833	100
3.175	100
4.156	100
3.57	100
4.315	100
3.807	100
3.929	100
3.316	100
4.41	100
4.593	100
3.963	100
3.745	100
3.88	100
4.549	100
3.963	100
4.423	100
3.636	100
4.055	100
4.866	100
5.092	100
4.328	100
4.309	100
3.976	100
4.117	100
3.96	100
3.205	100
3.521	100
3.851	100
3.282	100
4.26	100
3.925	100
4.774	100
3.926	100
4.524	100
3.893	100
5.196	100
4.033	100
4.445	100
4.282	100
4.193	100
3.58	100
3.48	100
3.796	100
4.17	100
3.752	100
4.438	100
4.031	100
3.315	100
4.327	100
3.953	100
3.623	100
3.999	100
4.232	100
3.03	100
2.265	100
3.596	100
2.73	100
3.76	100
4.486	100
4.035	100
4.378	100
4.547	100
4.14	100
3.429	100
4.21	100
3.525	100
4.944	100
4.528	100
