4.1704736	100
4.9999995	100
3.936636	100
4.126958	100
5.0	100
3.6809006	100
3.3994744	100
4.5076666	100
4.1087465	100
4.126958	100
2.8858862	100
4.092849	100
5.0	100
4.2750893	100
2.6270807	100
5.0	100
3.953395	100
4.453208	100
4.620674	100
5.0	100
3.2544274	100
4.999999	100
4.092849	100
4.999999	100
5.0	100
4.490125	100
4.140973	100
3.757926	100
4.27496	100
4.149442	100
3.3352923	100
0.0	100
3.4702358	100
3.2544274	100
4.0682907	100
5.0	100
0.55615264	100
4.4072695	100
4.9999995	100
3.6791172	100
4.064571	100
4.999999	100
4.7297645	100
4.042315	100
3.1686783	100
4.126958	100
4.3634157	100
4.1443777	100
4.999999	100
5.0	100
5.0	100
4.771766	100
3.5786414	100
3.5113623	100
4.424439	100
4.336316	100
4.4770584	100
3.757926	100
4.627853	100
5.0	100
4.0563126	100
4.2592306	100
2.396612	100
3.6791172	100
4.5254893	100
3.7202337	100
4.3634157	100
4.3634157	100
4.22247	100
4.1683908	100
4.4000874	100
4.5184555	100
4.7297645	100
3.1022956	100
4.4858966	100
5.0	100
3.3726847	100
5.0	100
4.131625	100
4.1438026	100
2.396612	100
4.3634157	100
4.1582265	100
5.0	100
4.1582265	100
5.0	100
3.6791172	100
3.6380434	100
4.795598	100
5.0	100
4.4770584	100
4.2262497	100
3.246624	100
4.620674	100
3.1183956	100
4.3634157	100
3.6380434	100
3.1686783	100
4.627853	100
4.310097	100
4.0150833	100
2.3938289	100
5.0	100
5.0	100
4.21457	100
4.4151316	100
3.884184	100
5.0	100
5.0	100
4.2472444	100
3.9139361	100
4.600609	100
5.0	100
3.6975346	100
4.445359	100
4.999999	100
4.0274005	100
4.600609	100
3.4484787	100
4.3370686	100
4.2671137	100
4.627853	100
3.1226807	100
4.4427223	100
4.4770584	100
4.620674	100
2.4128695	100
4.3925357	100
4.1582265	100
3.6380434	100
4.4858966	100
3.9324822	100
4.7297645	100
3.3726847	100
4.0845866	100
4.600609	100
4.1582265	100
4.295319	100
4.620674	100
4.289015	100
5.0	100
4.3968015	100
3.5022001	100
5.0	100
3.9592052	100
5.0	100
3.132163	100
1.973208	100
4.27496	100
3.0948474	100
3.3726847	100
4.030284	100
4.374155	100
4.030284	100
4.6391516	100
3.6791172	100
3.2040434	100
3.5833743	100
3.286015	100
5.0	100
3.4634125	100
3.132163	100
3.5970142	100
4.21457	100
3.5821366	100
4.5973396	100
3.9402988	100
3.700663	100
5.0	100
3.0373192	100
4.158325	100
5.0	100
3.4689405	100
3.947253	100
4.0594654	100
3.7915804	100
4.135017	100
3.7714438	100
3.6485143	100
3.3726847	100
4.999999	100
5.0	100
4.27496	100
3.453976	100
4.2872653	100
4.5254893	100
4.600609	100
4.0459743	100
3.924568	100
4.4427223	100
3.9277186	100
5.0	100
5.0	100
3.6791172	100
4.4267154	100
3.530195	100
4.451357	100
5.0	100
4.671785	100
5.0	100
4.627853	100
5.0	100
4.5144334	100
5.0	100
3.6791172	100
3.5821366	100
4.0825663	100
3.4729097	100
3.7478578	100
5.0	100
4.4770584	100
3.6975346	100
2.2963047	100
4.460101	100
4.143253	100
3.4729097	100
5.0	100
3.7215903	100
3.964911	100
2.553762	100
3.524106	100
2.377702	100
4.1981564	100
4.009281	100
5.0	100
3.6380434	100
3.4998956	100
4.159065	100
4.620674	100
3.2534547	100
5.0	100
3.3535883	100
4.077723	100
4.070328	100
3.6791172	100
4.463297	100
2.5972865	100
3.4634125	100
4.6736293	100
4.5767517	100
3.8597126	100
4.2139683	100
4.0730042	100
4.627853	100
4.070583	100
4.9999995	100
4.1511765	100
4.265144	100
4.126958	100
3.3466868	100
3.5970142	100
5.0	100
4.077723	100
4.654914	100
4.402715	100
3.9460263	100
4.3045483	100
3.9277186	100
3.5181715	100
3.903279	100
5.0	100
3.4729097	100
4.1582265	100
3.5181715	100
4.620674	100
4.1002913	100
2.9327178	100
3.6873326	100
3.4268425	100
4.5144334	100
4.27496	100
4.6884055	100
3.3726847	100
4.0777225	100
4.3941784	100
2.7133565	100
5.0	100
4.064571	100
3.3450727	100
4.1582265	100
4.074008	100
3.757926	100
5.0	100
4.754216	100
3.6380434	100
4.4731665	100
4.21457	100
3.7915804	100
3.1183956	100
4.1582265	100
3.5739555	100
5.0	100
4.1438026	100
3.530195	100
3.1022956	100
1.48561	100
4.477286	100
4.611709	100
4.5144334	100
4.339359	100
4.627853	100
3.8696911	100
4.074008	100
3.4729097	100
4.6391516	100
3.2521534	100
4.1582265	100
5.0	100
4.9999995	100
4.4870358	100
4.563458	100
4.013318	100
5.0	100
3.9324822	100
3.3899834	100
4.1981564	100
4.2572966	100
5.0	100
3.6751814	100
3.8849368	100
3.5970142	100
4.754216	100
3.1088445	100
4.136208	100
4.6458263	100
2.474264	100
4.600609	100
4.627853	100
3.9277186	100
4.999999	100
4.9999995	100
3.7202337	100
3.34754	100
4.600609	100
3.3456502	100
2.5793293	100
3.757926	100
4.863785	100
4.445359	100
4.4386716	100
3.4634125	100
5.0	100
3.6791172	100
4.085893	100
4.4858966	100
3.3535883	100
3.6380434	100
3.924568	100
4.302173	100
4.126958	100
5.0	100
5.0	100
4.1582265	100
3.530195	100
3.8224041	100
4.070902	100
3.4492328	100
2.8457546	100
4.999999	100
3.2521534	100
5.0	100
4.4770584	100
5.0	100
4.3469024	100
4.999999	100
4.074008	100
3.4729097	100
2.9602907	100
3.6380434	100
5.0	100
4.1582265	100
2.7268825	100
3.0872238	100
4.4770584	100
3.3078604	100
3.4634125	100
4.4081416	100
5.0	100
4.563458	100
3.132163	100
3.5922253	100
4.052268	100
3.3726847	100
2.9660485	100
4.620674	100
3.1987457	100
3.5970142	100
4.27496	100
3.3977447	100
3.1276188	100
3.2544274	100
4.4858966	100
2.9939003	100
5.0	100
4.795598	100
5.0	100
4.451357	100
3.6905336	100
3.129425	100
4.132305	100
3.7915804	100
5.0	100
4.1582265	100
4.4770584	100
2.6262043	100
3.5970142	100
4.355862	100
4.999999	100
5.0	100
5.0	100
4.149442	100
3.209015	100
3.3977447	100
4.2157416	100
0.7037068	100
3.4478328	100
3.1683264	100
4.6391516	100
3.1683264	100
4.21457	100
4.3857484	100
4.21457	100
3.316518	100
5.0	100
3.5821366	100
3.1022956	100
5.0	100
4.999999	100
4.21457	100
3.0085113	100
4.27496	100
4.9999995	100
3.2040434	100
5.0	100
4.3694806	100
3.6908803	100
4.4048944	100
4.7511578	100
3.8327525	100
3.6751814	100
4.9999995	100
5.0	100
4.600609	100
4.040278	100
4.600609	100
3.232005	100
4.1582265	100
5.0	100
4.754216	100
4.6391516	100
3.8597126	100
4.077723	100
2.920356	100
3.8590786	100
3.9877138	100
3.1578124	100
3.6380434	100
3.5974824	100
3.9277186	100
