4.11419355807
2.35635318518
3.67256455088
3.69077743388
2.0272423678
4.43064324087
3.26393462703
4.40035598422
4.43649764979
4.48462575097
3.81721226269
4.18737731276
3.96454268307
3.71373493143
4.38048811616
3.65081768764
3.74995929311
4.07016796871
3.73677583039
3.71104043142
3.96677798647
4.27725777617
4.59115701597
4.62263973582
3.42300688442
4.73153612739
3.91964294927
2.57987320951
3.73493447002
4.25270079352
4.28954143784
3.60535003678
3.50801967053
3.50065088219
4.20420118609
4.88546607903
4.2780856478
3.46287138118
4.10532703024
4.27241716221
4.46836926011
4.94257313597
3.81808714736
3.35313522846
4.31514346998
2.41039780768
3.32309883364
4.05865093712
3.59514876183
4.51937423161
4.31995748843
4.57692693205
4.70685966736
3.80678254715
4.62142434755
4.52590427367
3.50000664904
3.19430511937
3.11940111605
2.09732720027
4.85328836983
3.95815209096
3.58884197387
4.27989206246
4.35904943264
3.27137453462
3.811584057
3.26753739725
3.03813207736
4.35754357852
3.8895930283
4.27524509549
1.60211379795
3.31229460177
4.14975571745
2.93367817489
3.15046787461
4.24365103246
4.27769995754
4.26268406848
3.65205485595
4.4925482733
4.78523475951
2.76148782306
4.99138173292
4.51093838576
3.82443516314
4.61713288545
3.83576203653
3.81085076881
3.38564971052
4.52702125935
3.6285446197
3.28982107366
3.754763858
4.43092757938
3.32337968656
4.66135028547
3.59487460071
2.839413065
3.55608048815
4.0250346789
4.04731952036
3.96776671071
4.3967300101
4.54930327269
4.67697862137
3.74569158777
4.27775115279
3.90524614536
3.33747788334
3.89970172481
3.66219739385
3.83091268791
4.24224930112
2.01026471323
3.44967683513
3.16157464868
3.72034656959
4.40031591414
4.14168895275
3.54823999908
4.13220467997
4.45823747405
3.76766368784
4.41104776725
4.78210423127
4.37116770585
4.7897961681
3.24175994465
3.63151946832
3.74340621394
3.13778117152
3.88482142286
3.09784479285
4.13583516002
3.94782574203
4.13380998024
3.8565877629
4.27083708796
4.2281260316
3.7420295021
4.1493025822
4.58838799121
4.48190782529
3.46899877602
4.03544292229
4.54802726442
3.3976424006
4.13372697308
3.93792983038
4.6923860268
3.61413676671
4.50943026054
3.40170250508
4.23787009673
4.42040632135
4.48449634262
4.22440428436
4.16317425408
4.64867764252
2.90020794915
4.16302850387
4.82521869269
3.96485316076
3.75344204272
4.13636044765
3.01595848361
4.51644707346
3.5052962394
4.44366857169
3.83919009155
4.46243838956
3.99396707748
3.68334272779
3.3789892962
3.39077387835
4.31576217469
3.64029685465
2.52630030644
4.60374309125
3.45083849752
3.97153856814
3.83920200755
3.37235739581
2.70995691649
4.80000819796
4.29807571378
3.93558821583
4.34221191633
4.2252482234
4.87075069746
3.83187476672
3.50735157645
3.50361634675
3.55268125802
4.09804511586
4.4327787015
3.04566271324
3.47128872876
4.21622671938
3.67466127903
3.99042166435
3.84117632544
4.40490107456
4.04743339419
3.88832785928
3.70994302037
3.8875734443
3.56103134299
4.33502819843
3.90800816619
4.12564322702
3.77513154313
3.67771986452
3.74940614959
3.09656176958
4.15071631806
3.80292549582
2.10783957779
3.93455057591
2.88877718889
3.72168228804
3.79786905678
3.83064319708
2.92071640197
3.86338151292
4.59115643131
4.34899284322
3.91738123686
4.73080387083
3.61750572116
3.9248002577
3.74734223917
1.71932293254
4.42174313588
3.66884752237
4.33649806341
3.81590988069
3.45051079751
4.35636692686
3.90301139717
3.86423369853
2.55284890179
4.29471680431
3.2393989985
3.79749559295
4.37957164328
4.15200685099
4.31340047376
3.39886704613
3.9563381593
3.4048923881
4.47850960074
3.78819380922
3.71978425795
3.80161631212
2.49603637917
2.95203871966
4.68681723352
3.99727411411
4.07600849987
3.83193669761
4.6047081422
3.7603764154
4.3652635649
4.75962758727
3.32952678999
3.61500596361
2.74743085526
3.29597012881
4.63559300614
4.55490806968
3.94519692953
4.22652653576
4.27460115046
3.83828675339
4.4707946517
3.90004158195
4.06158582363
4.49991489998
3.60068409881
3.21696445747
3.64247064912
4.08231753441
4.09364724718
4.53997780909
4.0724725118
4.81841615891
4.01785432475
3.73279669962
3.44928239683
4.33343313145
2.97162378977
4.29192220961
4.39605531549
3.79388076644
4.16056706015
3.91264369649
4.17683620937
4.63214153117
3.6880030623
3.85581308939
4.14999028637
3.74305663727
3.83070979457
2.83711830924
3.63897181974
3.94872752423
4.69476948258
3.36453825771
3.59537769669
3.12712290161
4.39522037227
3.20754989984
3.11738269777
3.17444023135
3.87390962698
3.41661061171
2.63195873663
3.56505273939
3.14937814238
4.55697857263
4.16639473635
3.804820724
3.95613238496
4.14523992805
2.76881020739
4.58731137782
4.53844598109
4.57815438474
4.38889533808
4.24655804693
4.10376659663
3.76551502185
3.953105274
4.57326450569
4.68112799681
4.3159881281
3.01102748593
3.15141398022
3.84446891772
3.82597252924
4.75558722268
4.20461807016
3.86585011647
4.4819435364
3.98341209521
3.40343518727
4.70589425298
3.69480279086
3.52295781284
3.88807414524
3.3692375003
4.06957055795
3.66437123121
3.73126212681
4.38201475837
3.80384696284
3.96099829877
4.23037874954
3.26539211091
3.46149100218
3.87513343989
4.26515256253
3.41631760718
3.95460893003
3.3142964736
1.93966254836
2.78117841615
3.90315665023
3.99228181021
3.98354907539
3.72963228895
4.15777003409
3.51850779351
4.2624572353
3.88629536877
4.0925325657
4.05078926195
3.52536351644
4.37881218152
4.44460629856
3.91073712318
3.28181167465
3.53827158307
4.24659132881
4.49978063473
3.2813257775
4.45768529468
4.28375730863
3.78449491464
4.42008134701
4.06331927138
3.54205760711
4.57230267669
3.91721995219
3.95478477973
3.97221819366
3.98963208338
1.98501309832
3.55546179375
4.27495135116
3.79962392481
3.77303995027
4.53617498575
3.93513140954
4.52493201673
3.73256899125
4.6209601035
3.00582393964
3.12957035568
4.88645564107
3.97193996994
4.11775164876
3.57113410082
3.69751217342
3.60550308494
4.29044591188
4.27793431992
2.66163658853
3.1586245868
4.36384719846
3.51163271974
4.18529292898
3.99475640605
3.93640720041
4.28469753142
4.28292807648
4.11849346936
3.92034165542
3.73021371837
2.69334017165
3.80548156162
4.26409402644
4.14203296241
3.22815017185
4.54841031342
4.58004388444
3.4106179622
4.46524502426
4.2582688812
2.77485759646
4.62405758258
3.4628457528
4.35415999284
3.44747816003
4.57233238402
2.15331849707
3.86592411478
3.78989494536
4.34575778019
2.74199259142
3.77728345894
4.39959248586
3.44302059224
3.78091865104
3.84409748709
3.45562294771
4.26120064104
4.85384869876
4.57545543584
3.55981773949
2.69531277608
3.96308947938
3.42075839334
3.28154715206
2.36462738657
4.43339056713
3.54894778103
2.88881983306
4.27355092106
4.31140339912
4.16851939131
4.63062398601
5.0
4.04468906851
4.28641298866
4.18931785931
3.23392228839
2.49003293062
4.51938428129
3.57104625703
3.42261204301
4.01487277489
4.45203846159
3.27049898397
4.40306813055
3.95381004162
4.51010294151
4.18568033288
3.74911888798
4.03384212485
4.38397852632
3.47454969585
4.15671286177
4.09052293655
1.96988470838
3.85924058115
4.29116104856
2.72869832883
4.05198204929
3.37157011001
3.70761224828
4.54039507012
4.77484770307
3.49458157723
4.62102984229
3.65382126873
4.03241988249
2.09849302433
3.56956950601
4.08324015754
4.60351356798
2.78922674996
3.84335504156
3.86959618835
4.03405652094
3.11635712476
3.92779803693
3.24339901768
4.71409227008
4.47963305
4.14657407323
3.33568067134
3.39747750688
2.63581181776
4.05559624529
4.12138821776
3.62436889219
2.80470574143
3.22278813038
3.58888218396
4.19873648337
4.1471533778
3.41712331398
4.90519408987
4.23694663914
2.22056260828
4.32233207171
4.76491451519
2.83001881045
4.93737545969
4.35580738203
4.52035636345
4.46123816206
3.51115548492
3.53546638337
3.77365669817
4.0293389654
3.9542924006
4.22278934061
4.20754343408
3.99606219693
4.19301713616
4.2567374524
1.96930774997
3.74085485389
4.44671883594
2.85511169421
3.66660896272
4.33805211328
4.56026053926
3.84522624797
4.46539380516
3.55936903545
3.12650945608
3.94863412265
4.59033433398
3.71119121583
4.46048643224
4.1847270616
3.32337106466
4.06013089809
3.48004727258
3.31778346942
3.93468084378
4.61448500929
3.1856810966
3.77732791446
4.25578604618
3.44206322387
3.94548883418
4.36598271294
4.48742933101
3.8222505689
3.85301491359
3.763872144
3.20933139825
4.46200973931
4.26791976107
3.14289012699
4.56524124117
4.87268006421
4.43971562572
4.47057148279
4.21359025324
3.97273813407
3.8427108597
4.18527606251
4.26279306478
3.92039601179
4.74077971453
4.12555404577
4.26586561144
2.63383481646
4.10522016576
4.32042241488
4.72380241832
4.1287445778
4.19170663835
3.53474384539
3.95294585619
4.15974146783
4.6820819856
4.45991191437
3.97132092196
3.37493210103
3.6343451248
3.87275629558
3.09798152669
3.54191181783
3.30021981836
4.06044955939
2.89699037335
4.14476778528
4.2306586272
4.112665898
4.85033112157
4.39347861753
3.00929673266
2.85345490662
3.76319133699
4.11302361665
3.68243615662
3.78383179035
2.52847308052
4.20091533539
4.00926781203
4.03984648418
3.63005506585
3.53047920099
4.45789858223
4.73662553658
4.19820468031
3.43172828411
3.49278165257
4.4458471022
3.62437812722
4.4842440628
3.75540039891
3.63114256327
3.9489885795
4.191468968
4.26861238333
3.28997744149
3.69640318516
3.2806114367
2.85375453913
3.56179368479
4.21368190571
3.42817042566
3.93551437005
4.22508013421
3.13487025816
4.77819989945
2.6001938968
3.6608049877
4.76723050245
3.38664819434
3.95583213898
4.94508476029
3.8944377948
4.21066787038
3.51318352551
3.52406141097
3.27622987708
4.15511863099
3.76906085514
4.67657108243
4.66492842974
3.7696350978
2.26553667122
3.28705771746
4.05518324724
3.76498728013
3.91292459002
3.40694757252
3.71421321532
4.73046799549
1.72649432252
2.71641333605
4.23018248211
3.61996295553
4.4911705924
4.37316410266
4.0341627902
3.55306951913
4.44286867807
3.75940894689
3.43074489187
3.43532986904
3.62120859046
4.34821444521
4.09239881208
3.88069596628
2.84115928734
2.78191628974
3.27103333856
2.86335348116
4.3269866825
3.36532557136
2.61921096235
3.93662489347
3.35192493971
3.84691534644
4.32033978874
3.87425527884
4.61492081394
3.98319422032
4.44270114303
3.95419148081
4.42438463648
3.78224881429
3.40651876826
3.60970403689
3.84375837077
4.50831469042
4.08890623383
3.5274081236
3.57506108475
3.52716900165
3.32717079677
4.14773501881
3.54298888866
3.94818781587
3.9614120002
3.92772921
3.98458123063
3.49172859023
3.74299448741
3.36367756599
4.20890836589
3.63895371295
4.46248787075
3.44718810213
3.83532798847
3.51163990389
3.13679607676
3.68707171872
