4.146
2.922
3.28
6.428
2.76
3.615
3.341
3.481
2.99
5.005
2.804
2.964
2.75
3.723
3.544
3.95
3.223
3.305
1.594
3.512
3.622
2.887
3.371
3.862
3.559
4.096
4.613
2.67
3.441
3.875
3.431
3.38
3.93
4.329
2.577
4.688
3.959
4.139
5
3.181
3.771
3.578
3.587
2.967
3.383
4.251
1.116
2.75
3.834
3.986
2.992
3.717
2.887
3.216
3.479
4.189
3.908
4.527
3.172
3.195
2.196
2.779
4.571
3.706
3.37
3.04
3.754
4.199
3.503
4.946
1.48
4.11
6.209
4.044
3.971
2.877
4.265
3.657
2.073
3.368
4.688
3.478
4.485
6.689
4.512
2.782
3.948
3.709
4.217
2.073
4.79
2.739
6.173
4.383
4.067
3.45
4.24
2.906
4.216
0.386
2.668
4.46
3.76
5
2.92
3.965
3.049
3.163
3.587
3.655
3.336
4.018
4.507
3.773
3.76
3.694
4.339
2.781
3.102
2.632
3.197
4.243
5
3.695
3.603
3.722
2.728
3.076
4.866
3.675
4.287
3.308
3.228
3.639
3.599
3.059
2.663
3.76
3.057
3.189
4.781
4.108
3.035
2.864
2.456
5.005
2.992
4.101
3.815
3.688
3.893
3.814
3.589
3.179
3.183
4.143
4.477
3.623
3.911
4.411
3.578
4.776
4.552
4.357
4.597
4.366
2.845
3.76
3.793
4.596
3.028
3.566
3.958
3.786
4.151
2.861
2.171
3.926
4.395
4.139
3.198
4.029
3.12
3.537
3.4
3.873
3.309
4.045
3.946
4.006
3.513
3.831
3.755
4.151
3.156
3.773
3.625
4.411
2.813
4.603
4.749
5
3.694
3.821
5.048
3.488
4.561
4.785
4.157
3.782
4.448
3.718
4.613
3.218
2.992
2.754
4.757
3.229
4.481
2.625
4.099
4.251
3.058
4.191
3.363
3.672
4.193
4.864
6.173
3.603
3.709
4.098
4.632
4.316
4.431
3.705
6.047
3.301
3.996
3.814
4.066
4.137
4.549
6.173
3.796
2.884
4.211
4.56
3.722
3.494
4.377
4.749
3.682
3.38
3.538
3.211
2.982
3.951
3.54
4.244
3.113
2.721
4.351
4.316
4.501
3.566
4.849
4.118
6.173
4.587
2.822
4.411
4.666
4.254
3.808
4.116
2.922
4.293
2.367
5.851
4.5
2.728
4.878
4.416
2.917
4.013
4.613
3.941
3.773
4.196
4.164
2.781
3.667
3.943
4.411
4.046
3.165
4.193
2.72
4.293
3.314
2.749
3.348
2.82
3.08
3.2
4.085
3.76
3.032
2.728
3.015
5.048
3.361
4.263
3.582
4.8
0.386
3.886
3.807
3.433
3.969
3.76
4.14
4.193
3.42
2.882
4.749
6.173
2.649
3.577
2.945
3.27
2.605
3.017
3.217
3.527
3.179
2.956
4.795
4.252
4.192
4.251
4.251
2.604
4.411
3.123
3.582
3.885
3.405
4.749
3.48
4.044
3.519
4.184
2.902
4.309
3.312
3.449
3.647
3.333
3.558
3.049
4.217
4.613
3.859
4.229
4.411
4.215
4.864
3.577
4.507
2.894
2.837
4.936
2.556
3.566
5.182
3.484
3.773
3.326
4.217
5.987
3.2
3.953
3.483
3.177
3.587
3.754
3.95
3.183
2.885
4.749
2.622
4.043
3.535
3.758
3.775
2.502
4.219
