3.752847075210474
5.0
3.552847075210474
2.5355339059327378
5.0
2.823268353539885
2.411164839335467
5.0
3.964354645876385
2.5355339059327378
3.5355339059327373
2.886751345948129
4.8
3.5355339059327378
1.7677669529663687
5.0
3.88248290463863
3.72677996249965
4.677071733467426
5.0
1.639822365046136
5.0
2.686751345948129
5.0
5.0
3.061862178478972
3.335533905932737
3.930127018922193
3.752847075210474
4.025771273642583
3.1355339059327374
0.0
2.886751345948129
1.639822365046136
3.930127018922193
5.0
3.335533905932737
3.579644730092272
5.0
5.0
2.8867513459481287
5.0
5.0
3.5267799624996496
2.041241452319315
2.5355339059327378
4.6
3.5267799624996496
5.0
4.8
5.0
4.677071733467426
3.552847075210474
3.1355339059327374
3.930127018922193
3.6729833462074164
5.0
3.930127018922193
4.8
5.0
3.061862178478972
4.330127018922193
1.889822365046136
5.0
4.225771273642583
2.686751345948129
4.6
4.6
4.330127018922193
4.08248290463863
4.55
4.080127018922193
5.0
2.885533905932738
4.677071733467426
5.0
2.861862178478972
5.0
3.872983346207416
4.330127018922193
1.889822365046136
4.077071733467426
4.47213595499958
5.0
4.47213595499958
5.0
5.0
3.88248290463863
4.8
5.0
5.0
3.6824829046386305
3.1355339059327374
4.677071733467426
2.161164839335467
4.077071733467426
3.88248290463863
2.041241452319315
4.8
4.229100498862756
3.6824829046386305
1.889822365046136
5.0
5.0
3.752847075210474
5.0
3.872983346207416
5.0
5.0
3.5355339059327373
3.1333333333333333
4.330127018922193
5.0
3.579644730092272
3.72677996249965
5.0
3.872983346207416
4.330127018922193
2.373500981126146
3.5355339059327373
3.752847075210474
4.8
5.0
4.08248290463863
5.0
4.677071733467426
1.7677669529663687
3.88248290463863
4.47213595499958
3.88248290463863
4.677071733467426
3.5355339059327378
5.0
2.861862178478972
3.552847075210474
4.330127018922193
4.47213595499958
4.164354645876385
4.677071733467426
4.08248290463863
5.0
3.63248290463863
2.486751345948129
5.0
3.085533905932737
4.8
2.885533905932738
1.5677669529663687
3.752847075210474
1.9145502494313784
2.861862178478972
5.0
3.872983346207416
5.0
4.477071733467426
5.0
2.885533905932738
3.2855339059327378
2.861862178478972
5.0
2.436751345948129
2.885533905932738
2.373500981126146
3.752847075210474
2.3
3.6729833462074164
3.1333333333333333
2.5355339059327378
5.0
2.3355339059327376
5.0
5.0
3.5355339059327373
3.88248290463863
2.7333333333333334
5.0
3.88248290463863
3.5355339059327378
3.273268353539885
2.861862178478972
5.0
5.0
3.752847075210474
2.2367513459481287
3.930127018922193
4.225771273642583
4.330127018922193
3.579644730092272
3.335533905932737
4.08248290463863
2.886751345948129
5.0
5.0
5.0
4.209585518440984
5.0
4.229100498862756
5.0
4.8
5.0
4.8
5.0
4.225771273642583
5.0
5.0
2.3
3.672983346207416
2.886751345948129
3.1355339059327374
5.0
5.0
3.579644730092272
1.5677669529663687
4.427071733467426
3.162277660168379
2.886751345948129
5.0
3.872983346207416
3.752847075210474
3.5355339059327373
2.2019223070763068
2.6726124191242437
3.8257712736425833
3.0324829046386306
5.0
3.88248290463863
2.3
5.0
4.677071733467426
1.639822365046136
5.0
2.861862178478972
3.5355339059327378
3.061862178478972
5.0
4.4
2.2367513459481287
1.639822365046136
4.330127018922193
4.364354645876385
4.272135954999579
3.061862178478972
3.335533905932737
4.8
3.579644730092272
5.0
3.8257712736425833
3.8257712736425833
2.5355339059327378
1.639822365046136
2.373500981126146
5.0
3.5355339059327378
4.130127018922193
3.779644730092272
3.335533905932737
3.5355339059327373
2.886751345948129
3.5355339059327378
3.779644730092272
5.0
2.886751345948129
4.47213595499958
3.5355339059327378
4.677071733467426
3.7301270189221927
1.889822365046136
3.872983346207416
3.273268353539885
4.225771273642583
3.752847075210474
4.6
2.861862178478972
3.5355339059327378
3.273268353539885
2.861862178478972
5.0
2.8867513459481287
2.5355339059327378
4.47213595499958
3.930127018922193
3.930127018922193
5.0
4.330127018922193
3.88248290463863
4.8
3.752847075210474
5.0
2.161164839335467
4.47213595499958
3.88248290463863
5.0
4.330127018922193
5.0
2.885533905932738
1.5677669529663687
3.930127018922193
4.130127018922193
4.225771273642583
3.88248290463863
4.8
4.8
3.930127018922193
2.886751345948129
4.477071733467426
4.8
4.47213595499958
5.0
5.0
4.564354645876385
3.8324829046386304
4.272135954999579
5.0
3.5355339059327378
2.5
3.8257712736425833
4.8
5.0
3.672983346207416
4.009585518440984
2.373500981126146
4.330127018922193
2.6726124191242437
3.073268353539885
4.077071733467426
5.0
4.330127018922193
4.8
2.886751345948129
5.0
5.0
2.686751345948129
3.5355339059327373
4.330127018922193
3.2855339059327373
2.5209993123162104
3.930127018922193
4.677071733467426
3.72677996249965
4.477071733467426
1.639822365046136
5.0
5.0
3.8257712736425833
4.677071733467426
2.861862178478972
3.88248290463863
3.335533905932737
4.35
2.5355339059327378
5.0
5.0
4.47213595499958
5.0
2.815113445777636
3.8257712736425833
4.130127018922193
2.885533905932738
5.0
4.8
5.0
5.0
5.0
3.162277660168379
5.0
3.7301270189221927
2.886751345948129
2.885533905932738
3.88248290463863
5.0
4.47213595499958
2.041241452319315
1.9145502494313784
5.0
3.5355339059327378
2.436751345948129
3.872983346207416
5.0
3.8324829046386304
2.885533905932738
3.5355339059327378
3.273268353539885
2.861862178478972
3.2855339059327373
4.677071733467426
2.9333333333333336
2.373500981126146
3.752847075210474
3.073268353539885
2.712277660168379
1.639822365046136
4.677071733467426
2.23606797749979
5.0
4.8
5.0
4.229100498862756
2.912277660168379
2.5
4.08248290463863
5.0
5.0
4.47213595499958
5.0
1.7677669529663687
2.373500981126146
4.130127018922193
5.0
5.0
4.8
4.025771273642583
2.886751345948129
3.073268353539885
3.6729833462074164
NaN
2.8867513459481287
2.161164839335467
4.477071733467426
2.161164839335467
3.752847075210474
3.8324829046386304
3.752847075210474
2.365113445777636
5.0
2.3
2.885533905932738
5.0
5.0
3.752847075210474
2.886751345948129
3.752847075210474
5.0
2.885533905932738
5.0
4.164354645876385
2.6726124191242437
5.0
4.75
3.88248290463863
3.672983346207416
5.0
5.0
4.330127018922193
4.8
4.330127018922193
2.4726124191242436
4.47213595499958
5.0
4.330127018922193
4.477071733467426
4.272135954999579
3.5355339059327378
3.930127018922193
3.552847075210474
3.8270717334674256
1.672983346207416
3.88248290463863
2.861862178478972
2.886751345948129
