3.160251471689219
0.0
2.5143546458763852
2.1867513459481285
0.0
3.1757712736425834
1.9232683535398856
3.8801270189221935
2.209585518440984
3.952847075210474
3.1729833462074164
3.964354645876385
4.025771273642583
2.0855339059327376
4.514045207910317
3.468996928526714
1.577381250550058
3.2855339059327373
3.0855339059327376
3.042744729379982
2.702847075210474
3.3595855184409853
4.343416490252569
4.603844614152614
3.579644730092272
2.025771273642583
3.7102514716892188
3.1296447300922723
0.6000000000000001
3.959585518440984
3.8324829046386304
2.6267799624996497
1.2622776601683792
3.3770717334674263
3.752847075210474
4.743416490252569
3.1089186286863657
1.9886127875258302
2.635533905932738
4.160251471689219
3.1296447300922727
5.0
3.930127018922193
1.123500981126146
3.1643546458763847
0.22261241912424357
2.636751345948129
4.029100498862757
2.765650255319866
3.4324829046386305
2.192744729379982
3.8801270189221935
3.3688130791298665
1.1028470752104744
3.752847075210474
4.08248290463863
3.1301270189221926
3.9301270189221937
2.2855339059327378
1.5618621784789721
4.714045207910317
3.4324829046386305
2.9267799624996496
3.788620176087328
3.7
2.6709993123162104
3.2221359549995787
2.18248290463863
1.6855339059327377
3.079644730092272
2.6457809879442493
2.020288281141495
0.0
1.4968311024337875
1.5122776601683792
0.6367513459481287
2.8732683535398857
3.4140143271122088
2.5774861218395144
3.6301270189221935
2.715650255319866
4.164354645876385
4.1352900965351465
2.2855339059327378
5.0
4.15
2.8732683535398853
3.4824829046386303
3.1008683647302115
2.2296447300922724
2.5824829046386304
4.6
3.0855339059327376
1.5595855184409841
1.9468311024337872
4.409585518440984
1.4886127875258302
3.72677996249965
1.7187343222787286
3.2855339059327373
1.4209993123162104
3.8221359549995793
3.3301270189221928
2.28861278752583
3.88248290463863
3.9374260648651505
4.543416490252569
0.0
2.686751345948129
2.3595855184409844
3.292744729379982
2.9824829046386303
2.9296447300922726
1.952847075210474
3.4993310550389984
0.0
3.2324829046386303
2.486751345948129
0.0
3.683300132670378
4.364354645876385
3.0855339059327376
3.4729833462074167
3.1824829046386305
2.636751345948129
3.0855339059327376
4.47213595499958
3.9374260648651505
4.6304589153964795
2.9824829046386303
3.4140143271122088
3.492744729379982
2.5355339059327373
3.1028470752104744
3.1386201760873282
3.760251471689219
4.130127018922193
2.779644730092272
3.1796447300922726
3.2855339059327378
3.0886201760873284
3.023268353539885
2.014045207910317
3.1688130791298668
3.8801270189221935
1.477071733467426
3.3709993123162105
4.003844614152614
2.7209993123162106
2.6855339059327377
2.3089186286863654
3.9833001326703776
3.135533905932738
3.5089186286863656
1.5677669529663687
2.6367513459481287
4.122670168666454
2.65442955126341
4.4
1.672983346207416
3.4301270189221937
1.3355339059327371
4.3852900965351465
4.7871355387816905
3.8721359549995795
3.208918628686366
3.492744729379982
2.6427447293799817
4.1301270189221935
0.9122776601683791
3.752847075210474
3.5640143271122087
3.8801270189221935
2.2514837167011077
2.4848249442368524
2.635533905932738
3.015113445777636
2.958918628686366
1.7333001326703776
0.0
3.2855339059327378
2.779644730092272
2.6855339059327377
3.364014327112209
3.752847075210474
1.4229833462074164
4.5993310550389985
2.4966018864229254
3.292744729379982
3.7721359549995794
4.160251471689219
4.368120558297157
2.768813079129867
3.3386201760873284
1.9232683535398856
2.625771273642583
3.0355339059327378
3.959585518440984
2.47677996249965
1.7796447300922722
3.7721359549995794
2.5209993123162104
1.5355339059327378
2.9817441928883754
3.7352900965351465
3.680127018922193
3.952847075210474
3.914045207910317
2.5324829046386306
3.8257712736425833
4.117312946227962
2.4367513459481285
1.7468311024337875
2.7380343755449945
2.5688130791298667
2.9833001326703776
3.4801270189221927
3.068996928526714
3.614014327112209
0.0
3.125771273642583
2.3968311024337874
4.117312946227962
3.4140143271122088
2.6855339059327377
1.7622776601683792
3.6729833462074164
4.209585518440984
4.364354645876385
3.63248290463863
3.779100498862757
3.6729833462074164
3.788620176087328
3.1386201760873282
0.0
4.264014327112209
2.3852900965351465
2.0833333333333335
2.72677996249965
3.1709993123162104
3.6317441928883754
3.1296447300922727
3.4824829046386303
0.13553390593273784
4.067312946227962
3.07677996249965
3.335533905932737
4.277071733467426
4.203844614152613
3.3597722286464435
3.015113445777636
3.9791004988627563
1.886751345948129
4.199331055038998
3.2770717334674258
2.95
3.930127018922193
0.0
1.2968311024337873
3.8270717334674274
2.529971702850177
2.0355339059327373
2.635533905932738
4.364354645876385
2.2721359549995794
4.122670168666454
4.182026302139591
3.422983346207416
1.4508683647302116
0.28553390593273775
3.322322702763681
3.975771273642583
4.477071733467426
4.6
3.7301270189221927
3.5355339059327378
2.5008683647302115
3.6569390943299864
2.4355339059327377
3.8257712736425833
3.821998332699218
0.0
2.4729833462074167
2.752847075210474
3.6824829046386305
1.3855339059327378
3.782026302139591
3.4089186286863655
4.330127018922193
4.4291004988627565
1.6355339059327378
3.3796447300922723
3.5143546458763852
1.9209993123162104
3.8
3.9602514716892188
1.968996928526714
3.5355339059327378
4.277071733467426
3.509585518440984
3.4993310550389984
3.4229833462074164
2.2721359549995794
3.061862178478972
2.365113445777636
3.042744729379982
2.63248290463863
3.3333333333333335
3.2221359549995796
3.635850959342555
3.018996928526714
2.883300132670378
1.6729833462074164
4.618120558297157
2.4729833462074167
1.8223227027636808
2.07677996249965
2.5457809879442492
1.6824829046386305
0.8723227027636806
2.1589186286863655
2.9709993123162106
4.264045207910317
4.072135954999579
2.9324829046386305
2.13248290463863
2.8355339059327376
2.085533905932737
3.314354645876385
4.599999999999999
4.072670168666455
4.272135954999579
3.3355339059327376
3.030127018922193
2.4514837167011074
2.811862178478972
4.22213595499958
3.3817441928883754
3.0796447300922725
2.462277660168379
3.0855339059327376
4.164354645876385
3.7223227027636807
3.431744192888375
2.6111648393354674
4.130127018922193
3.9993310550389984
3.3089186286863654
2.7209993123162106
4.47213595499958
5.0
2.7209993123162106
2.5355339059327378
1.4723227027636807
2.6824829046386305
3.702847075210474
2.815650255319866
2.9311288741492745
2.8732683535398857
2.0229833462074165
3.027486121839514
2.4508683647302116
3.529644730092272
3.3355339059327376
2.975771273642583
3.959585518440984
2.9993310550389984
1.7209993123162106
0.0
0.6824829046386305
2.4709993123162106
4.0
2.0796447300922725
1.5640143271122087
3.060251471689219
2.777486121839514
3.477071733467426
3.1028470752104744
3.3296447300922725
3.864014327112209
3.0855339059327376
3.302847075210474
4.209585518440984
1.177381250550058
3.8257712736425833
0.8014837167011075
3.9301270189221937
3.5355339059327378
2.8886201760873282
3.9833001326703776
3.533300132670378
3.042744729379982
3.896682183138621
2.9333333333333336
2.8833333333333333
4.149999999999999
1.9209993123162104
1.410251471689219
2.6726124191242437
3.1709993123162104
0.0
2.4140143271122088
2.88248290463863
2.577381250550058
1.7468311024337875
3.8726701686664544
2.2770717334674258
3.3352900965351466
3.67213595499958
3.668996928526714
1.2229833462074162
2.759585518440984
4.1
2.9028470752104747
2.060251471689219
2.962277660168379
3.680127018922193
2.2880715233359843
3.680127018922193
4.130127018922193
3.009585518440984
1.151922307076307
3.4824829046386303
3.302847075210474
3.680127018922193
2.9296447300922726
3.6824829046386305
3.4824829046386303
4.477071733467426
3.2729833462074165
3.930127018922193
2.8014837167011075
0.8355339059327376
3.5833001326703777
2.968996928526714
3.3355339059327376
0.4189969285267141
4.08248290463863
3.759585518440984
2.8732683535398853
3.260251471689219
3.072322702763681
2.636751345948129
3.6824829046386305
1.9301270189221928
2.327381250550058
2.042744729379982
3.930127018922193
0.8867513459481287
2.9968311024337875
2.7102514716892188
4.032026302139591
2.2855339059327378
1.0723731609760314
2.659585518440985
1.8355339059327376
3.492744729379982
1.6796447300922726
2.611862178478972
3.864014327112209
3.8721359549995795
3.8270717334674274
3.6640143271122088
0.0
1.672983346207416
2.4188130791298668
1.752847075210474
1.073268353539885
3.3296447300922725
3.752847075210474
2.302847075210474
3.3688130791298665
3.5493310550389987
3.252847075210474
4.027071733467427
5.0
3.4188130791298668
2.9817441928883754
3.5355339059327378
1.8855339059327378
3.3355339059327376
3.0412291827592712
2.431744192888375
2.835533905932737
3.6226701686664544
3.9602514716892188
2.6089186286863657
4.149331055038998
3.085533905932737
2.7468311024337875
3.522322702763681
2.2968311024337873
3.2324829046386303
3.314354645876385
2.361862178478972
4.225771273642583
3.3355339059327376
0.0
2.28861278752583
3.168996928526714
0.0
3.5589186286863654
0.0
3.579644730092272
3.5355339059327373
4.618120558297157
2.364354645876385
3.285850959342555
2.885533905932738
3.2324829046386303
0.012277660168379168
2.75442955126341
3.3791004988627567
4.009585518440985
0.0
2.283300132670378
4.8
2.3333333333333335
1.9709993123162106
2.1729833462074164
2.811862178478972
3.7493310550389984
4.264014327112209
4.08248290463863
4.08248290463863
2.5071891388307384
2.23861278752583
2.8140143271122087
1.4317441928883752
2.992744729379982
1.1070226039551585
2.072322702763681
0.3434164902525687
1.9188130791298668
1.3355339059327376
1.9355339059327377
4.543416490252569
3.2871355387816905
0.0
2.9569390943299867
4.564354645876385
1.6867513459481285
4.8
3.310251471689219
3.2855339059327378
4.399999999999999
2.823268353539885
2.611862178478972
2.8355339059327376
3.222670168666455
3.3796447300922723
3.072322702763681
3.0721359549995793
1.5855339059327376
3.015113445777636
3.6824829046386305
0.0
3.102847075210474
4.183300132670378
2.361862178478972
2.092744729379982
1.9957809879442494
3.9791004988627563
2.958918628686366
3.1491829279939876
2.1209993123162105
2.760251471689219
3.759585518440984
3.63248290463863
3.6188130791298665
4.072135954999578
2.5589186286863654
3.135533905932738
3.3709993123162105
3.114354645876385
0.3824829046386302
3.3589186286863657
3.7223227027636807
3.3886201760873282
3.32677996249965
2.752847075210474
1.4729833462074167
2.9719983326992185
3.6726701686664547
3.952847075210474
2.90442955126341
3.6726701686664547
3.3355339059327376
3.8324829046386304
2.968996928526714
1.9867513459481292
2.8767799624996497
3.752847075210474
4.399331055038998
3.4301270189221937
3.8801270189221926
2.8229833462074163
2.7219983326992185
0.8291004988627568
3.1095855184409853
3.400840252084029
3.2229833462074167
4.232026302139591
3.4324829046386305
2.25
1.712277660168379
3.0957809879442495
2.88248290463863
4.6
2.6796447300922726
4.064045207910317
1.7223227027636807
2.735533905932737
3.9143546458763847
3.7028470752104745
3.872983346207416
3.2767799624996496
0.9333333333333336
2.0508402520840283
3.2229833462074167
0.7301270189221927
3.930127018922193
4.029100498862757
2.565113445777636
1.8855339059327378
3.3333001326703777
3.7352900965351465
3.0589186286863654
3.930127018922193
3.5757712736425833
3.3333333333333335
2.1355339059327374
3.352847075210474
3.085533905932737
3.5267799624996496
3.4801270189221927
2.611862178478972
3.2324829046386303
2.7219983326992185
3.63248290463863
3.2729833462074165
2.2188130791298666
3.418996928526714
3.8069390943299863
3.2291004988627563
3.085533905932737
3.5355339059327378
3.3804589153964795
2.885533905932738
2.9188130791298668
2.033333333333334
3.614014327112209
1.9833333333333338
3.538620176087328
4.185290096535146
2.6267799624996497
3.2229833462074167
2.6367513459481287
1.565113445777636
1.8855339059327378
3.9143546458763847
1.2767799624996496
3.2221359549995787
2.0833333333333335
0.0
3.9926165831931923
3.872983346207416
2.6274861218395142
4.4038446141526135
2.5855339059327376
1.8709993123162105
4.677071733467426
2.8833333333333333
2.6833333333333336
2.485533905932738
1.6221359549995795
2.6867513459481285
3.027486121839514
1.815113445777636
4.58713553878169
4.4291004988627565
2.260251471689219
0.6867513459481289
1.7774861218395142
3.252847075210474
3.7333001326703776
3.058679799852858
0.0
2.3729833462074166
4.47213595499958
0.0
2.5999999999999996
3.3296447300922725
2.4355339059327377
3.2855339059327378
2.6367513459481287
2.9968311024337875
3.5833001326703777
4.072135954999578
3.63248290463863
2.63248290463863
0.579644730092272
3.1333333333333333
3.079644730092272
3.2852900965351464
2.982026302139591
0.43553390593273766
0.5514837167011075
3.5267799624996496
4.025771273642583
4.277071733467426
3.4833001326703776
2.0833333333333335
3.1811288741492745
0.5355339059327378
0.2833001326703779
3.6726701686664547
2.242744729379982
4.543416490252569
3.4229833462074164
4.567312946227962
2.952847075210474
3.604746681256314
2.322322702763681
1.82677996249965
2.367312946227962
3.975771273642583
3.532026302139591
2.9355339059327377
2.5355339059327373
0.7122776601683789
3.1729833462074164
2.672983346207416
1.2014837167011074
3.0833333333333335
2.87677996249965
2.9209993123162104
2.5514837167011075
3.752847075210474
2.273268353539885
3.085533905932737
2.47677996249965
2.8801270189221926
1.712277660168379
4.322670168666455
3.2291004988627563
2.6095855184409844
2.5774861218395144
1.8611648393354674
3.783300132670378
