4.27 100 
3.90 100 
4.72 100 
3.19 100 
4.82 100 
4.46 100 
4.56 100 
3.91 100 
3.70 100 
4.92 100 
3.92 100 
4.27 100 
3.90 100 
4.74 100 
4.13 100 
2.80 100 
4.82 100 
4.96 100 
4.61 100 
4.90 100 
4.21 100 
4.48 100 
3.27 100 
3.00 100 
4.84 100 
4.42 100 
3.84 100 
4.54 100 
4.61 100 
3.98 100 
3.44 100 
4.36 100 
5.00 100 
4.68 100 
4.06 100 
5.00 100 
5.00 100 
4.33 100 
3.94 100 
4.09 100 
3.48 100 
2.12 100 
3.80 100 
4.17 100 
3.83 100 
4.96 100 
4.36 100 
3.84 100 
3.65 100 
3.65 100 
3.61 100 
2.18 100 
3.52 100 
4.62 100 
3.81 100 
5.00 100 
2.57 100 
3.59 100 
5.00 100 
4.28 100 
4.38 100 
4.52 100 
4.61 100 
2.47 100 
3.77 100 
5.00 100 
4.47 100 
5.00 100 
4.14 100 
4.05 100 
4.27 100 
4.38 100 
4.35 100 
4.35 100 
4.28 100 
3.94 100 
4.13 100 
4.50 100 
5.00 100 
4.24 100 
2.62 100 
4.62 100 
4.62 100 
3.28 100 
5.00 100 
5.00 100 
4.28 100 
2.75 100 
3.73 100 
4.20 100 
4.18 100 
3.92 100 
3.88 100 
4.26 100 
4.26 100 
4.38 100 
4.38 100 
4.38 100 
4.55 100 
4.56 100 
5.00 100 
4.54 100 
4.33 100 
3.25 100 
2.24 100 
4.59 100 
4.07 100 
2.66 100 
1.27 100 
3.55 100 
4.68 100 
3.79 100 
3.26 100 
4.61 100 
2.77 100 
3.98 100 
5.00 100 
4.51 100 
3.03 100 
3.96 100 
5.00 100 
4.33 100 
4.09 100 
3.12 100 
4.30 100 
3.36 100 
4.02 100 
4.17 100 
4.38 100 
4.55 100 
4.91 100 
4.73 100 
4.38 100 
4.94 100 
4.38 100 
2.92 100 
3.32 100 
4.79 100 
3.70 100 
1.49 100 
4.10 100 
3.76 100 
3.24 100 
2.82 100 
2.82 100 
4.72 100 
3.76 100 
4.27 100 
4.80 100 
3.99 100 
3.79 100 
4.57 100 
4.58 100 
3.79 100 
4.05 100 
3.78 100 
4.17 100 
4.41 100 
3.92 100 
3.33 100 
4.74 100 
3.81 100 
3.13 100 
4.44 100 
2.88 100 
3.82 100 
5.00 100 
3.85 100 
2.49 100 
2.85 100 
3.60 100 
3.37 100 
3.32 100 
3.72 100 
3.67 100 
3.00 100 
3.93 100 
0.63 100 
0.61 100 
4.04 100 
4.04 100 
3.30 100 
2.76 100 
4.13 100 
3.98 100 
4.90 100 
4.62 100 
4.60 100 
3.02 100 
1.61 100 
4.31 100 
2.71 100 
4.38 100 
2.32 100 
3.92 100 
4.61 100 
2.75 100 
1.54 100 
3.57 100 
4.37 100 
3.22 100 
3.10 100 
4.21 100 
3.50 100 
4.19 100 
0.75 100 
4.40 100 
4.28 100 
1.97 100 
3.79 100 
3.07 100 
4.49 100 
3.07 100 
3.83 100 
4.02 100 
3.45 100 
4.63 100 
4.27 100 
4.18 100 
4.32 100 
4.02 100 
4.43 100 
4.39 100 
3.81 100 
4.33 100 
4.10 100 
3.51 100 
4.29 100 
2.30 100 
3.24 100 
2.69 100 
4.16 100 
2.91 100 
3.07 100 
3.75 100 
4.23 100 
2.61 100 
4.40 100 
2.41 100 
3.55 100 
2.89 100 
2.17 100 
2.81 100 
4.17 100 
1.77 100 
1.72 100 
3.16 100 
2.41 100 
1.59 100 
2.76 100 
4.47 100 
4.33 100 
3.24 100 
4.87 100 
3.79 100 
4.39 100 
4.01 100 
3.08 100 
2.50 100 
0.50 100 
2.03 100 
3.48 100 
3.19 100 
3.64 100 
2.14 100 
0.54 100 
3.82 100 
3.60 100 
3.19 100 
3.68 100 
4.29 100 
3.78 100 
4.23 100 
3.03 100 
2.89 100 
3.37 100 
3.88 100 
1.92 100 
3.89 100 
4.29 100 
0.99 100 
1.67 100 
3.49 100 
3.57 100 
3.55 100 
3.92 100 
3.56 100 
4.10 100 
4.52 100 
2.06 100 
4.20 100 
3.50 100 
3.76 100 
2.73 100 
2.14 100 
1.60 100 
2.97 100 
4.74 100 
3.96 100 
3.99 100 
3.69 100 
3.11 100 
2.78 100 
4.18 100 
3.18 100 
3.14 100 
4.39 100 
0.87 100 
1.86 100 
2.01 100 
1.38 100 
3.07 100 
3.09 100 
2.66 100 
1.48 100 
3.38 100 
1.85 100 
3.06 100 
4.36 100 
3.82 100 
3.66 100 
3.85 100 
2.84 100 
0.57 100 
1.91 100 
0.81 100 
3.08 100 
3.97 100 
2.66 100 
3.08 100 
2.56 100 
1.76 100 
3.05 100 
2.45 100 
0.01 100 
2.41 100 
4.00 100 
2.75 100 
3.58 100 
3.66 100 
1.74 100 
1.68 100 
2.18 100 
4.48 100 
2.32 100 
1.54 100 
0.48 100 
4.52 100 
2.59 100 
1.14 100 
2.24 100 
0.06 100 
2.81 100 
3.38 100 
3.14 100 
2.91 100 
2.74 100 
4.71 100 
4.43 100 
3.91 100 
3.42 100 
1.66 100 
0.74 100 
2.91 100 
3.53 100 
3.59 100 
4.74 100 
3.16 100 
3.02 100 
3.51 100 
3.48 100 
4.26 100 
3.84 100 
1.38 100 
2.02 100 
3.07 100 
2.62 100 
3.92 100 
2.32 100 
2.93 100 
3.38 100 
3.91 100 
2.45 100 
0.15 100 
3.88 100 
1.64 100 
1.81 100 
1.44 100 
2.91 100 
2.62 100 
0.84 100 
0.72 100 
3.61 100 
3.26 100 
1.45 100 
3.50 100 
1.97 100 
4.20 100 
2.94 100 
2.77 100 
3.41 100 
3.82 100 
2.44 100 
2.81 100 
2.98 100 
0.49 100 
2.44 100 
3.56 100 
0.75 100 
0.80 100 
1.64 100 
1.70 100 
0.51 100 
1.97 100 
3.22 100 
2.29 100 
2.12 100 
3.28 100 
2.20 100 
4.13 100 
4.61 100 
3.40 100 
0.42 100 
3.15 100 
3.93 100 
0.55 100 
4.42 100 
3.79 100 
4.36 100 
4.17 100 
3.03 100 
3.03 100 
4.35 100 
4.21 100 
2.25 100 
3.58 100 
2.09 100 
2.25 100 
1.73 100 
0.77 100 
0.34 100 
3.31 100 
2.58 100 
0.61 100 
4.19 100 
2.12 100 
3.11 100 
3.56 100 
2.72 100 
4.26 100 
1.64 100 
3.06 100 
3.88 100 
3.32 100 
4.04 100 
2.48 100 
1.74 100 
2.10 100 
3.93 100 
0.60 100 
1.95 100 
0.41 100 
3.08 100 
4.22 100 
2.56 100 
1.69 100 
4.40 100 
3.23 100 
0.75 100 
1.53 100 
0.72 100 
4.07 100 
3.79 100 
0.16 100 
1.14 100 
1.57 100 
3.73 100 
2.33 100 
2.45 100 
3.81 100 
2.67 100 
2.78 100 
2.86 100 
2.84 100 
0.09 100 
1.93 100 
3.03 100 
1.06 100 
3.47 100 
4.77 100 
0.54 100 
1.57 100 
2.38 100 
1.78 100 
3.51 100 
1.68 100 
3.14 100 
0.51 100 
0.79 100 
0.78 100 
0.56 100 
0.54 100 
0.26 100 
3.39 100 
1.60 100 
2.58 100 
2.30 100 
2.07 100 
3.26 100 
3.37 100 
1.90 100 
3.86 100 
2.29 100 
0.06 100 
4.36 100 
1.81 100 
1.96 100 
1.83 100 
3.52 100 
2.75 100 
3.60 100 
0.50 100 
3.03 100 
3.09 100 
2.79 100 
0.70 100 
1.99 100 
3.08 100 
1.13 100 
1.33 100 
2.00 100 
1.57 100 
4.47 100 
2.33 100 
3.11 100 
0.99 100 
0.83 100 
0.54 100 
0.73 100 
2.29 100 
2.85 100 
1.23 100 
3.06 100 
2.51 100 
4.62 100 
2.24 100 
0.32 100 
0.38 100 
2.28 100 
1.44 100 
2.77 100 
2.40 100 
2.12 100 
3.63 100 
3.59 100 
2.66 100 
2.72 100 
2.75 100 
2.29 100 
1.02 100 
0.53 100 
3.05 100 
1.66 100 
2.61 100 
0.79 100 
3.70 100 
4.74 100 
0.95 100 
1.98 100 
4.16 100 
2.98 100 
2.44 100 
1.85 100 
3.26 100 
0.43 100 
0.53 100 
4.36 100 
4.56 100 
3.27 100 
3.94 100 
3.05 100 
1.51 100 
2.07 100 
2.57 100 
2.19 100 
2.21 100 
3.21 100 
1.38 100 
1.92 100 
3.03 100 
1.35 100 
2.75 100 
3.52 100 
3.66 100 
1.69 100 
2.50 100 
0.18 100 
0.37 100 
2.90 100 
1.97 100 
2.44 100 
3.35 100 
2.33 100 
1.84 100 
1.85 100 
1.88 100 
2.59 100 
2.25 100 
3.06 100 
3.06 100 
1.24 100 
0.69 100 
0.43 100 
0.06 100 
0.75 100 
3.33 100 
3.39 100 
2.38 100 
4.03 100 
3.55 100 
2.06 100 
1.55 100 
3.44 100 
2.16 100 
4.62 100 
1.66 100 
0.09 100 
0.41 100 
2.25 100 
2.08 100 
1.85 100 
2.80 100 
2.61 100 
2.86 100 
0.99 100 
1.58 100 
0.22 100 
3.73 100 
0.93 100 
2.04 100 
0.48 100 
1.77 100 
3.99 100 
0.89 100 
0.71 100 
0.63 100 
0.75 100 
2.28 100 
2.63 100 
2.77 100 
3.70 100 
0.48 100 
2.09 100 
2.18 100 
3.38 100 
0.21 100 
3.25 100 
0.36 100 
1.62 100 
2.92 100 
1.65 100 
2.45 100 
3.52 100 
0.62 100 
2.39 100 
2.36 100 
1.85 100 
2.85 100 
2.70 100 
3.25 100 
1.79 100 
3.85 100 
1.46 100 
2.92 100 
2.98 100 
1.90 100 
2.17 100 
2.82 100 
2.05 100 
1.39 100 
3.19 100 
0.21 100 
0.00 100 
2.82 100 
0.31 100 
1.74 100 
0.97 100 
1.60 100 
2.41 100 
1.12 100 
3.40 100 
1.89 100 
2.01 100 
0.30 100 
3.55 100 
2.82 100 
0.71 100 
1.70 100 
2.58 100 
1.62 100 
0.35 100 
3.03 100 
1.07 100 
0.11 100 
0.18 100 
0.25 100 
2.05 100 
2.08 100 
2.46 100 
4.51 100 
3.59 100 
1.03 100 
1.22 100 
3.46 100 
3.20 100 
1.23 100 
2.16 100 
1.96 100 
2.91 100 
3.47 100 
0.72 100 
0.38 100 
4.24 100 
2.34 100 
0.43 100 
1.46 100 
0.68 100 
2.82 100 
1.08 100 
0.67 100 
1.52 100 
0.32 100 
1.89 100 
1.47 100 
1.79 100 
3.00 100 
2.17 100 
1.46 100 
2.90 100 
1.27 100 
1.02 100 
3.21 100 
0.09 100 
0.95 100 
0.35 100 
0.19 100 
1.93 100 
0.50 100 
0.93 100 
0.26 100 
