4.305213176841849	100
2.8260561805617117	100
2.289601548486104	100
2.7830277510002555	100
1.5038022386752659	100
3.17417966518441	100
1.9544155392864717	100
0.9315646249018518	100
0.7078907282859818	100
1.058952764579971	100
2.0670156725468987	100
2.9183813168781394	100
1.4347608917483983	100
3.6761915160601553	100
2.344159333137855	100
1.9130963893722448	100
2.292789255171663	100
3.5661519318888577	100
0.6794752665448355	100
2.6420832145456132	100
2.120877916127975	100
1.7693214571449782	100
2.4868384315128584	100
1.7838875246854584	100
3.473985439626261	100
0.9329823285062891	100
2.93659592663048	100
2.041232925643657	100
2.3789528955862145	100
2.902969215123025	100
0.6331242679574943	100
2.6527401155210586	100
3.85103479230289	100
2.170023301181863	100
0.934655241426357	100
0.9375467021863274	100
2.440388995662938	100
2.9699492934078777	100
2.786347423713984	100
3.2998340101066685	100
1.7220289997093614	100
2.854945328757937	100
2.846408151431011	100
2.634587976355722	100
0.7583300019285768	100
2.6553809236982824	100
3.6608282073432163	100
2.8655168341174218	100
2.7328444760780846	100
0.5491377242680505	100
1.8858497606909526	100
4.081256047909061	100
2.1483901446552314	100
3.1225040452662167	100
2.346276288956	100
3.695944990265009	100
3.097545661808854	100
2.8865016873556955	100
1.7374125727676886	100
3.328408160084099	100
0.6167614321870253	100
2.825929705331468	100
3.893499519306238	100
1.8518620898024551	100
1.1668674296586152	100
0.6729796814478011	100
2.2492235709203183	100
0.694375285025798	100
1.6026645459900033	100
2.1533317821769273	100
3.767134434042408	100
2.558928344689749	100
2.268488895037486	100
1.444069995998897	100
0.9431544172074994	100
3.4583331879456827	100
2.418682873923163	100
3.056875860893171	100
0.5476769249318535	100
0.23174153091956665	100
4.232475372738021	100
3.2394311617961784	100
1.3106073799810145	100
0.2745883812774367	100
0.5936717036951384	100
0.4401141445780533	100
1.4726326177051712	100
0.4853957726799194	100
0.9064993997872194	100
2.6686040930340877	100
4.139413133869723	100
3.39178228157409	100
3.1699108579763133	100
2.95920629227613	100
2.6268608667548254	100
2.16983336929807	100
2.2391367909840167	100
2.900741753973508	100
2.8977078355444337	100
3.0051847001309206	100
2.4457408573108523	100
2.8737105411841246	100
2.4972080034819695	100
1.155887934029217	100
2.7766546505772896	100
2.839160433618012	100
2.621573990441405	100
3.871118681632938	100
1.9321001213446676	100
2.479657692090735	100
0.37122710144488935	100
2.3550019912026094	100
1.0025180403440734	100
4.032553463149976	100
0.2773611415157291	100
1.6984832655740656	100
2.7731083152532583	100
2.1608229444570664	100
3.4691614584127133	100
1.6491554651480382	100
3.197613180352732	100
1.7001347038925123	100
2.3878727402714737	100
2.2618967916146997	100
0.5180792370145458	100
1.5640518898611635	100
4.459813291056951	100
1.4591442541471	100
1.8775192035529031	100
1.1993637530542347	100
2.723176869705575	100
2.5586169965435595	100
1.4316361284602424	100
2.409995598780141	100
1.1142649143118095	100
3.0669847927837273	100
0.4317164810210875	100
0.8718474994494229	100
2.767752497182889	100
2.9904572512127663	100
3.0963601118800863	100
2.080181594431245	100
0.5871442567579884	100
0.6841230213248698	100
1.19142949922825	100
2.9133806716510366	100
2.2764551710737746	100
2.3100619917574754	100
2.903026449813985	100
3.033184194919412	100
1.0016108255040799	100
2.7306322668443896	100
1.6070615654974694	100
1.6109212654449168	100
3.624165007719141	100
3.2582339321873515	100
0.0	100
0.5090612265305767	100
2.528049061741315	100
1.3926076354718784	100
0.9638353885983898	100
2.9268478488943748	100
1.4570554521675523	100
2.666175613628404	100
0.450972929165546	100
2.675144494423249	100
1.0757750888008142	100
1.964481126866762	100
3.5507526546078982	100
2.100985875268146	100
3.331213815261059	100
2.1719904735281106	100
0.6583892154800541	100
0.8887733904841605	100
4.1267140653032905	100
3.947246655251401	100
3.586365704924918	100
3.7371277851804527	100
4.377436701936949	100
0.9926981953345403	100
4.1125724822312835	100
3.1570211461864393	100
0.9282055282259175	100
2.1799280165657584	100
0.38251155579711194	100
3.1302499752470574	100
0.10310589478148532	100
1.5797456231779703	100
1.96275446426893	100
1.8155195551518426	100
2.076395922396352	100
2.54922005914608	100
3.2835891886313116	100
0.3622108828074272	100
0.5897207471018986	100
2.3529254171945424	100
2.914134727226348	100
0.8076042551223116	100
2.1506449672173233	100
1.2076848987056337	100
3.4103915243419	100
0.8617521620568959	100
2.7855295072869706	100
2.0187853162668583	100
0.7289711688117857	100
0.9037707300514272	100
2.004168276823243	100
3.9157836155833663	100
2.8949798477637194	100
4.093518700691278	100
0.180720941543943	100
2.7845907236641447	100
3.2437904219466165	100
1.98036084503089	100
2.8741432731050467	100
1.6936545915851686	100
3.5015510118699855	100
3.8580651970193496	100
3.4711993829406596	100
2.60821725356521	100
0.8193567666564608	100
0.6240147452863966	100
1.5148662538937352	100
4.190521274255574	100
3.369320980061396	100
2.163550749517893	100
2.4652168974567346	100
2.6280084712032257	100
1.2223296893068238	100
3.25355413627071	100
1.27224164306781	100
3.084915556136783	100
2.6481652757119987	100
3.6481559545813096	100
2.3593072619016042	100
4.6460344262346736	100
1.5676407396435288	100
1.3128771672802113	100
2.0318937294525106	100
1.0798871983184877	100
4.2218079294197315	100
1.4261872586021334	100
4.257568226458555	100
1.7352374919886902	100
0.6773373285910996	100
3.8376463530023	100
3.615532615610803	100
2.728038840639779	100
2.3503918399795425	100
0.5197130719905945	100
2.964955180153499	100
4.272268167656372	100
2.9326195652898397	100
4.141363384197456	100
3.5081306286399685	100
3.3986200736736074	100
4.719471719987287	100
2.6158662495845313	100
3.9920968926194464	100
2.6155464573032083	100
3.9473349340062307	100
1.4151755419326653	100
3.6014250989562973	100
4.445235365058364	100
4.221607795659383	100
3.6894918490266693	100
3.4615606725842176	100
4.405508763868983	100
3.2415980120547623	100
4.431361879150443	100
2.9451835342624157	100
3.17215802014914	100
4.02030904581201	100
4.1024099805462795	100
4.2590674034274585	100
5.0	100
3.6703855665919893	100
3.90422700023618	100
4.341360642369543	100
3.0797109513424723	100
3.318861939434354	100
3.210442809982225	100
4.065115025083016	100
3.1405552413993	100
3.34358895164187	100
3.5994858579626685	100
2.9534690554636094	100
4.012415758864538	100
2.1584796082976854	100
4.360405013122699	100
3.5280866079671545	100
4.309748878719305	100
4.065793468797677	100
3.127738551436669	100
3.6581946708285575	100
4.5346377558975135	100
3.9918433374062388	100
3.9317348636745524	100
3.4862832880115016	100
3.445229323499684	100
3.3667497378618947	100
3.268061306158845	100
2.852918360268937	100
1.9163853450895882	100
4.235111584592032	100
3.5089830747771957	100
2.7379711322377376	100
4.104079951701243	100
3.1208920231199273	100
4.759543325956311	100
4.1184971139955895	100
3.66075833656571	100
3.3890901090481003	100
4.111027058345625	100
3.691316661513221	100
2.6469970085065033	100
4.542675010037433	100
3.5429756127675525	100
3.7233533314163485	100
4.531224765519167	100
4.856703403299975	100
4.411108279777693	100
3.037464731404353	100
4.586773217518884	100
4.004151422211823	100
4.326718510381634	100
3.902975302896879	100
5.0	100
4.344541008362912	100
3.540101021873278	100
3.385955823256798	100
4.023477591280108	100
3.6980955402498314	100
3.3525592226587024	100
4.385871539313382	100
2.074125271155309	100
3.7846752689355623	100
3.6293604344767205	100
4.619467807564324	100
4.236399095417624	100
3.458142088311908	100
3.9736568860940857	100
4.37591124404383	100
3.542301211105109	100
2.097073431204152	100
3.8478752057743777	100
5.0	100
4.264216272926078	100
3.71550854610839	100
3.8778208352538814	100
5.0	100
4.454202804962407	100
4.044033390827287	100
3.239578383345691	100
4.269253821676099	100
3.80270798035173	100
3.7205452076020165	100
4.060166888435886	100
3.6681685580016024	100
4.614260925865393	100
2.185279671428922	100
4.373769506125072	100
3.404661845981287	100
5.0	100
5.0	100
1.795005816585489	100
3.352023170428717	100
4.211090487309865	100
3.712859174066885	100
2.5552957987599343	100
4.073814398624399	100
3.983529474163612	100
4.860080330191823	100
4.331336757981059	100
3.4149282096318747	100
4.639562453574432	100
4.081532996738663	100
2.529221164996627	100
4.710669255073256	100
3.9984081268821243	100
4.159911584517475	100
4.009088946072635	100
3.649147389193955	100
2.114617522067185	100
3.607653939412471	100
3.800291062154171	100
4.221359736915599	100
3.4304320329842377	100
3.5911115866146046	100
3.979943812313237	100
3.6842558022638516	100
3.5266657844100453	100
3.457106542182435	100
4.066972635409278	100
3.433216047564879	100
2.913525410233866	100
4.507191178809743	100
3.658124440864171	100
3.584111444968053	100
2.120440261215618	100
3.7195342624089407	100
4.187844885826448	100
3.53318669894099	100
3.366199474287107	100
4.12803855304116	100
3.1163809614436784	100
3.3406779977289873	100
4.2023381759072285	100
3.88374374358312	100
1.8953611743297734	100
4.170280998094019	100
2.910690953049716	100
3.49652674883178	100
5.0	100
2.1665481170717196	100
3.651090146860152	100
3.8759978662960495	100
3.7846460936232	100
4.201335808014353	100
3.4191371859312425	100
3.4467110069576816	100
4.330534410138584	100
2.8664150965801776	100
3.643688904122563	100
3.2978917661611176	100
4.547091405952467	100
3.534088194042099	100
3.6272150727983683	100
3.8718846891486316	100
3.9658948420789097	100
2.7376302792242315	100
4.24154358942449	100
3.86561628699956	100
5.0	100
3.8073313660462413	100
3.4782104831240823	100
3.298742668245832	100
4.8033245802774465	100
3.2656117744801754	100
3.462586628591972	100
3.870737172134161	100
3.5157573010117953	100
4.2984190315580495	100
4.436094204899201	100
3.1931350325395256	100
3.1853747932296232	100
4.4553862711448184	100
4.631594285404046	100
3.332278927143568	100
4.354711913988689	100
4.016083261476374	100
1.5364694115660174	100
4.080574115774247	100
4.819426050927087	100
3.841847508349454	100
4.964078484582868	100
3.0184001386954793	100
4.605301481196647	100
2.7372290892149898	100
3.380449955564808	100
3.358278073982803	100
3.315263138349864	100
3.0160246793418968	100
4.795092831194727	100
4.119550267097014	100
3.957610992479664	100
4.2506269769151315	100
5.0	100
4.169175845082955	100
3.3588815549186632	100
4.4638483278866765	100
4.3628736933874945	100
3.598728436877787	100
4.554882958107695	100
3.4507709407095333	100
4.362488138781047	100
4.261359608600504	100
3.4811863323259873	100
4.269879047794362	100
3.861507039091768	100
3.7857195420344083	100
4.319025891099505	100
2.9611902917247033	100
3.144798027085331	100
3.357098491445045	100
3.116050211446423	100
3.782743695916608	100
2.582545406837483	100
3.536820293393063	100
3.710330097208864	100
3.603373841012929	100
4.04510094014624	100
3.3653700427338973	100
4.111379566911895	100
3.7736945572115466	100
3.1895264721197107	100
3.88726036726576	100
2.110229358810144	100
3.112672166589816	100
3.758453357102067	100
4.400288432148204	100
3.766973417723505	100
4.521249811811979	100
4.596159664512087	100
3.999259563326246	100
4.4876303881336765	100
3.9554849332675874	100
4.692742509213904	100
4.709263140765269	100
4.8273450052298665	100
4.304063211571851	100
3.741156728623342	100
4.544507016788911	100
3.5158847874878143	100
3.646162005196178	100
4.577617779617554	100
4.626539253017209	100
3.8292383306977302	100
4.058955776452221	100
4.190679349873283	100
4.075757880470597	100
4.310098943276764	100
5.0	100
4.518523153289913	100
4.111006903127028	100
4.163854583967541	100
3.330364830897668	100
4.696390977533523	100
4.251824717647129	100
4.432365032783966	100
4.260528912748077	100
4.708647687917796	100
4.9579967489026116	100
4.762230136307208	100
4.458620929701417	100
4.2935926231944	100
4.116765207783442	100
4.613883052364426	100
2.575179237698703	100
4.102072777096568	100
3.286786545790656	100
5.0	100
4.05736646057418	100
4.361261703109311	100
4.168588357572167	100
4.0045537094707635	100
4.920055979603337	100
4.71756659877227	100
4.8992860980721895	100
4.6916549320929475	100
2.4285394542677214	100
4.526444719620321	100
3.88552051570799	100
4.3761139444470665	100
4.315475665113152	100
5.0	100
5.0	100
4.2706625929593205	100
4.492818262945539	100
4.409658486668404	100
3.931003060319956	100
4.340523433522724	100
3.977323356436074	100
3.5687683773578414	100
4.29126952935494	100
4.519305185911056	100
4.344106669994647	100
4.606560834828078	100
4.308743395464863	100
4.81132269793344	100
3.823862058451627	100
4.236859235620282	100
3.6837794188433715	100
4.5913833730025795	100
3.852308796774597	100
3.5848906215027436	100
4.080611507045544	100
4.064230573252311	100
4.850009913860691	100
4.950365408510373	100
4.7281977293136945	100
3.920346061016415	100
4.357049798529238	100
5.0	100
4.558369841485995	100
5.0	100
4.121130631682779	100
4.883186684297237	100
4.829231112799231	100
4.483593926017332	100
4.29864362497563	100
4.350542784278155	100
3.956673889312237	100
3.9086016824372725	100
5.0	100
3.400364618056797	100
4.368794700520977	100
4.353616636121025	100
4.21717516630067	100
4.172276583956556	100
3.974429131790465	100
4.0578580428573	100
4.238302100195461	100
3.9441238382177644	100
4.6206520231860475	100
4.440113647054991	100
4.184721852186566	100
3.7375792073822294	100
3.7192932582245475	100
4.487877761199628	100
4.295151450132425	100
4.028389260469793	100
4.38934238865325	100
4.302816878611817	100
4.455100297810508	100
4.27041769359854	100
4.161658868624038	100
4.252708300534423	100
3.0151863661532126	100
3.654575597407482	100
4.818286713098006	100
4.151636400253591	100
4.158546470637781	100
4.378049751054619	100
4.2732614762926415	100
4.411124607583898	100
3.855761625706378	100
4.063818413126085	100
4.504626580698692	100
3.9111419001146817	100
3.9683736556718467	100
4.941643134531184	100
4.363445595169053	100
4.8544189965959434	100
4.657197265720907	100
4.680669862251699	100
4.192676655596503	100
4.0839691602168084	100
4.619422773841545	100
3.499013440806328	100
4.360819330790369	100
4.047398479903277	100
4.553676196982104	100
4.282840689262057	100
4.717308743748018	100
4.524545167204858	100
4.172744525755007	100
3.9981542278238966	100
4.849562462806104	100
4.2340852435675265	100
4.033410213131165	100
3.730968946597342	100
4.239046812060802	100
4.4631581829508935	100
4.560104437640364	100
4.93194739285872	100
4.917862258800592	100
4.616684977522735	100
4.587574428890995	100
3.62013369041958	100
4.13816651090005	100
3.8476425094323656	100
4.5053578119158795	100
4.258804070666694	100
4.523931636562996	100
4.21187658563984	100
4.205180222768406	100
4.499439832462713	100
4.125225313118443	100
4.602121804723045	100
4.6452083949172485	100
3.969248970187133	100
3.7870834016312194	100
4.305004066986672	100
5.0	100
4.059547405221447	100
4.799243309445672	100
4.105555198160688	100
3.683975313987571	100
4.760027636229844	100
3.538826107763298	100
4.470314109356183	100
4.448081520561881	100
4.23003483958762	100
4.69308085127247	100
4.340745729503883	100
3.855055280081259	100
4.760442378412235	100
3.882065586854553	100
4.416325964527037	100
4.904253692597785	100
4.688911854262728	100
4.601306953252784	100
4.215467431415742	100
4.347481766701954	100
4.113110287222264	100
3.9866312260928836	100
4.917253995687715	100
4.2515637037396585	100
4.740954017647869	100
4.40604080857647	100
4.717282375315283	100
4.538136735965506	100
4.002826734340277	100
4.1897045038587795	100
4.46689352314231	100
4.318825202188231	100
4.306301642042073	100
4.532154274294298	100
4.32466459621783	100
4.841281745247355	100
4.548174296546446	100
3.8664141270947137	100
5.0	100
4.361280795454164	100
5.0	100
5.0	100
5.0	100
4.595549586724794	100
4.49735477137013	100
4.395409557018478	100
4.614823227167645	100
4.4635675392102305	100
4.1394183347355575	100
4.246654989392389	100
4.727421371871008	100
3.9067732787427496	100
4.109085866071596	100
3.922925234482825	100
4.283194120339444	100
4.199471426508595	100
4.697213280341749	100
4.247722983898732	100
4.761895292665465	100
4.170502828277024	100
3.5198982656714075	100
4.04064123305159	100
3.783816916146638	100
4.222505179173413	100
3.7586633563151906	100
4.371229557555108	100
3.420492801530482	100
3.834316853966554	100
4.117199535200882	100
4.711565225168015	100
4.175670120070115	100
4.013694681480398	100
5.0	100
4.978490802643255	100
4.258364808013641	100
