1.73
2.13
4.16
4.5
3.13
1.67
1.56
3.34
4.38
2.45
1.25
2.2
3.26
4.11
3.34
3.26
1.94
2.1
1.68
3.23
3.35
1.59
3.2
1.77
3.26
3.41
4.88
3.35
3.16
4.97
3.23
4.47
4.83
3.34
2.14
4.97
4.96
4.83
3.86
1.99
4.97
1.88
4.99
2.17
4.35
3.26
1.86
3.26
4.37
4.83
2.13
4.4
1.63
1.8
4.33
3.13
3.31
4.86
1.94
4.3
3.31
2.19
3.86
3.23
3.31
3.98
1.94
4.91
2.09
4.95
2.16
4.33
5.00
4.83
3.16
2.13
3.3
2.37
4.88
3.25
4.97
2.14
4.95
3.25
4.41
2.26
4.3
4.3
3.33
4.88
4.92
1.73
5.00
4.35
4.41
3.31
1.63
1.66
3.06
1.57
1.96
2.27
1.55
3.86
2.16
4.41
4.95
2.96
4.99
3.31
3.15
3.3
4.98
2.42
1.55
3.27
4.29
3.85
3.25
3.22
3.32
4.95
3.78
1.85
1.91
3.31
3.85
2.13
3.87
1.63
1.77
3.22
3.31
1.66
3.28
1.97
1.89
3.24
4.25
4.39
4.13
4.43
2.07
1.59
2.77
2.45
3.31
4.42
4.97
3.23
4.39
4.42
3.27
3.22
2.72
3.27
3.32
3.35
4.4
4.5
1.88
4.95
4.95
1.78
5.00
3.21
4.13
3.37
3.24
1.71
2.21
3.37
4.83
3.27
4.95
2.11
1.59
3.22
3.31
4.83
1.99
2.17
4.38
2.09
3.21
4.42
4.4
4.5
4.41
4.33
1.92
3.32
3.07
4.95
1.98
4.41
3.33
4.5
2.22
2.36
4.95
3.86
3.17
4.38
4.95
3.36
3.33
5.00
4.42
1.98
3.07
1.91
4.88
4.29
2.13
2.75
2.9
1.25
3.38
1.73
5.00
3.26
1.84
3.33
3.41
3.32
3.31
4.95
5.00
2.08
4.3
3.35
5.00
3.75
4.99
4.97
4.32
1.92
3.36
4.83
4.41
4.88
3.34
5.00
2.51
2.22
4.36
4.32
3.28
3.2
4.91
4.95
1.86
1.64
3.32
3.37
1.99
2.36
1.68
4.22
4.29
3.31
3.31
3.75
2.3
3.25
4.33
3.29
5.00
2.88
1.71
4.5
3.43
4.97
4.33
1.7
4.74
4.43
1.27
3.16
4.74
3.85
4.33
4.43
2.1
3.06
4.88
3.34
2.42
4.89
4.33
3.85
3.28
4.41
4.5
3.15
2.42
3.31
3.16
3.31
2.99
1.72
3.33
3.35
3.35
1.59
3.23
1.55
1.75
3.85
3.25
3.16
2.00
4.83
4.42
4.95
1.57
4.83
1.75
1.65
4.37
1.55
4.97
3.37
3.31
2.54
4.95
5.00
4.97
4.29
1.39
4.95
1.72
3.17
4.28
4.91
2.24
1.47
4.95
2.17
4.39
3.26
3.26
3.01
4.34
3.26
4.42
1.96
1.94
4.95
3.34
4.83
3.34
4.37
2.05
4.95
3.21
4.39
3.31
1.75
3.36
2.67
4.4
4.88
1.78
3.32
4.5
3.26
4.95
4.29
4.98
3.21
2.17
5.00
2.95
3.41
3.85
1.8
2.42
3.31
3.19
3.25
1.59
3.16
1.82
1.59
4.99
1.94
3.31
1.77
3.11
4.95
1.71
3.36
3.27
1.91
1.99
1.73
4.75
