5
3.75
5
5
5
5
3.335
3.35
3.35
5
3.35
3.75
3.75
3.59
3.9
5
5
5
4.375
4.1675
3.815
2.5675
5
3.355
4.1675
5
5
4.375
4.1675
5
3.72
3.145
5
4.095
3.01
5
5
3.065
5
3.375
5
5
3.635
4.375
5
4.375
4.1675
5
5
5
3.8675
3.35
3.335
4.06
2.5525
4.1675
3.1
3.35
5
5
3.255
5
2.64
5
3.3
5
3.255
5
1.92
1.725
3.57
3.24
3.19
3.19
3.405
3.01
5
5
5
3.345
3.35
3.615
3.615
5
3.75
4.1675
4.1675
0.8525
5
4.375
3.825
3.005
3.14
3.01
3.01
3.265
3.265
3.265
2.95
5
5
4.1675
4.1675
3.75
5
4.1675
4.1675
5
3.3325
5
3.415
3.275
2.0825
3.535
5
5
5
4.1675
2.85
4.1675
3.91
3.35
3.375
1.955
3.275
1.695
5
3.445
4.1675
4.1675
3.125
4.1675
4.1675
3.435
4.1675
3.75
5
4.1675
2.985
2.955
2.78
3.145
1.735
3.35
3.35
2.5
3.405
3.035
3.32
5
3.105
3.375
3.575
4.1675
5
4.1675
5
5
3.74
3.745
3.4
3.07
5
5
3.52
5
5
5
2.5
1.675
3.75
1.195
3.08
3.75
3.715
2.91
3.02
1.695
1.695
3.5
3.5
3.75
5
3.79
2.65
4.1675
3.76
5
1.57
3.75
3.35
3.06
5
2.98
4.1675
2.9375
4.1675
3.75
4.1675
5
1.71
1.615
5
2.66
3.43
1.695
5
4.1675
2.415
5
4.1675
4.375
5
3.57
2.76
2.6575
4.1675
5
5
5
3.07
3.75
2.725
4.1675
4.5
3.345
4.375
3.075
3.58
3.21
2.845
2.98
4.1675
4.1675
5
3.79
0.6225
3.46
2.7
2.7975
4.375
2.5275
2.7625
3.75
2.52
3.75
3.01
1.4325
2.7625
2.805
3.895
2.325
4.1675
3.75
4.1675
3.025
5
1.78
2.965
1.095
1.2725
3.59
3.75
3.75
2.395
1.1025
3.715
3.75
5
3.935
3.815
5
3.75
4.1675
3.49
3.1975
3.615
2.4225
3.765
4.1675
1.2175
2.83
5
2.54
5
5
2.165
3.55
4.1675
4.065
2.5525
4.1675
2.845
3.07
2.87
2.5
2.945
2.8125
5
1.14
4.1675
2.7225
2.355
4.14
3.48
3.475
3.82
1.03
2.82
2.905
2.84
4.1675
5
0.87
1.12
4.375
3.75
1.69
3.5
3.485
3.22
4.1675
3.75
1.07
2.89
1.1025
0.755
5
2.96
3.75
3.75
2.4425
5
3.47
0
2.52
3.75
2.6875
3.405
4.1675
2.935
2.5
2.52
3.59
3.025
3.03
1.14
5
4.1675
2.7925
3
0.6875
2.945
4
1.55
3.12
3.15
4.1675
3.75
1.11
2.41
2.875
0.82
3.01
2.7325
5
2.985
3.75
5
5
5
5
0
2.745
2.5
3.75
1.225
4.1675
3.055
5
3.79
2.8975
1.3625
0.9825
2.5125
3.3325
2.735
1.065
5
3.115
1.205
0.91
3.07
2.975
0.85
4.1675
3.225
4.375
2.6375
4.1675
3.015
4.1675
4.1675
3.58
2.1925
1.345
2.375
1.97
0.9
0.96
3.75
3.18
1.54
2.54
4.1675
1.0425
2.465
2.56
2.4325
4.1675
5
3.645
1.165
1.255
0.665
1.015
2.795
3.75
2.9075
3.75
4.1675
2.6
3.75
3.0975
2.3325
4.1675
3.75
3.425
2.85
0.6875
1.2425
2.985
3.45
0.77
4
3.75
3.37
3.75
4.1675
3.0425
0.8825
2.2575
4.1675
3.22
2.7825
2.62
2.9275
1.2525
3.6275
1.065
3.07
1.0075
1.9525
3.75
3.5
3.185
3.175
1.625
1.12
2.45
1.0775
3.86
4.1675
0.98
0.98
2.4075
5
1.1875
3.135
4.1675
5
4.1675
3.35
2.99
1.135
1.535
2.5525
1.0375
5
5
1.0525
4.1675
1.24
2.6875
3.27
2.23
2.37
0.935
0.895
1.13
1.245
0.795
1.24
3.4
1.43
4.1675
4.1675
5
2.05
3.46
2.06
2.595
2.3975
0.92
3.75
2.35
2.475
2.6025
4.045
4.1675
4.1675
1.12
0.905
3.1
3.495
1.0125
2.3825
0.6925
2.2975
2.0675
3.3175
4.1675
2.1025
3.75
2.25
1.515
0.9225
0.805
1.155
1.1875
1.085
1.6825
2.7975
2.595
2.4775
2.935
0.6775
1.0775
2.95
2.965
0.8825
2.1075
2.07
4.375
4.375
2.825
3.38
5
2.275
0.7575
0.525
1.92
2.8975
2.8425
0.975
1.25
4.1675
1
2.29
2.87
3.09
4.1675
1.37
2.7425
1.745
0.8925
3.75
3.75
2.825
3.0075
2.6225
5
2.63
3.245
2.6825
2.1
0.43
2.955
2.97
2.625
1.89
1.155
4.375
3.07
2.595
2.52
0.95
0.6
3.2575
2.5875
4.1675
3.15
2.14
3.015
2.82
2.4675
3.75
2.5525
3.2975
2.3125
1.085
1.07
1.065
0.91
1.22
3.24
3.7825
2.4575
2.5325
3.5
2.24
2.87
3.1925
2.8825
4.1675
2.2175
1.01
1.04
3.0275
2.72
2.84
2.4
2.31
3.355
1.2725
3.75
1.005
2.09
0.9425
0.955
1.2725
3.75
2.3
1.11
0.5725
1.2075
0.9125
2.18
2.3375
4.1675
2.4775
0.68
2.835
0.8075
2.0075
1.335
2.5375
0.5375
2.6925
2.405
3.75
0.9175
0.76
1.11
2.8025
2.765
2.58
3.3325
4.1675
2.855
2.8175
1.035
2.2975
5
2.61
2.6525
1.58
2.965
2.955
3.3325
0.9125
0.5875
0.485
2.0825
1.0725
2.9
0.8675
3.07
2.3
1.18
4.1675
2.5125
3.23
0.92
2.4375
3.75
1.1725
2.405
4.1675
1.935
0.4875
3.315
0.8425
0.7675
0.955
1.01
0.83
0.665
2.73
2.7
3.75
1.23
1.125
3.75
5
1.3825
3.75
2.7475
2.5
2.34
1.71
3.75
3.6175
2.5375
1.295
1.005
0.835
2.31
3.47
0.78
2.5525
0.66
2.7475
2.615
2.0825
3.75
3.0325
2.3975
2.5325
2.4525
0.885
0.72
0.9775
0.99
0.7875
0.6625
2.915
0.7025
1.0275
1.11
