0.5057660156
3.7295906949
0.9441033613
2.8716419141
3.3560899931
2.5759574223
2.6962813393
2.6383041593
4.3164329568
4.7674858608
0.6472547528
1.0334020981
0.2618264199
0.3879302779
4.0051134714
3.8561673641
4.6228894765
2.6889640064
1.8955839987
4.6365806802
3.8263774236
0.8323279375
1.0080916087
3.1154036882
0.3691352493
2.8758300355
1.1095400020
1.5559315642
1.9529903280
2.0139850288
0.3048294104
0.1405670505
1.7713610060
3.0864828786
4.4639704145
4.0998363459
1.3671884766
2.7629573710
1.5695168551
3.6499836803
2.2350075078
3.8087000369
4.0377886919
2.6186146847
1.1669712473
4.7191623886
1.0214610323
0.3599541552
2.0334755603
0.3955689850
3.7636604121
1.1992118194
3.4243532180
4.6121079108
1.7144602853
3.8995055564
4.1777168021
1.8174816910
4.0749561725
0.1680955026
2.0023354978
0.4187232750
2.9529035510
3.8677799239
3.0084740685
4.5398663274
2.4138199431
3.6837649426
1.2445663061
1.3371894597
0.4247133045
4.5288405038
3.1767291906
0.1193380569
3.3120533145
1.9160946532
1.2193619416
1.6757977906
3.7047270798
2.0576225966
0.8429551531
1.6002085899
1.5856176426
1.1818064231
0.7554233453
2.8232495719
3.6268390994
3.8259511241
0.1220585992
1.6888020250
0.2939076556
1.9336829317
3.5934975266
0.4404418093
3.6492001078
2.9489923468
1.0284377289
4.9847822931
1.5065516489
3.6857068487
1.5963971817
0.8936670033
1.7440000692
1.2002024765
0.4343697039
2.2567053406
2.5933449577
2.7971295673
2.1092058965
1.7352878029
2.5318349474
3.4467812402
4.8449807316
1.8632669997
3.7070249600
3.5355440345
4.2421603903
0.7303301250
3.3503853536
1.9578337647
3.1143410663
1.9422253035
3.3639474233
4.9923564544
1.0606153166
1.5260711538
2.6981114058
4.2938894633
3.5797662241
1.9157338209
3.5443255733
1.2336219507
1.4096602025
1.5665814496
0.0258947092
3.9991219191
3.4751947748
3.1938303933
3.5315448226
4.5350295909
1.3753721671
4.2653132079
2.1630349282
3.9865590712
3.8995521331
1.6970834729
2.7891676622
1.6718924835
1.1903521267
2.7662095217
3.7587349827
3.3317683229
1.0622988377
3.9649060703
2.5345947808
1.0133189739
3.7281062520
1.8474423145
1.9961854646
4.1719465045
4.0059008635
4.1678051350
3.3099500368
3.6043112778
0.5989985089
2.6517694206
4.4935854328
1.5450399331
0.5137485821
1.2998420028
1.7736084754
4.5103582013
1.2599141746
1.9636341051
3.7449133081
0.2974651272
1.4520900421
4.1918373579
4.1398881400
1.4461589114
4.4804382851
3.6955131270
1.6729881489
4.6391960459
4.3658333053
1.7563619692
1.1797779938
1.1134350318
4.9702670297
0.0946522603
3.8683381570
2.5314290322
4.7506116403
2.0523122730
0.4621758288
4.7323586522
0.9657341755
3.9362110031
4.8696198178
3.8547319569
3.0572944307
1.3398776869
0.5629616004
2.9669441513
1.0977486615
0.6299710148
3.4048076489
3.2245293678
2.1501657259
3.2859643526
4.2983331909
1.8168220465
0.9191035697
0.7351456351
4.8571010881
0.3959707652
3.6362814176
3.8756478163
3.6491831652
0.0761333958
1.0560307391
3.8514606511
2.3454716174
3.4316744332
2.2110550930
4.3869849706
2.9348966464
0.6448535897
0.0670393536
4.2345592902
2.7169997819
2.1935345729
4.9239116747
2.9945233907
3.9678020010
2.3186746828
0.7414908967
1.7699172311
4.4366283219
2.2637247933
2.0578870217
0.1811040142
2.3736075843
0.6806457294
3.7510269270
4.1318362356
0.8296842049
2.1002263283
3.1383407280
4.1580609223
2.9985093622
1.3710908977
2.2788801923
2.0527178164
4.3834988996
4.0886546635
0.4384884165
4.9206797965
4.3402557847
1.3218954498
0.4952636637
4.6327011719
0.8466828033
3.1648535642
3.2332488917
4.3987844337
2.2383078523
3.5070699894
2.5214461306
0.5308824261
0.6780862906
4.8516708139
3.9679405728
0.4015785192
1.6373338756
3.3835736887
1.8307870623
3.6967150292
4.9922064190
2.8785252804
2.4546506942
3.7013776649
2.0986299932
0.4746975211
3.8719175042
4.0238239839
3.5237748852
0.0338202425
1.1866398236
0.6526245371
2.8756590755
1.4828788363
2.0674178383
3.9383493764
3.2914893919
4.5379532209
3.8699333067
3.2005877071
1.7927522029
1.9096389293
4.2407573001
1.4700675028
3.5793271442
3.0186178691
0.3112903142
3.9984026727
3.8701184705
1.4074055660
2.9549242081
3.7969206942
0.5736057604
0.1202887956
3.8730302268
1.6216213108
0.6236604347
3.9913027395
4.2080899226
2.6022197580
3.4949334417
3.8862254970
2.8077351563
4.5461938315
4.2346940771
2.7985602474
4.4248136140
3.8386657610
3.3464168094
0.3140268968
3.9196364655
2.6388151211
2.3325237264
0.2990159883
0.7057089836
4.6544706988
0.4629713807
4.9047132965
1.1645322101
1.3978251686
3.9619239398
3.7322541914
3.8541581411
4.3042394022
2.8913062155
3.6005078592
2.9963714881
2.0783610879
0.4179319085
2.0752431040
2.7855719080
3.8409078481
4.2561308309
0.2379350554
0.4961807470
0.1372160557
1.0219555139
0.0289059766
2.5428598748
1.2649158530
2.1753590406
2.5305488162
3.5777961591
0.1408683021
3.5860537242
1.3528794926
1.2911876064
4.5929249403
1.4755609401
3.6395484513
4.8549052392
2.3944010991
2.2663475836
3.3747841090
4.3457624503
0.0007749841
0.4286408224
1.5907356989
0.0751899409
0.0695425080
1.7418716082
1.6536510816
0.4983034640
0.7940060475
2.9816953670
4.1527115917
0.3799025300
0.5368114580
1.1717769654
3.5867212626
2.6510150437
0.4641546410
0.4842330134
2.3039071307
0.0309945968
0.9397645403
4.1816493767
2.2146510714
1.0412978955
4.5001664447
2.7304119878
1.0849870751
3.6629586315
0.7885957146
2.2088062459
1.6022313524
3.1460950540
0.9416503463
0.2286810168
2.4583614664
4.5628306474
3.4958489387
2.8967890765
2.9500451425
4.6916847172
3.8843314617
2.4871833247
0.7779848200
4.9593414026
4.3287615435
2.8708688060
1.0270606898
1.0628957265
2.2779436156
0.7605110704
2.6103182254
0.8109928309
4.2107639864
0.1492332456
3.6049763706
2.8051355847
3.3929345749
3.1418739474
3.9412749152
2.1228753547
2.1689194334
0.6486273789
2.3222044696
2.8432849680
1.2747401365
0.1044722279
4.2541651695
0.3933308180
3.9945944259
0.7285688322
1.8087010984
1.5034267475
0.3530159867
4.5968410974
3.5701017382
2.3941048369
0.8614097085
3.4848623944
4.9624198391
3.4165416032
3.1280990607
2.5791596886
0.3050222757
4.1214214298
4.2275280993
0.5509890258
0.9839870148
2.9077163698
3.5181029426
2.4509947844
4.7164305939
0.4204518503
2.3385941014
3.4950463577
4.1482667991
1.5300753226
4.0174346598
0.1656757237
4.7881538531
4.4819386102
4.0431477657
4.5102692469
0.3198046903
2.9895586679
0.2911530379
0.9524736058
3.6328581225
2.1372747406
2.4340931261
4.9887605132
4.9037081876
1.8248365714
1.2094715942
3.4749844510
4.8797600542
3.6371274021
4.0378093432
2.7409135475
0.2643438206
2.8560611136
0.6128417615
2.9425925389
0.0589177272
0.3887340200
3.8867505023
4.0771100444
2.6412999946
3.5968226305
4.2904350450
1.1616167070
4.6936790313
0.9482881774
2.8318878272
0.7036276720
3.2453854263
1.5355909546
1.7534755286
3.7637189555
2.6693112713
4.4173715683
0.8781058802
3.4012940578
0.5270032595
2.4360861384
2.3897569595
2.8813812666
1.4585309869
0.2761773706
4.1586721347
4.7532750277
0.5750612597
4.5804373009
4.4968114513
2.3537331092
3.9535982945
1.6013094621
3.4041571165
1.7674866028
0.2266488007
2.1846523044
3.5085796600
2.1407386609
0.9798353690
3.5622309674
3.4066901242
1.0994718159
2.7460316695
4.0528350274
2.4540650981
3.9997293455
2.0468739994
1.0679746835
1.0321933506
4.7231849765
3.8660860264
0.9047510640
3.3163380658
1.6354938417
0.5316324604
3.4445169958
3.7912450407
2.3199775728
1.5761131713
1.7107567437
2.4963874908
0.4736142847
3.2809672572
0.0632559577
1.8434801319
3.3601815631
1.2870470785
0.7987704246
2.0287017785
4.9264639448
3.5721406134
3.9123232719
3.5809446379
1.8370373707
3.9083869761
3.4598790794
0.5440925906
4.5222582268
0.4756898824
0.2049989693
3.6125778478
4.8793154595
2.9307575576
3.2723372532
4.2301582800
4.5497774001
1.9279803780
4.2532866498
2.0550042248
3.0168319298
2.8238197254
4.3881295363
3.2009165217
1.9348560295
3.2396684283
1.9997462073
0.5240747027
4.7021601355
4.9313250806
1.5819317561
2.7545184954
2.9094606398
2.3414967756
2.7969700248
3.1171048890
0.8021918892
3.5734276831
4.9492201572
1.9715897837
0.6601537096
2.8002897504
2.2516276898
4.9775154976
1.1648033788
4.2509369204
4.7584418984
3.9866259669
3.5499686541
0.5257109665
3.2087933406
1.7415881452
0.0387324890
2.6870156354
0.1115742603
3.0510037021
2.6961970152
0.1322915912
0.2423088167
0.2813074600
0.0788757758
2.9388979768
2.7480640169
3.1985508932
1.6563156445
2.1214325624
2.3382248510
4.6777682600
0.9045649119
4.9655217463
4.5390524911
1.9232523667
0.7252582226
2.4045294324
4.8109016017
1.2863843759
2.6949839772
1.8465403308
3.9619558724
4.7835502807
3.8794620250
1.2010638331
4.8751388850
3.0881435017
3.1037405354
4.3139996213
3.1198844397
3.2588313096
2.7165974042
4.0144508690
0.7127455336
1.2604102709
1.8537049988
0.3800356293
2.6760483951
3.5010754582
3.8346140208
3.2136270580
1.3182463657
1.0462875672
1.7335843440
0.6222688278
2.4102120751
2.8482741693
3.9697144205
4.7298087505
3.8859643155
4.5533038936
2.3592978078
0.1231415535
4.9724223704
4.0961082057
0.8700921143
0.5155462718
2.0095043335
0.0702024330
3.9860737511
1.1502651222
4.8086512459
4.5605085955
2.3207478831
3.7071443436
1.5047047340
0.8548652487
2.8612884435
1.4119136180
3.1636563165
2.9061067457
0.9544245895
4.8817146552
1.2384107228
1.1169138835
2.0934190822
1.1251216345
3.5282774969
1.5642126400
3.4846773424
4.4065717637
3.9479639066
3.0952854314
2.7790849239
3.1934135528
4.8915518033
1.3188428478
4.7793224235
2.6413788199
1.6700906432
1.7140909641
4.1780019669
4.5070122596
2.6824424529
2.3004528877
4.7559849457
1.6723949251
2.0629111584
2.2893210124
4.0547781871
2.7504455164
4.3416424626
2.1944112970
4.4261917760
4.3333712377
0.6010804139
2.1544706103
0.9168278919
2.1307885057
3.0508270181
2.9448855747
1.5404328201
3.4990882624
4.3516107771
3.8749142242
3.7692853180
3.1243513923
4.2648929399
1.6146929750
1.1938403258
2.0252220650
0.7967156023
0.9288687032
2.1806491641
0.6804410499
0.3421376424
4.3478019448
