3.3386414921
1.2820452188
0.4864473235
3.6956631513
0.0186673290
3.2776131643
0.3862683796
3.2320089698
3.6275009787
2.2618022005
0.4321074021
0.5910373106
3.4444298213
1.7177053172
2.1739398273
0.8096745475
4.0251082367
3.3534787345
2.9565292146
3.9447959726
0.5300456801
0.5048907865
4.9241319615
3.5202986420
2.5810308728
3.2856280767
0.8187007874
0.7160512563
1.3855264506
2.5586480596
1.2631079167
2.1143217081
0.5323107529
3.8042666503
0.7617452241
0.2138027384
2.1904741505
3.3559522065
0.9847247248
4.3498725264
0.1970854768
1.4709710897
2.2016502602
4.4630603252
0.3458437853
2.5862277924
2.6850366064
3.8797827413
0.8798608914
2.4941221436
1.9660170814
1.9073442674
2.9270450133
2.2513901786
3.4657316144
0.2991515166
3.2176643801
0.4262116945
3.9800757213
4.1693945954
4.6024759774
4.8939891247
4.0142934734
0.5855464903
2.4988477258
0.2368869701
1.0638159139
4.1514925612
1.6747463838
1.8913514221
0.6510070241
1.4266225224
3.6200974106
2.3544138289
2.5519338421
4.9726169874
3.9262609710
1.9147521002
0.9964022444
1.3488850428
4.5122492731
1.7574988178
1.2773967822
3.1117287376
0.5064985733
3.7200265575
0.7574583787
1.1365201182
1.0617935138
0.0949175125
1.5697792112
0.6547968316
0.1852360461
0.4096687846
0.7568662718
0.7606586699
4.7824950928
3.1121544613
1.3111255008
0.7277500450
4.9141303850
4.1863436572
0.7368735658
0.9271375858
4.7503436351
1.3722678692
0.7649458911
2.0383581424
3.7884864283
1.4038740907
4.6577139811
2.3947657850
2.6050860148
4.3724499672
3.8480539931
2.9471172082
2.1817016009
2.4141466587
1.1803484633
1.4162986017
3.7428838558
1.6782618279
3.7503056353
2.6405338492
3.0367932151
4.3070120927
2.7742225430
0.0107691723
4.1771772469
4.6242792004
4.3239004325
1.7897733578
4.0425779096
2.1451398911
2.4229708160
0.2885208187
0.9286250337
3.4628937470
1.4617590146
2.5434572353
0.6964868686
0.7069190778
3.2144760158
2.7192297343
4.2200311101
2.5822718813
4.7635904181
2.8254657900
1.0616645264
4.0678799652
3.1964167091
4.0584025927
2.1984551967
0.5599812159
4.1486157051
2.6869218327
3.3629125248
4.5747445866
0.7544142129
1.6292790097
3.3842456538
2.3705524429
3.7155154358
0.8961018099
2.4342047542
0.8960962768
4.4271158894
1.7947641035
3.5555209414
3.0232522815
1.0730201851
3.0408410245
0.4299133692
1.8697916921
0.5110285407
1.7479617098
2.3166653995
0.2706009399
4.5686648542
3.1650699056
1.1425497362
3.8096213731
2.0276421847
0.2000741199
0.1706940847
3.7986753514
3.3285790926
4.3644386048
0.7317383284
3.7823577662
3.6263610607
4.1508795252
4.5178804631
4.4869972576
0.7877877062
4.8255575050
0.6623056497
0.1212124325
3.7789852700
0.6896936601
2.6368298193
4.9088130218
1.4383464930
4.5092015443
1.1737803289
4.1028569850
3.1849630238
4.6936674520
1.3692203068
1.2318298721
2.8517405054
4.0498965646
0.6592645912
3.2825451078
1.6513600320
0.3654677960
1.9257226243
2.0749810819
0.6423233069
1.4726262144
2.9185513716
2.4555058226
4.8374691269
1.7838338870
3.9581483693
1.6785504114
2.9301773474
4.0119682400
0.3685254036
2.5926609825
2.1612097815
0.0281968523
0.8016661778
2.9529939441
3.0346271480
1.6597893176
1.9433006730
1.3848527822
2.8529437427
1.9824957427
2.5809638254
0.5860552665
4.5837385471
1.0646978889
4.5972106938
1.2221498902
3.6120595622
3.6235182498
0.6955235254
0.4082777494
1.9604888214
3.0597747747
2.0356821228
1.5334336167
3.5726553716
3.4555398322
1.0517167238
3.6437755043
1.0228940604
4.4046716557
3.5421862927
2.4163483480
0.3168758087
4.7657302441
4.2932137509
3.5061323992
0.3332317316
4.2939878195
4.5438773079
0.3988332868
4.4879355670
3.5437417733
4.1962427547
1.8385563306
1.7105979410
3.8059058882
3.8641894058
4.9908353524
0.1495886010
2.2340888076
0.3425214020
0.1429237626
0.7813904509
1.7433875505
0.4475803530
1.4084359074
3.4147785826
2.9713736616
3.1602238955
2.3941073540
3.3439100833
3.2548006370
4.7097717057
0.4825067886
3.0234327675
2.5861089070
3.4321349195
1.4939873095
1.7861246984
3.2116691893
1.5662508269
1.3001439330
3.4878379924
0.4628317644
4.4101811862
2.0838049009
2.4997414992
4.5683084854
3.6224636158
0.5695097037
4.1437640849
4.2824014249
2.7468203207
4.7040244195
0.2190849781
2.8314272965
3.9710409663
0.0473478303
0.9464765337
2.7868154831
4.5563058827
4.9676276307
3.4798793809
1.3273499635
3.5345660355
4.6233176926
2.1330068261
3.9675769761
0.0526363860
1.4957726165
1.9408861285
3.1703311940
2.9168034648
3.8164274899
3.9355254229
1.4975888351
4.3760352402
2.8540067025
1.1404481986
4.7075067920
3.2809757569
3.5062286471
3.3753889062
1.8017478682
3.4160976003
1.6227309794
3.3703450309
1.7443438452
4.8605860794
2.6950666261
1.7934093930
3.8928557063
1.6672791741
3.0373717418
4.7409630835
4.0390242099
0.3264508223
1.9775661188
0.1791208753
3.9871594570
4.4111910974
1.3417219780
3.1846387293
0.3950154411
3.3830193029
1.1796614147
0.5502937050
1.9577801217
3.8102040516
4.1121738588
0.0981317456
1.1781536332
0.6477220741
3.3218655448
1.6036750094
1.8844821463
2.8181538596
3.3310709853
4.5605392093
2.2378829447
2.0790033523
0.6601046193
1.6089093809
4.3146827866
2.1664798602
1.9141669668
3.5795611770
4.0218668961
1.9618571454
1.0623265869
2.0498207494
3.3632952824
4.0679164195
0.7301847152
4.6168810877
2.1390068412
3.7341007245
4.3902264562
1.8307129101
2.4479451470
1.6948970067
3.8897286516
2.7225253904
0.7479733238
2.7422831422
3.8728128342
3.9600727366
3.2812941924
0.9361193172
4.2263098360
3.9684184622
2.9266763464
1.3530405678
1.6821734467
4.5000366782
3.7236522193
0.4122589945
1.4440018419
4.5129504422
2.6126708879
0.7138742668
1.0516801188
2.2272076971
1.2367516186
2.2406085606
2.3642530101
0.5512271715
0.7953143212
2.8567411197
4.3130065086
1.8888863682
4.9735054398
4.5784572295
1.0686385303
3.6097729916
4.3875626933
0.7685106331
2.1707146945
4.1585064231
0.9887647954
2.5463163398
1.5048436087
3.1298087147
4.6086131434
2.5142564619
4.3817995355
1.3950415848
1.6625367836
1.7346342054
1.2999267950
4.0498286440
2.7681700473
3.4925145228
0.7624625296
0.0933771019
2.1898194225
3.1314332455
3.1079203529
1.1460520819
0.0589327871
3.4260538406
4.1055197146
3.4761159510
3.9101554033
4.9733413178
3.8080823722
4.2184263303
4.3359733611
1.7473703334
3.1592309621
1.0220162431
1.3252017815
0.7187782411
2.2656231307
3.8202097445
0.8899923579
1.6250278040
4.2919708325
0.8522329275
1.8840580368
3.0695975568
3.1684860301
1.1207649709
0.9060121327
3.9951344672
4.8470439686
0.8027634528
0.0037902477
1.7262726390
2.6617712391
2.6640440553
0.6398863367
3.6116574060
4.4780808194
4.6999736049
4.3365344350
2.3517553294
1.1156479921
1.2393486751
1.3420752623
4.3099414121
2.9478322968
1.8258063057
4.9947574461
1.0404243306
4.3831093024
2.8163003095
4.6114567792
0.3897127265
3.9718147820
4.8102527182
0.3026990588
2.4410796597
2.3306806625
1.5125567250
0.1715129496
0.2670122635
4.6931397103
4.2208915652
0.6547143017
0.5667285201
2.2582021166
4.8606627151
3.0270527230
2.3189169573
4.2859947739
1.9327791343
0.2301802955
4.2389470189
0.0630609018
0.2195245960
4.5817014230
1.1505719381
3.0026265979
4.9566990004
0.6398272352
4.0608912126
3.6497596688
0.0363495241
2.5747080518
0.3509703055
4.7023075548
1.7797570622
4.0597984455
4.7905700336
1.1374631033
3.8064922606
2.6301917508
0.1720813280
1.5306521953
4.4295340516
2.0474397521
0.9947817056
0.8761735833
3.0015035736
4.8027690664
0.4653419625
3.9537815880
1.4114842352
0.0267637274
4.9041543237
1.1464443203
1.9397760292
1.7505739852
0.6401906478
2.7942166703
4.3889955927
1.3817296773
3.4610203349
4.6880462425
2.5595344868
1.0700030130
4.3712363902
2.2640145262
4.9765033165
4.2019255536
1.6543937181
1.8797626941
4.3205201744
2.8860878868
2.2738202217
4.2455443215
2.2982750420
2.9879332836
1.3701077240
1.4754938343
2.0085687844
0.0082188182
0.7921401723
4.2314324349
2.0289627775
2.0426043250
4.1492101004
4.2911104331
4.0463845915
1.8330114829
0.0997749627
3.4025891402
3.4767430699
1.8496675649
2.4440017876
3.1320045752
2.0241641566
4.7044312811
2.8993556836
4.2968620051
2.8958434979
4.4725369947
2.1886441334
1.5530425921
3.5553247443
0.6258587063
4.6262987933
4.4007439851
3.6224801550
3.8938819042
4.7600487392
4.7506333589
0.2354441440
3.0595999730
3.7109278245
2.7826970036
1.8167073394
2.2604676528
3.6948031113
3.0008829026
0.4366201447
3.0464173671
3.2339752570
4.5790346214
0.5624072370
3.1979703859
0.8491743521
1.5783140808
2.9048094802
1.0309740931
2.5223700723
1.7419402120
4.8286239412
3.7169143790
3.0417721925
1.0163879044
1.6443076195
4.5886587064
3.9753805718
0.9640798716
0.3276727182
1.7435760024
3.6022417247
2.9040708882
0.3713823436
4.7150745320
1.6855960993
1.1054021033
0.6189319893
1.9786436154
3.6643952602
4.1519506271
0.8981756101
3.4615497813
4.2248953749
2.7650991312
3.9019520621
3.6116180058
0.4884817996
1.8069096069
4.1683397692
3.4783443924
4.3024632064
1.8653375079
3.8184912073
4.4003833096
4.5748316621
1.0461250732
0.3074757594
0.4617999331
2.8700814088
2.2432484965
2.2403162393
1.7630736534
3.8399028868
0.9391705922
4.9742924714
2.5924992157
4.6493338244
4.2838015164
1.4580813202
2.8233060759
1.6657950793
0.9312527512
3.5025080327
1.7985725867
0.9860293987
2.5685667565
3.4063252721
1.8000455987
1.2055854403
0.7711242575
1.8088653264
0.0816081672
4.3990613300
0.3640058725
4.5606042416
4.7398136271
0.9293807740
2.7839725103
3.8092356236
0.2021936319
2.1840843714
2.5278124970
1.9250031261
3.3516461758
1.0297683391
2.9725905270
4.1326357646
3.7379374268
3.9568064300
1.0729571022
3.0917457321
1.6241537254
1.9703874655
1.4193949251
2.2520858960
0.8988876378
0.0763546659
4.1964735696
1.6993501989
0.9792298294
0.1576329220
2.8573634654
4.7615863235
0.5135870379
4.4760903607
0.0536576329
3.7417527821
1.9484009030
1.4430400863
0.0797224819
1.4200936106
0.2835731479
1.5474108846
0.9382301722
0.0880496579
2.7455049384
0.9226910260
1.0662223323
2.7562276109
1.7449524629
2.3714911541
1.8151511502
