2.7028947781
3.2184640136
4.2903022749
2.5061458086
0.7711167221
1.1753206013
2.2093109863
2.8220354255
0.5541142460
1.9015449184
0.5034373550
4.7753998998
2.7208832490
2.6460561801
4.2958599042
4.3300559784
4.4133045744
0.2798552642
3.2248669354
0.5238922514
3.0353254444
2.5391497675
3.1963639778
4.0514400449
3.0036707603
4.2779550821
0.4572237567
4.0687900975
1.1376186107
2.9909606495
1.1184996107
0.7239556556
2.0286166691
1.8698499918
1.7983596214
2.3103024262
1.0593468822
0.0515458660
3.3884648381
4.3691822136
2.4950540095
1.7130257466
2.2472624480
2.8712403522
3.8969532406
1.5505506246
2.0777701186
2.3279625328
0.7983623465
3.5656296354
0.8099925898
4.3229546318
2.3195286797
0.1581871004
1.4488624771
0.2064049932
0.9982298913
0.3197150034
2.8028857320
3.2194825975
3.2920335369
0.3243155387
2.5274748447
2.9645219960
4.8171438638
0.1602229626
3.0168712451
1.2213071004
0.6712080730
4.0335243889
3.3918190032
0.6422862114
2.0270882923
2.4423831775
3.4546064325
1.8059503593
4.3558434399
0.4752390099
1.8322171058
2.6368314260
3.0550461715
2.3694734230
4.1812286756
4.9346959305
2.2287482448
3.7952713016
2.8794933063
4.0197201106
1.8341919668
2.4483854246
3.9398790405
4.5730523235
0.2146599757
1.0688554279
0.3264235937
2.1146451369
0.1551995128
3.0022023028
3.5747524728
3.1471421006
4.3965146195
4.5150976099
3.7737684887
1.4436283906
0.0308794185
4.7270007559
4.9772812707
3.8590206099
2.2819018657
2.7589007799
0.9208898242
0.1937243350
2.8773991512
3.3943489304
1.2251600876
1.2809988162
2.9921973498
0.6388077005
3.7906793931
1.5564318957
3.6366280374
0.3214787366
4.8192722789
2.8023650035
3.3587774538
0.6578389641
2.3295038074
3.6484633474
4.3166884780
2.1578691826
0.4401789707
3.3114704382
3.6538862456
1.6792851017
4.3550964792
2.2352141969
4.8115837399
4.8699851120
1.4436837885
2.9619643929
2.9581381980
1.8805448420
2.1388041919
1.1472233697
4.2758117479
4.5451735413
0.3940877487
2.9940342435
4.9723043933
3.2954843737
3.0033222970
1.1051083181
3.7761633626
1.7812276081
3.2941003777
2.3598266657
0.4179439806
4.4994252785
4.1930291306
3.6499049835
0.4204426938
1.9798859513
4.8119746846
3.3367962676
2.0396067169
1.1207516114
0.9312568083
3.0134378568
4.6716360605
0.8205431588
2.7292851773
2.4035483104
2.6207464830
0.8992594208
1.0173121198
0.0572906931
1.0960952708
2.5547047290
4.0368696745
3.3998124789
0.3561497308
0.9537548112
4.5357878055
3.8591437500
3.3655899591
3.5322278080
2.5918072275
3.3955049766
4.3855968781
4.7700394649
3.2516810611
3.1316887321
1.9356227785
4.5471467715
4.0149060286
2.7534065359
1.2866387331
0.1753053508
1.0470626786
1.4220279338
2.4561903100
3.1738905389
2.5560267462
4.5858042405
0.8487840883
2.2260931614
4.3185167949
1.9584093894
4.6362116126
1.2539563165
1.9836682878
0.1775153755
1.5070586916
1.5043518321
4.5992977793
0.0863451480
4.9791354005
3.0886122775
3.1655945562
0.9760318290
2.3998098606
3.7897693082
4.7961273581
3.4676051049
2.5347758955
1.6949595037
4.8988823252
4.4340938838
0.1337950703
1.4564275379
0.3377816329
2.6032741352
4.5712164676
3.6906913226
1.7206219238
0.3308225499
3.9890069076
0.2279674831
2.2210942132
1.7860055841
3.8606592354
2.9871459860
2.8846039829
1.1946098991
3.4763508471
2.1178327511
0.4097282481
3.2867994845
1.0943878652
4.4907564521
0.4246770561
0.1042871795
1.8732063652
1.4797932630
3.2920467006
0.4380791831
4.7945498648
1.4397588419
1.2420624941
1.4546607960
3.6050659741
1.0988331878
1.9366367744
3.2875353692
1.9742537359
3.8360289542
3.4517645101
0.2383265573
2.1158608165
4.1636201828
1.6975209634
3.6661518124
0.7125154073
0.6711740388
0.8023149400
3.0177429031
3.1752455278
0.7791557939
3.3158137566
4.8390224296
0.7568774360
0.2915148346
0.8434437604
4.0398641370
1.4080291319
4.4018396819
1.0405595951
4.3890146109
0.2440635242
1.2983506973
2.6578679922
2.8802050011
0.1991028019
4.2090631537
1.4487142379
2.6210290506
0.6378199649
0.8379084500
3.3962431785
0.5940282458
2.0266293767
3.9515802886
3.5827082596
2.5685516388
3.0231346887
2.9996334052
4.5584231900
4.5994171542
2.7069235909
1.2792877637
3.7437579599
1.6343882827
1.9673136483
2.3119888166
3.9495256709
3.4203152997
3.9963660334
3.8796772942
1.7800655341
4.0039188402
3.2609333405
1.0016878339
2.5059020030
0.9771861226
4.4888579154
0.0231074178
4.9912769103
2.2319016586
3.9854773254
3.7652898452
1.7339622281
1.3287652263
3.7717377918
1.2701741633
0.8340422248
0.8228055259
2.5195036683
0.2913509041
2.3339069287
3.6404486076
4.3587454384
4.1638429572
0.4582504691
4.1998411539
2.2914792895
3.6668257512
2.6907696340
3.6831803441
0.0055321552
0.7026369345
1.7294864045
1.1893096244
1.3149562713
2.1031767530
2.3067748756
2.3512735786
2.6313808235
4.2710596325
2.8004844012
3.0345805424
4.8005542333
2.1256528913
4.9218685848
3.5284189498
3.2202131121
3.4895628577
0.4828304241
1.9979579538
0.4292519501
3.4834597525
4.0233790812
3.1282049323
4.7546252841
1.1387533302
1.6398899476
2.8088873959
0.1927804475
4.5590492751
4.6811184685
3.2887948618
2.4486081259
3.9111645210
0.5729161454
4.5734027625
4.0594488759
1.9815158277
0.1608358148
0.5109757331
3.2877705745
1.2488029113
0.9045192637
1.2724069784
4.1075235232
4.4820930033
4.5667850543
3.9946141708
3.1603006894
2.9358107146
1.7771546478
4.6453257892
3.1833193891
3.7690033260
3.8432721163
0.5506252868
0.6675616715
0.4329699142
0.2790134560
4.0808692854
4.5874528093
4.3444208809
1.8253973423
0.2438804481
2.0401346971
1.1644052841
4.8856766565
4.1180810935
3.7702426766
4.7380646880
0.6708108198
2.3570502954
1.4532843987
3.0967268700
3.3631194652
1.2985504768
4.5260368721
4.5899484569
0.9271498232
4.3561996600
0.4352368827
3.9869852217
3.0161299446
3.4046079044
0.7162795779
0.3790701679
0.6939291115
2.2860213443
3.9923242411
0.6181954818
1.3859320484
0.5685199552
0.1224242104
2.3653327394
0.8230063988
4.4259160399
4.5369635738
3.1898192450
1.5017799564
4.3441447404
4.6323357704
1.4887448555
3.8683468744
1.0976959714
2.6976026015
3.7854759172
2.5735171078
2.5952043381
0.5976154735
2.5529588362
3.5436622115
2.2315101670
1.6141780127
0.5012881156
4.5755699048
4.9732760467
4.8643195831
4.0094602490
3.7756010667
0.6686595681
3.3782967485
0.3856484633
3.5175726179
0.8337995752
0.6758334333
0.0542317719
2.0505196349
3.2082905029
2.8642644938
4.8148279441
3.3227965904
3.6698426043
3.3742006899
2.5504716281
0.6444623861
3.0895253631
0.3152497054
0.3087287961
0.1427833995
3.5310624598
3.5849969610
3.4989547302
1.4988346742
1.9414096336
4.6982855672
1.0772177352
0.6250581937
1.4392469571
0.3608759313
3.3918824780
0.9583504691
1.2301247370
0.0224763312
1.7798581123
2.1205259922
2.5120127847
3.5802052563
1.8065749723
4.3231900269
2.8862364703
1.5266885586
0.0804924196
0.0681302895
2.3626851088
3.7497485150
4.0221172147
2.1839038754
1.1043191199
2.8861718426
3.5830093749
0.8265798743
4.3570773930
3.2441385823
1.2750786807
0.8054510534
2.2731156562
4.3619676560
4.6457626251
2.0364263345
3.4768357399
0.9299268458
2.5096834605
2.4058611075
2.6164647207
0.1226290270
4.3894909218
2.1905012796
0.8642073733
2.0682817525
2.1233159795
3.0353609082
3.4035454304
0.8046878126
3.9372224357
1.4666988775
1.6045381936
2.3679492340
1.2600051202
0.9034089155
1.5215613383
4.7464703980
1.5545286879
2.0343158634
1.9404996491
4.0688766230
4.6625373794
1.4239310805
3.7948051993
3.2292767161
3.8946263891
2.9836377417
0.9059904816
2.9769407329
0.9581075090
1.9531541369
1.6811165052
1.4906015411
2.9952082904
2.7481864644
0.3178542133
3.4415098383
1.5229228997
4.1797835959
3.8800640643
3.2359910742
3.0225169618
0.3900214303
1.1699985592
3.3701083550
1.7479357800
0.3938753217
2.9467562126
1.8692919016
2.0130582269
1.4007122157
3.7371982566
3.5082420804
3.6108851151
1.4086011275
3.2210015576
1.6854634669
4.0244837939
3.7340780043
3.1148081201
4.3774809178
4.9490879031
3.7382103928
1.2536134681
1.8257892637
1.1745554381
0.6315152526
1.4958084409
0.4611850726
3.7229273786
1.7458412678
1.4399718339
4.8822360150
3.0207359004
3.4267116834
3.2180501608
4.4547997672
4.8617434449
1.8664365910
3.7555259351
0.6558741708
2.6128344818
4.9237712685
3.5022625672
4.6564325870
2.9918384708
0.6828712098
2.3287425698
3.7236871149
4.3372681225
2.1312514190
1.8453315640
0.8634666314
1.4605693987
1.5874989558
3.0840739042
1.1487605376
3.3638815724
1.1043401679
1.2335518878
3.4622517055
1.5910049236
0.9966790894
0.8408398199
3.8807574902
0.1049030659
1.3983776903
4.6970019524
1.7504548523
1.0283843159
4.6024435910
1.0634898467
2.1367487032
0.6004947317
3.1691530681
1.2388853132
0.9154405852
1.3726222714
1.9433182373
3.9245300806
1.3268818091
0.1564897778
1.2688837730
3.8426280612
2.5070902466
3.0303619879
3.6554119658
3.4634708006
0.8950371759
2.8772913044
2.7815118972
3.0847167632
0.6897589771
4.3655864763
0.1252405910
2.4034708097
3.7815321188
3.9605404128
2.3169277306
0.8627068809
1.0356078456
2.7795559289
2.9073525001
3.6219248374
4.0830993193
4.7500440861
3.0409578409
4.8855269134
0.1303377500
2.3088467806
1.1926755171
2.3620606543
4.8847793459
2.5795861358
0.8564313781
0.8671488188
2.8023907641
0.6945259091
4.8176056867
4.0196828624
2.1690312296
3.3826273148
4.3703648863
0.8148905850
4.3579736663
3.6460012342
2.7892102941
0.7425206350
4.1692791135
4.8915335147
4.2832824687
2.4100621306
2.8067974478
0.1998477894
2.0685189965
1.1392069961
3.5282770549
2.0048537757
2.6189147136
1.2413610303
0.6972156637
0.6569161483
0.4017285049
1.1107375374
2.1460881244
3.5623026497
4.7759963530
4.5703698716
2.8444835496
2.5702879062
4.3182478208
0.1893267879
0.6581380050
1.3344842696
0.7286091856
2.3837023618
4.9321488896
0.6521507240
4.0248625892
1.7979007602
1.0707173609
2.5080282925
0.8274933612
3.7177906169
3.6941246857
3.2694232575
0.8168986975
2.5280345117
2.1994713037
1.3266906936
1.5619766842
3.6300013765
2.1437827395
1.4059681078
4.8001168072
4.8749638713
3.2058283512
3.8351052027
