3.582
3.437
3.322
2.52
2.964
3.815
3.539
3.357
3.74
1.276
3.54
2.887
2.262
1.178
4.38
4.435
3.64
3.765
0.957
4.688
3.421
2.368
4.539
5
4.659
4.231
4.448
3.788
4.724
5.0
3.159
3.996
4.05
3.685
2.745
4.0
4.011
3.398
0
3.671
4.273
2.727
3.611
3.765
4.656
3.396
1.482
2.262
5
3.597
3.46
4.629
3.267
2.759
3.749
4.449
3.931
3.884
3.492
3.528
3.532
2.283
0
3.253
3.303
3.337
3.343
5
4.105
4.879
0.601
4.646
2.119
3.516
4.083
3.22
4.324
4.677
2.617
3.264
4.0
4.151
5
3.337
4.746
2.567
4.615
4.699
4.516
2.617
4.522
3.705
1.038
5
4.391
4.085
3.504
3.875
3.518
1.927
3.177
4.433
1.828
0
3.456
2.758
3.881
4.442
3.611
3.605
4.457
3.854
4.739
0.394
1.828
4.322
3.014
3.342
3.256
3.234
3.699
3.536
0
2.901
2.731
3.689
3.311
3.436
0
4.19
3.692
3.209
2.951
3.346
3.819
3.062
2.267
3.77
2.836
3.154
3.916
3.958
3.311
2.219
2.424
1.276
2.987
4.099
4.705
3.524
3.778
4.997
3.467
3.213
2.702
3.838
5
3.614
3.608
0
2.773
2.593
4.117
3.711
5
4.485
3.352
4.001
2.517
2.216
3.041
2.9
3.134
3.921
3.127
3.568
3.639
3.533
3.801
3.398
3.729
3.996
3.871
3.971
4.372
4.946
3.942
2.284
4.479
3.801
3.663
3.88
3.83
3.127
3.532
3.205
3.845
0
3.552
3.398
4.368
0
4.578
3.978
4.376
3.792
3.412
4.706
4.5
3.803
3.354
3.341
4.448
4.084
3.46
2.267
3.121
3.412
5
2.659
4.821
3.396
2.739
4.587
4.082
3.288
4.121
4.636
1.038
3.7
4.699
3.599
3.85
2.558
4.66
4.183
3.581
3.637
3.676
3.13
4.393
4.306
5
1.038
1.975
3.771
4.349
4.093
3.292
3.256
3.972
4.368
4.172
3.069
4.978
3.056
3.441
4.543
2.649
3.249
3.567
2.222
4.287
2.558
2.887
4.303
4.857
4.588
1.038
2.424
2.796
0
2.935
4.717
2.824
3.681
4.261
4.759
2.333
3.355
3.238
3.311
3.29
4.208
3.226
4.13
4.448
2.918
0.394
4.074
3.904
3.342
3.802
4.55
0
3.782
1.387
4.121
3.428
4.125
3.558
3.924
3.551
3.922
2.874
1.412
3.557
1.828
3.878
3.311
3.091
4.716
3.789
3.473
4.595
4.4
1.927
4.032
3.773
3.7
3.015
1.828
4.723
2.873
2.566
3.864
4.368
1.038
1.402
4.963
3.232
3.307
3.904
3.583
4.073
2.51
3.517
4.21
4.623
4.093
4.198
3.396
3.396
2.871
2.862
3.667
4.595
1.954
2.793
4.368
3.462
3.516
3.522
4.756
3.961
3.51
3.405
4.547
3.742
3.631
3.79
3.147
3.724
4.448
4.656
4.783
0
3.747
4.636
4.963
4.739
3.743
3.356
4.017
4.397
2.964
0
3.288
0.394
3.001
4.603
3.2
1.412
4.506
3.516
1.205
3.611
3.343
4.711
1.142
3.788
4.368
3.676
3.969
3.54
2.644
0.966
3.69
3.604
