3.3080343650
1.8046933312
1.6186488643
3.3741717138
3.3562812390
0.2382837934
4.7806587647
3.1311494522
0.7765101688
0.7221640999
0.3980441555
1.3080381206
0.0926355332
4.5414654333
1.9517325451
0.3735477691
1.8475839750
4.1078409465
2.8670672505
0.2038800906
0.9469191943
1.2619169909
0.8578675813
4.7695473604
4.8975903584
1.3469391144
2.6186752918
2.0250059101
3.5568384694
4.5019019880
0.4317082334
4.1917047696
2.6695373713
4.6248518578
4.7958784680
2.0196699163
4.8010767971
2.8523328723
3.5190982275
0.0412609598
1.0261030187
4.3971224860
0.0148445682
4.6340703701
0.5604323227
3.4695989309
2.4980589475
0.4320308518
3.2142827715
0.3925632659
1.8380228006
0.2617244703
1.2802945627
0.0974825904
0.4666010781
2.0348429797
0.0709178559
2.9824374427
1.6945341901
2.5510527895
4.4985532373
3.7171780195
0.3072614443
0.8146154453
1.7008731165
3.4253784501
3.4116774306
4.5525757153
0.9961963485
0.7633087628
3.2184834564
1.1548496661
3.2934223154
1.5807281962
1.0692506338
3.2029447999
1.2522686496
4.0049739462
3.3664361303
2.2832687234
1.9074377905
1.1722341216
3.7174909734
0.5151022301
3.4405257082
0.2582354086
1.1555932171
0.4875224291
2.2522704599
0.5795525391
3.6097857924
1.3721819426
3.2920328319
2.0700909248
4.2423705372
0.3413265433
2.7187452202
1.4367635784
0.9929102978
2.0073362237
4.7661221870
2.3938614986
2.8233461772
3.0490988866
3.1734858517
3.0251108691
3.1703985333
0.0924919427
3.6215355017
2.0620535168
3.9180647706
0.0611004043
3.3198226027
2.5614369107
3.5087558822
1.8561108822
3.6602438091
4.5551393686
3.3361536446
0.3112845508
4.7498246896
0.0042928884
2.2915729143
3.8033489409
2.6283497488
1.1633329447
3.7694551805
4.7865036765
1.1645390128
0.9264595070
0.8432019545
1.4215792969
1.5016420053
2.1433192463
2.9821062936
2.6484164108
4.6233054483
2.3356232287
3.1415093113
4.7200649312
2.1577855276
0.8830301440
2.3849725052
3.7983853485
1.0980581390
4.0642101107
0.2183176687
0.5746362251
4.2427952332
3.4049411408
3.3755706390
3.6008496582
1.0548112731
2.4948872530
2.0065047050
4.6265496566
2.3763549662
4.7619968040
1.7005907376
1.4621025447
0.2620668976
3.9399996786
3.9343255652
0.9192739328
4.7087075377
2.0101553464
3.7553543576
1.0990988087
2.5346713778
1.9512182816
1.4903783782
0.5477702112
3.2412557422
0.4776756460
3.1730229639
1.6268630624
4.6616861775
1.1999322886
0.1867335675
1.3419033690
0.2536783044
0.9936528088
1.2760967066
0.0432644672
4.3381276962
0.3394274955
0.8330992737
4.0089415998
3.6422787746
0.5869411904
0.9637204253
2.2963691783
4.5229699616
2.4366493496
0.8014967629
1.2196719225
1.9674494526
2.9214866048
0.3905402907
1.8822769878
2.2795930386
4.1443577644
1.0087712616
4.8384795044
2.5325464819
2.3952222618
0.3563310523
1.8402939743
1.8198990795
3.7737383612
0.6733652198
2.8698090108
2.8721363211
2.3970657856
2.6703404266
3.0874882782
0.1696070010
3.8230426509
2.5131325672
1.7217465072
2.6144878573
3.6901874825
0.8802737215
4.2661214331
4.5997758370
0.3195874746
4.9425740886
1.0720307505
3.8013484949
3.2696028332
4.6630683544
0.6651429991
3.7283958788
4.5404518408
0.0007256089
2.9626230215
3.3974566094
2.3282750043
4.8630844853
2.3208815533
3.9859257760
2.2914671044
1.1950322388
3.7460349600
1.9029068232
4.1582959795
2.6330645478
4.1022604074
4.9599428347
1.9446042486
4.1818934964
2.1599341790
1.6933986201
3.9123477285
3.3841910239
3.4423117338
0.9866128125
4.8606198409
0.2211656809
4.1161177449
2.9565628789
2.1555276402
4.2837983708
4.3904580944
2.2404745698
0.6568300491
2.6397594389
4.7557639247
3.8669749686
3.0487552642
2.8527715702
4.8289756783
1.4890740038
0.0191399133
0.1185720235
0.9449429139
4.9481271099
0.8223602101
3.8093903333
2.0222488686
2.6252707489
4.4029628849
2.4773453134
2.6626875679
0.4065467717
4.9220838749
1.6823545576
0.1488710685
4.0675801945
0.0194234537
4.7736422156
4.6684954783
1.5914119309
4.8396104730
2.8729531933
2.1043420325
4.1277024301
2.9612434993
3.9549856438
0.4269540412
4.6324280903
0.1758756634
2.7848152399
1.6560572576
1.4844287919
3.1869708119
4.0073058236
3.5142504827
0.7393960075
4.9277838744
1.3594081571
0.9824803048
1.9744057477
2.3527160453
0.5281932387
2.6346491159
3.6088131534
2.3375982448
3.8564255342
2.7348342328
3.0127749189
4.1573221708
3.9200560946
4.9345884178
3.8760159812
2.8991499075
3.0004324275
0.0223436362
4.0904970995
0.9498983203
1.9461327412
3.5178708252
0.5757841468
3.2761461583
3.6786133363
2.1410040976
0.9602071980
1.8379077128
2.2214110535
3.9374884654
4.1299918864
2.9552398626
2.2191943492
3.4410511701
2.3187360873
0.4295071765
3.3208583375
0.9679483432
4.4678058197
3.4301552664
3.9060875590
2.4597463236
1.0219744118
4.6455935870
4.5789668861
1.1465308254
1.5020925075
1.5930481898
4.7925324019
3.3337925984
2.1265424625
1.7450203574
4.3274718761
3.4127355719
3.3351131569
4.7954113936
2.0649851430
1.5496380221
2.3427692946
3.8207049270
4.2721998570
4.6722393749
0.2472469292
4.7332187245
1.1782342915
1.2901201608
4.8047733242
2.5448560092
3.9453576473
4.2650106851
4.7343983679
0.9096344518
2.7336962901
1.9923504841
4.4159757013
1.8683071694
3.6861730133
1.1267959088
4.6029085268
1.9334970271
2.6050723883
2.2444325393
2.4121668224
3.7119511193
2.4006500726
4.8990128792
2.4052034415
4.3229193057
0.1290241692
4.8175532415
4.1992854057
4.4275269236
2.4303039220
2.3641572134
0.3050776483
3.8007300851
1.2732517634
2.4551818974
1.9693586143
3.9505201295
3.2200905546
3.3621475808
4.7984245184
3.2921146251
1.5703353457
0.0225568967
3.0755907784
0.1196936416
3.1173496944
0.7776062211
0.5833892383
4.9646946290
2.2629270727
4.7573353129
1.6563773251
2.5957749756
4.5564297364
2.2788913617
2.2733343282
0.6874209763
2.5443571823
2.6562259719
4.5380595925
4.1760833396
2.0877655444
2.2367684978
1.5766716529
1.2270353111
0.9984445379
0.4826218564
3.0175252619
2.0723878022
0.1955314219
0.6539278107
1.0295289447
4.3494894012
0.3432784633
4.4866930283
4.7282982089
2.8960456191
3.6145931320
1.9961253118
3.3603829160
0.7485939980
1.3659652762
3.6920965634
4.4275506328
2.6774776039
1.9053344059
0.5315456128
3.0902051063
4.3853017356
4.4988094914
2.5224053044
4.2065093903
2.2362952398
2.3740349429
0.1570545352
4.0273306672
0.3884114262
0.8321262268
4.6155525516
2.3230175182
3.6139020421
1.0368284645
0.7183300846
2.9031743536
4.1411139143
3.4848579071
1.9060351239
0.5825509942
0.0821494933
0.2168709521
4.5154306269
0.5130820511
4.5576824708
0.1613949254
0.4423125321
2.9527798478
0.4496356871
3.5372007551
1.0261794178
2.3760202325
2.8407435162
3.4114764805
1.9507853236
2.8868017946
3.0014926265
4.5258738235
4.8768149481
1.1074697977
0.2019462778
1.5797743765
2.8579309658
3.6514656301
0.4290159369
3.7853088777
1.7426768792
2.4118048151
4.1274827962
0.6827391265
0.3386209504
4.8097406829
4.5322485671
1.6943788941
4.1712676593
0.8436007447
2.7747925095
0.4825142730
2.9713381138
3.8898776867
3.3116378608
3.9096368449
4.2858502172
0.2617307854
0.9979184565
1.8412013916
1.7499584777
0.1891454974
3.3041431990
0.5111651938
2.9498124499
2.2057730508
4.3163649529
2.0334848140
0.5269572326
2.6062171396
1.6646792195
1.4988902135
0.2503495266
3.2611653427
3.8659394052
0.0716016644
3.4443437917
0.3738177320
0.5455374390
1.4868037500
0.0945853493
4.8477083505
0.9999437421
0.2538693691
0.5463261637
4.5720359037
0.7844369104
4.8653866252
2.3020748190
0.7654321707
4.7452137541
4.0864593580
1.5616501970
4.3427393736
2.7761123637
4.4066294276
3.8246988704
4.2625051005
3.7598874436
3.4478322423
1.7937545679
4.7968244318
4.6728560896
1.2713980078
1.6282845516
2.3517777233
1.7884163041
1.3662263153
3.1633276919
3.7085681185
1.7361876381
2.6454925538
3.3298527350
0.5957193671
1.8642162542
1.0628177813
2.7105480539
1.2251409647
0.7448332183
4.7786006869
2.9002163618
1.6039180765
4.6714877694
3.9766476872
0.2832347630
0.9843772174
4.8534544939
4.0294465790
2.6137224311
0.0429793056
0.5451175637
3.3321370864
1.7123304516
2.2301885344
2.1920742866
1.6307896572
3.9552512599
1.0455725972
2.5612069893
1.4359885333
3.5075839498
0.7425462002
0.7979045092
4.2795280212
4.3791568525
2.5235395806
0.0506551294
1.2974985656
4.9939954801
1.6577459714
3.1792894616
2.3300132641
3.6556525279
0.0393906781
2.6543573791
1.3547823948
3.8535324281
4.5447087283
0.9257354391
0.3227849473
3.0372162703
0.5711819778
4.7309631147
1.0591385886
1.2368190594
0.4243591663
3.2985054119
0.8162845459
2.6309105760
3.7176777886
3.5267688688
4.8207580909
2.9659488633
1.7716638275
3.6630153468
2.0057102386
2.1720818864
0.6338684575
2.0222062406
2.3512084872
3.8622635181
4.9236988345
3.9572765586
2.4110254855
2.8607250059
2.2613270932
3.7805165799
4.7516009870
2.9018877839
4.7321567480
0.1298862854
1.9952358914
3.0438682190
4.2235528990
2.4415873011
2.7900741545
2.7270049440
3.7449910361
0.6265765006
3.4344004228
3.3056551310
1.0933628850
2.7275574911
1.6882049864
3.0223027232
2.6794357047
0.5560887807
4.9024446032
1.9613695704
2.6075577870
2.9566832910
0.3931844910
3.4037149306
0.4574266981
1.1241508669
1.6566948769
0.0424702038
3.8035020870
1.0980863417
2.7510714939
2.7605293813
0.6144907460
2.2885883648
2.9141548938
0.6067718261
4.9829220889
2.3423913975
3.2161649487
3.4421279671
1.4644563917
1.3591128442
2.9938960285
0.6112306004
0.8701400681
1.0118920235
0.7325116027
0.2870700572
0.0048810010
1.4420854101
1.4675360117
4.6443608372
1.3251265737
3.3887661051
1.2057924227
1.2549257238
4.1818766131
1.2135626301
1.1076311128
3.5311312118
3.4961670273
0.7009957111
1.5473077533
3.3402105989
4.7980565565
1.4931895150
4.7529088755
2.1952586335
2.3526028225
3.0730286636
1.6165077404
4.5229694812
2.0436138182
4.4870120628
2.8196199720
0.1921382923
3.1250211930
0.7218519805
4.5144911154
4.7420011247
2.3580812122
3.3690396889
2.0798893005
0.0102187195
0.2984321799
3.0590301696
0.5881219988
1.2644119541
4.0891124613
3.0793956754
3.5007980184
2.5794510151
3.4533850895
4.6453941654
