3.3935760396
3.6114177368
3.6912156713
4.3811384581
3.9172321495
4.1293644287
3.8579014928
3.2052809864
2.9003531846
0.6777222795
0.2468103555
0.5976376554
3.0530937204
3.9145577668
2.6689927156
2.8994799701
4.6960360008
1.6278010135
2.0019698915
2.7651344325
2.7891174672
4.3606950624
0.8655813571
1.6385964036
4.3830256521
4.2889086719
0.0171120539
0.8821772488
1.5455947812
3.4851017881
2.9697206520
0.9352854022
0.4789807648
1.7091322954
3.8790260233
4.2759617871
3.8722219794
0.2573753890
0.0765753103
1.3863064227
3.2870014018
0.4008007768
2.9286644398
3.7262663249
2.2014253197
0.8246506968
4.6530873091
1.4423503015
3.0274640766
2.8670412637
4.7889547220
3.1757642505
3.1530251660
2.4319537293
4.6554750357
3.5884164100
2.6607375422
4.2443986782
0.0898769646
0.7485459969
4.5543323198
3.7206577934
4.2734576272
3.1668261092
0.9325481544
1.5711924281
0.5546572907
2.3582529846
4.8329335992
1.3429386187
2.8913229152
4.3376539979
3.3075526710
4.2742921928
4.1587771005
2.4030464705
1.4638378078
2.9912580632
3.9194339464
2.0903037605
2.6217154098
0.9562524805
0.9026002159
4.9167045176
4.7083172977
1.0092887445
0.9944956121
3.7951507336
2.4803757532
0.4602534689
0.8487714871
0.0734606112
1.9686943957
3.7243247630
0.6728794821
3.5156186241
4.6564310467
4.4920534492
2.4671419877
0.1287677576
1.7014860215
3.5211064952
3.1485315020
2.1887531213
2.0018490037
4.7861660096
4.0028274876
0.7189922184
3.9807338910
1.4631202473
0.7154637734
1.8263004611
0.6757627898
4.9177329050
3.5371084554
2.9401113400
2.4840117596
2.9598163748
2.6645582013
2.0884943103
4.8136910234
0.3820713726
4.6462314060
3.7788102570
4.8855152234
2.5768222815
0.0553863539
2.9391996534
3.1149639911
0.4906324666
4.0797729682
2.2789425551
0.3838036578
3.5911095288
4.3359764430
2.6037576761
0.2092264394
1.9651147952
0.6780796142
1.2921402951
4.3661779369
4.3042070942
0.0969348957
0.7198209512
1.0779263663
1.8507358582
0.8273975510
4.7834291097
1.0173416382
3.4439356345
4.3410565506
2.3966635472
4.2529882995
1.5151709955
0.1116588391
3.4410244001
0.0169074997
1.2087704176
2.5255340750
4.8798959906
3.9924086094
4.0514277669
3.4614913653
1.7740549689
3.3384749610
0.6388234039
0.2911037593
4.6562103260
3.1412994696
4.3609313997
2.0238718595
2.9727807403
2.5624186792
1.0335677659
4.2309414117
4.1267258309
1.9269471363
4.5573547511
4.1799427057
3.5529415308
1.0451919763
1.0788109508
0.2718486349
3.4277012541
3.5077392860
2.1022340440
0.6238648644
3.2091941447
3.7498632341
4.1940552025
4.2412463306
4.5838247602
4.6983552075
4.2601694501
4.1821807808
1.3621653836
0.5357673183
2.3662672700
0.9757188408
1.9419880723
4.9274017113
0.0444174036
4.1010127199
0.5994688693
1.2295681728
2.3972118450
0.8903286958
4.7523966222
3.1487166797
4.8129393440
1.8575235298
3.5831038938
2.8556927907
0.0588860807
1.2726485023
4.8390628250
1.1238512437
3.0704793967
1.1624183975
4.0239748208
0.9910108284
3.1252253587
3.6914330676
4.5331749113
2.2207806362
1.8340013145
3.7118677244
4.0088398774
3.3267981934
3.6281332826
3.8170814180
2.4305290597
2.6326828313
0.1268228144
4.4200828116
4.3058184866
4.1704369992
2.9720216883
0.6395149317
2.0781578879
1.7106631462
4.7810432567
0.3178776052
1.2716566022
3.7999683404
0.7334292760
3.5388243701
1.3954836699
4.9255920388
3.7483684268
1.0379013180
3.6372698228
1.2965284072
4.0709202782
2.9150151522
3.4917699626
1.8267624030
0.5461939913
0.8238283036
4.7576543725
3.7228625195
4.6753473942
3.1154067815
2.5543406338
2.2488617198
2.2988170141
2.2986431220
0.8780763483
3.2905257213
4.1016960303
0.2117188955
1.6509806008
1.9337934913
4.0729027280
0.8062602995
3.5905199467
2.4640426432
1.1411097001
1.7736029705
2.6151278964
3.6801714414
3.8518415743
0.0010698468
4.9326956967
4.7872133980
1.6153292511
1.1613552785
1.6639119959
2.1108490332
0.5453893295
4.5016011628
1.5164800351
1.5849163413
1.6056613955
0.0177732536
3.0367886472
4.1576359141
1.8889909563
3.8473495122
4.6634778750
1.5931725884
4.6647248364
4.5775939887
1.7364667628
3.4023919630
4.9514466258
3.7019108312
1.7724701315
2.0009012441
2.0016050938
4.1326801460
0.4040182413
4.4849786746
4.2400861686
0.2309221730
0.0468284787
0.3487083610
1.9796819444
3.4920951267
4.4665069004
3.8910866813
1.0693760304
1.8499066727
2.2695499259
2.2232167081
1.5212762062
0.5584359088
3.9581680162
0.5667472728
2.9418906139
4.0849734685
0.5293841150
4.7098574915
2.1743954070
0.2052685220
4.8351152741
3.9713748376
3.1798377062
3.1184245834
2.6735965494
0.1227092323
2.6642406910
1.4852376954
2.1787472522
3.3774762130
3.9408355001
1.7016723307
2.7912312823
3.6168830692
2.7257701300
1.8243987710
2.4144708671
0.4527019921
0.0533965327
2.5094723702
1.2153069009
1.9071178162
4.8934964163
4.2655465440
1.5600545277
2.4187038990
1.8155816758
3.6823291045
1.3731999570
3.4656621685
1.7108297305
2.0117922479
1.5618690523
0.3713014064
2.0145451240
4.2580316688
0.3115403068
3.2531855093
0.5136593854
3.4913664693
1.9774697193
1.6677498322
0.9451991430
3.4286303262
1.8752631369
2.2483728387
1.5415006636
0.9156023380
4.6194181326
1.6394412126
3.1329851473
2.0757646473
1.3300327613
3.7850234015
2.6344160767
0.8342799000
4.2879378957
3.2721583149
0.7987454945
2.8351064134
2.6830735928
4.9798866586
0.1850530869
1.5059891441
4.3889434016
3.9110412120
1.8429481922
1.0197817440
0.0795139999
2.3401333059
1.3325231456
3.9958957160
2.0591763570
0.4937149067
4.2720245275
3.0929885146
2.4296690754
0.9762731087
1.6084797132
1.7892699150
3.4016299734
4.2925655525
4.5413374415
2.0216266910
0.8572586542
1.7144953819
0.3756357406
2.3663661316
0.5721360678
2.6559418850
4.2473062833
4.7656107692
1.6493772307
4.8018220084
3.4350939018
3.6227164470
3.7519356318
3.7780975346
2.9654713915
1.3616350735
3.1361027392
2.8281269503
3.1212456820
3.2386286772
2.4912487354
1.0989789595
4.8017897620
2.5455142272
3.3309514718
3.9509902714
1.0516282375
0.1026557080
2.5153049498
1.5375027964
2.4012108744
3.6238226726
1.2229567226
4.5025187501
2.4540107544
3.6760295284
0.8469907820
1.3957554903
4.7405895636
1.3534086795
3.3269690578
2.5816792260
3.6541148490
4.7485299342
4.0192159276
0.4365871280
4.0222506305
2.9164598450
3.4708464256
1.2913548855
0.8747563622
4.3809844332
1.2252954620
3.3333604605
2.3800277050
1.6891486481
2.8265226297
1.8662487525
3.9708287143
1.9555724499
1.4870904007
3.4181551643
0.9113566815
3.3934881868
3.8765130063
3.0559227161
3.1044307986
3.1623334859
1.3083443732
1.4135164520
1.7570118621
3.3948797867
1.3482364534
3.7766744868
4.6505752051
4.4387554587
1.8245994676
1.6228762066
3.5643307550
1.3619357331
0.1456032753
1.2266189366
4.8162953774
1.8490459996
2.1612696134
4.8760638756
1.6902812881
3.2405119412
4.9606386196
1.3702543406
0.5546031193
4.6406660590
3.5678951868
1.3788634236
1.9274830092
2.5104869418
3.5574815922
2.9419580997
2.3596306788
1.7479317257
1.9092978302
2.4993617052
0.3693016580
2.9916751206
0.6869204514
4.8922705880
2.4404244520
3.3259667310
4.2632997935
3.4388726811
2.2693943083
4.0443637141
2.2116945955
0.5064898289
4.5882401581
3.9930146718
3.6998674169
3.6815109653
4.3965900878
0.8703146275
4.3011143674
4.2620137680
3.7758221544
4.8350965469
4.7979836857
4.0940272502
3.4377492997
2.7616736984
0.4881200141
4.8590309734
4.1570323671
2.3842257664
1.0942501018
3.5563072230
2.4592515805
0.5680815998
4.9727214536
4.7585746542
3.6713271311
4.7198693533
4.4511634295
4.0429746452
3.3020215405
1.3563821306
3.8028308099
2.9926189549
1.8999630403
2.5630706218
0.2832081823
1.1478283336
0.0555081476
3.2226752114
1.4668199915
3.9728105403
0.1694457263
1.7336251768
1.6853510351
2.1453818397
2.4327919261
1.4830634593
3.9917059039
0.5175925545
4.1526182926
2.6229286444
4.7712186539
0.8175636901
2.9520018559
4.0172927840
0.8566861926
4.3418920923
4.3789189467
2.3985911020
1.9471857509
2.4386751118
3.3184816686
3.3685890056
1.9038187334
1.8092063924
4.1327201817
1.5016397431
4.4237954832
3.5079912269
3.2976530508
1.3133440584
1.9559583915
1.8328370167
2.1922946750
2.6231078717
4.9973796279
4.0469307686
4.6702810766
3.0059069088
0.0366348914
1.4311853479
4.7418358827
2.7540348845
2.0224412759
0.5365084268
3.5698550048
2.4765858761
1.9273759443
2.5914367961
1.5750941192
2.0913784611
0.5393081036
4.8608229992
1.6160553859
4.2150706070
4.2950500983
1.7766251717
1.4015717271
2.5520667469
1.7217595890
3.9436235828
4.7787862422
1.8068335214
0.7751240855
0.6229827399
4.6648537524
3.3983948727
2.1657768555
1.1175351063
3.8340088898
4.1066721024
0.2062997551
3.1176455389
4.7875333541
2.0101967206
0.0532591375
3.6493135627
1.6056217894
2.2314049734
4.6778159911
0.8211976024
0.1683239890
4.1526994057
0.8934961734
1.2595403677
4.9268886221
1.7328362624
0.1727713293
3.5052017936
4.5743332253
0.1836945075
1.3703811461
2.9214543288
3.4004246009
3.6724543181
0.3691432985
2.9117790165
2.7951058506
1.5196366469
0.8047941023
3.7011587756
2.5875088390
0.9609324057
4.5947508223
2.2104616353
1.5549267536
0.3375065665
0.8792810949
4.9102304605
1.2154984111
2.2483505706
4.0232263346
3.1269609949
2.7160068696
4.9277524348
0.5660996045
4.3817959057
0.3563775531
4.8551594231
0.9451345690
1.6491529963
1.7475582942
3.3333496583
4.6498961101
4.2524299313
2.2999832621
0.7192581578
4.3516952996
1.6774997465
4.2843974807
3.9109960460
0.8427269902
1.2347701645
3.0222063674
0.1011606844
1.1281376196
3.9802893605
2.3535982496
3.2326857364
2.2518292483
3.9995303899
4.7314749572
1.8370753108
0.8695336588
0.3384900602
4.5088491516
4.3093818547
3.8794928694
3.9506346662
3.9660848604
1.2588249790
3.7040299532
4.8206787738
0.6795525376
1.4632344371
3.9095819270
4.3734831945
1.1104496898
2.5098866182
4.5367149908
0.7154185042
3.0153355011
2.3007667143
2.7666968719
3.6638999876
4.0001007723
0.8784297434
3.8119317733
2.7666227957
3.3865256726
2.1466794158
0.3216657477
1.1041014516
1.4932750986
2.9410859882
4.2326645428
0.0068596925
1.4872776559
