0.525125477064
0.500774478813
0.796493718059
0.808407886922
0.549403335833
0.726291582949
0.525989378973
0.852413195179
0.869273490197
0.868538493768
0.635534636485
0.638672399907
0.475225719916
0.393940913234
0.792930513606
0.6684254989
0.629111670034
0.524927050959
0.451138655392
0.641034078495
0.631688917648
0.697779828407
1.0
0.926533292738
0.783681405546
0.839329244186
0.821009510206
0.630377071754
0.466632321181
0.86865797048
0.909383161772
0.376431075022
0.73473654109
0.427229694281
0.839462300539
1.0
0.717512357075
0.596479076835
0.783097614168
0.877856415376
0.646688851404
1.0
0.73967324959
0.53254449205
1.0
0.378380209478
0.415346459646
0.738321408391
0.523149854106
0.760356196049
0.643889414943
0.91161446021
0.927494049683
0.571009767867
0.786735948595
0.623644485398
0.616639213273
0.0
0.746709237314
0.466493472847
1.0
0.634178564973
0.435579945507
1.0
0.932240390789
0.677540544711
0.723104187154
0.600756644199
0.575242327274
0.512714557451
0.818396316241
0.60657754289
0.0
0.439186573431
0.646173949897
0.543199059834
0.436765781505
0.789523113
0.560510898807
0.856311838721
0.810001492291
0.82541092294
0.836547178492
0.504019111103
1.0
1.0
0.722896631462
0.787846387367
0.531219219
0.53881543208
0.598480724889
1.0
0.726119103378
0.683570311028
0.631417464061
0.884332900482
0.441650447899
0.831312037662
0.441650789902
0.582952842442
0.471198626978
0.717504241655
0.870482006735
0.598960775095
0.709630886776
0.773501903052
0.887027406796
0.496367459354
0.657171210287
0.719893012078
0.599208857267
0.600975252711
0.515020060281
0.763016086802
0.906204023372
0.0
0.686497097621
0.571839216729
0.554925694745
1.0
0.689993458619
0.534063115037
0.667512817598
0.673378545844
0.805554182596
0.696559417157
0.852447394017
0.876356606436
0.932547436317
0.695508323764
0.598214100479
0.729453280513
0.609921836479
0.551414758597
0.581950616425
0.651024268224
0.902321654595
0.857134824106
0.351727256803
0.778982645519
0.497804308248
0.595758852278
0.680137570275
0.562377495417
0.905006688601
0.68074904991
0.765851402117
0.876163186937
0.62616566933
0.724546555491
0.805665062254
0.839573487702
0.623203412596
0.0
0.513392158873
0.595152345923
0.816928790529
0.741977796101
1.0
0.680068677466
1.0
0.728058082049
0.754944763821
1.0
0.661706693344
0.733449281919
0.896267482401
0.52429510954
0.7815878224
0.591521100397
0.769519589702
0.875
0.954092699882
0.644395980189
0.505413845771
0.462320358868
0.522278056234
0.548995509086
0.720909988083
0.31787926699
0.889209553175
0.618120566149
0.566940141653
0.771393774119
0.601185421482
0.411656340405
0.842173526298
0.702988963444
0.791417959953
0.638998861339
0.833036461177
0.897563668145
0.581865682252
0.614989102496
0.543134645766
0.617414540057
0.731631091194
0.891960809873
0.448649764947
0.0
1.0
0.737139357945
0.651758425465
0.576670626397
1.0
0.8
0.887135788359
0.597557788889
0.708309258645
0.333710204582
0.801759246897
0.731763227466
0.483406642358
0.524560096891
0.639335188946
0.830320004805
0.547250510496
0.540352486347
0.679940808429
0.0
0.469578841102
0.803823151119
0.755183869485
0.561769077517
0.619842502964
0.316073234335
0.860666141761
0.718978373473
0.759182291818
0.751277000988
0.759431988169
0.725918366074
1.0
0.694782179287
0.0
0.757653274293
0.87052308001
0.557315208648
0.737609095796
0.642737408865
0.846067542593
0.445807094719
0.772689722927
0.602729573569
0.719093707492
0.555781063814
0.494207169414
0.73276453035
0.76911421312
0.681617826807
0.700637083183
0.610522175264
0.525395501762
0.856168493283
1.0
0.491959274017
0.701430973262
0.403494263197
0.483781699106
0.935991047968
0.480588734686
0.842584537337
0.655775009265
0.676243785813
0.912796963439
0.81790851008
0.871506494557
0.354125667776
0.581977493957
0.760794913184
0.421461723732
0.845039423648
1.0
0.928588644261
0.672286527141
0.847285180115
0.486902650365
0.881808195678
0.599963652953
0.699138680533
0.689777818791
0.0
0.57067426887
0.565233865301
0.78820562153
0.649660532666
0.929723578575
0.650687466714
0.855183032767
0.866694549675
0.419135988436
0.589142457286
0.731270793962
0.648314711229
0.913195689072
0.933430383119
0.765777437578
0.720881864254
0.865340111365
0.910650123986
0.720612601188
0.559171934912
0.836567523649
0.627151445868
0.479407355098
0.57018093641
0.606911243697
0.885787137591
1.0
0.743333545153
0.454590446704
1.0
0.816736606208
0.874069071306
0.516927780222
0.65324326458
0.622189743713
0.720025607608
0.66035346828
0.602141688309
0.716198738822
0.652947469398
0.900107070671
0.826484436971
0.62739655318
0.56230884424
0.89350832377
0.612259560072
0.879964067116
0.867417673833
0.744850703877
0.882725029502
0.866895659422
0.827087967816
0.67409892125
0.578873151936
0.703479235972
0.930743157429
0.794191881899
0.687512747038
0.808654202627
0.62466319821
0.737917683625
0.874446011445
0.900794590965
0.62836007092
0.927386022161
0.716353490089
0.621957758508
0.785101657942
0.655152523174
0.493926051081
0.745741133233
0.678167702327
0.789619492362
0.858664413025
0.568891165779
0.577507679285
0.585550508121
0.618104791906
0.669209016018
0.438671157821
0.433661638067
0.570285470712
0.851731984857
0.827426110782
0.921108281151
0.532296569163
0.462891814221
0.645760784851
0.647415363592
1.0
0.694384291866
0.57997877594
0.650698074153
0.467810716959
0.850142954093
0.659323297872
0.884117468822
0.809102388307
0.46712973383
0.68526206871
0.722794905142
0.719598559886
0.625549192624
0.572209300285
0.711086573658
0.759144404078
0.444138405285
0.890373368986
0.893939542875
0.529443065832
0.672231465741
0.455409194983
0.503062102349
0.85015085763
0.672875056712
0.491419076054
0.429190653679
0.678021307718
0.0
0.571613573343
0.646036513522
0.56239088749
0.59397611158
0.920280915377
0.84062058774
0.707570629252
0.353945495126
0.902810291569
0.427262185115
0.698301544695
0.582246353451
0.487461124969
0.670353490689
0.662926438682
0.78605225103
0.526267243148
0.789262056508
0.809817580624
0.449441165688
0.365923962428
0.706477668129
0.609295672687
0.751195402544
0.0
0.820693287976
0.796765439205
0.901838198848
0.564514593711
0.659212040901
0.405704670017
0.399184147324
0.681038410493
0.830855409665
0.632206897833
0.760590297152
0.880297063049
0.693915873177
0.37590651671
0.639109486041
0.683594730397
0.51491201184
0.66600684463
0.606027860388
0.472369061954
0.636770244416
0.924991374118
0.664412176821
0.643562553802
0.815788640198
0.841341518632
0.552176673956
0.729755464676
0.82872983378
0.578804188319
0.367712566012
0.647017382853
0.458998603037
0.794666830715
0.932415555218
0.849117721461
0.490154226499
0.509022922286
0.673936287232
0.707076653961
0.687281786018
0.543822476218
0.598693613219
0.603259519163
0.703666124439
0.64712035403
0.685713822903
0.883452134758
0.881508067172
1.0
0.785984496205
0.346749820295
1.0
0.374796838713
0.614679306215
0.868594449206
0.783865282528
0.675895660554
0.776640526643
0.779884333232
0.61818078308
0.922523361179
0.838129470692
0.825228322989
0.635669684256
0.540428606666
0.467549242134
0.931004650683
0.540911899478
0.742432705103
0.504889579808
0.0
0.601616605924
0.650409577672
0.461059899898
0.827547197689
0.638015374451
0.5896006523
0.759440482783
1.0
0.875
0.800262453875
0.598539053388
0.688929067068
0.491515291508
0.505269626283
0.695387076153
0.888873567246
0.40302904887
0.787719913024
0.888888888889
0.738424768388
0.492516954265
0.694915492791
0.678999639782
0.938165491646
1.0
0.743214583584
0.651121290329
0.409155165671
0.689796835825
0.626587117163
0.736151724588
0.785237201455
0.442908230788
0.590209924548
0.783131119708
0.65971801466
0.601143068357
0.431401780191
0.914177244652
0.919541531594
0.0
0.664243263332
0.857524686303
0.46324075565
1.0
0.678380176897
0.79070934746
0.702870574028
0.634110659007
0.593394608045
0.582198630503
0.711210903282
0.440180405117
0.685502856978
0.907413455713
0.56414875665
0.816534571091
0.64328636477
0.0
0.47018760912
0.79035139465
0.771579423696
0.617455582385
0.773700760493
0.932400474521
0.571005013481
0.6224424505
0.766119471901
0.593630343111
0.86432804944
0.782570330329
0.66526400082
0.7070027699
0.722917174883
0.624556125679
0.638920618555
0.822066682896
0.60565534466
0.709205195916
0.924760440037
0.422697843093
0.646432073257
0.660286478428
0.809926719803
0.551526231739
0.90470647647
0.865154055057
0.609310972144
0.680572843487
0.526568896079
0.684076107955
0.679553121533
0.387674501678
0.521209871483
0.722530082409
0.861624948382
0.628135174472
0.644631224775
0.492078883466
0.778753280675
0.805652977233
0.590427898173
0.667545946975
0.589203988584
0.909941638843
0.787684499645
0.640429768125
0.534411257333
0.735213353251
0.847249001248
0.784655595433
0.526482657705
0.697444210176
0.824161794199
0.569652613964
0.863405071559
0.824291553609
0.755734362454
0.637864867053
0.46581601363
0.527178366166
0.783456066521
0.572547575578
0.810916656685
1.0
0.522520452349
0.523539195875
0.603483832172
0.70498922631
0.738958095166
0.769356227693
0.764842449321
0.640617202597
0.534296003889
0.662559484895
0.691848046801
0.633432624016
0.58934365992
0.511149593643
0.680233816223
0.676579707801
0.672052404217
0.627044707688
0.631185517933
0.90619627776
0.852627018231
0.842016147138
0.589999876188
0.515080627208
0.845370139508
0.542017789681
0.803811286189
0.386085032581
0.588707780398
0.531512688233
0.781007813794
0.861123953037
0.549233885831
0.658760713099
0.221473017183
0.447312649759
0.561117104986
0.671342682489
0.40428130676
0.765533244777
0.440648067921
0.451399509462
0.882226430732
0.837470078608
0.492141889133
1.0
0.529846403013
0.757188249932
1.0
0.529211912265
0.649836943668
0.620503290211
0.595290271722
0.528582406446
0.344749480513
0.629585169941
1.0
0.841873632971
0.504548861053
0.511439748493
0.525552693186
1.0
0.734135588232
0.622345046735
0.609580755034
0.780271913457
0.926684032235
0.489533472665
0.765669548281
0.737751050491
0.715504785872
0.902426049153
0.728849347501
0.526325918643
0.68343749936
0.745459915359
0.838323326603
0.444178139597
0.523085176338
0.360119658788
0.488282460894
0.80677077529
0.667772245919
0.542181059685
0.514803682045
0.593589477296
0.550415399152
0.656459056816
0.793647425091
0.605942195643
0.754295975984
0.0
0.816664350866
0.76748491053
0.762305626413
1.0
0.614668066225
0.920449164704
0.751642122521
0.81140310988
0.637682886016
0.693486915696
0.591745030119
0.925894286948
0.865780342409
0.583359816053
0.522418268487
0.407208712389
0.763523206918
0.530674511922
0.567589677353
0.370913329473
0.564327709407
0.650229682406
0.592473264667
0.685381348582
0.540604791312
0.363623178331
0.860580031026
0.853414170796
0.594088847967
1.0
0.846596969697
0.638478958265
0.294324959856
0.445333751649
0.493991693121
