0.464933983289
1.0
0.63359485813
0.775288531193
1.0
0.432151959337
0.32927350706
0.772735096505
0.739129224673
0.75
0.511923277108
0.684131939968
1.0
0.466644941531
0.245086349926
0.0
0.630427230097
0.651573299621
0.892212562233
0.843440226784
0.546544339212
1.0
0.622871050558
1.0
1.0
0.622019124813
0.631962301781
0.503224343246
0.744089661777
0.607523494351
0.445654171151
0.00444781585264
0.514861468191
0.546544339212
0.607523494351
1.0
0.0827216133618
0.255398244379
1.0
0.333333333333
0.546942622222
1.0
0.85202274144
0.521641480066
0.312429480812
0.75
0.742332636477
0.465989094368
1.0
1.0
0.0
0.897978037129
0.445979837784
0.25550933189
0.641042054437
0.77340628246
0.508931450501
0.496622501281
0.867509908919
1.0
0.520111763294
0.729610522747
0.250414688747
0.333333333333
0.732875784926
0.480614622396
0.742332636477
0.742332636477
0.508931450501
0.602235688652
0.508931450501
0.590232565153
0.85202274144
0.0
0.732438409491
1.0
0.458244722674
0.0
0.544797380774
0.689688953771
0.250414688747
0.623249948548
0.646224027399
1.0
0.641478131598
0.0
0.333333333333
0.62413583662
0.835555481002
1.0
0.75
0.708991111267
0.439233441124
0.892212562233
0.374694501293
0.623249948548
0.62413583662
0.312429480812
0.867509908919
0.661629503267
0.646328638467
0.309038432131
1.0
1.0
0.706089573276
0.846341096144
0.677196837298
0.0
1.0
0.740640863208
0.552880067231
1.0
0.0
0.651437906936
0.764834047542
1.0
0.685506437022
1.0
0.349382112963
0.730408870983
0.710346087137
0.732438409491
0.333333333333
1.0
0.508931450501
0.892212562233
0.441691969539
0.792096812996
0.646224027399
0.62413583662
0.867509908919
0.640897636515
0.85202274144
0.458244722674
0.62948848355
1.0
0.646224027399
0.771738071589
0.892212562233
0.825857585339
0.0
0.79455164626
0.340996704663
1.0
0.542970025805
1.0
0.0
0.0749388339212
0.744089661777
0.20459976579
0.458244722674
0.508931450501
0.755861014323
0.508931450501
0.88106056486
0.0220782827172
0.0
0.5
0.445347767785
0.0
0.565370006113
0.0
0.346172067742
0.706089573276
0.347589339704
0.779180651909
0.546942622222
0.364271298778
1.0
0.5
0.820549029066
1.0
0.0220782827172
0.527743518014
0.431230668667
0.176377277399
0.61029800436
0.615689537034
0.534717899274
0.458244722674
1.0
1.0
0.744089661777
0.384235358271
0.729327386529
0.732875784926
1.0
0.81272044183
0.701437938739
1.0
0.685058024353
0.0
0.0
0.333333333333
0.692529683389
0.80792637018
0.760577443436
1.0
0.848667277443
0.0
0.867509908919
1.0
0.732875784926
1.0
0.333333333333
0.347589339704
0.540857616254
0.530065785657
0.487355656198
0.588188638699
0.508931450501
0.651437906936
0.0576370001856
0.688156595866
0.543007697768
0.530065785657
1.0
0.599241589299
0.519335853616
0.512740373927
0.306134888127
0.279688271172
0.530570347056
0.578437453167
0.0
0.62413583662
0.353139409648
0.333333333333
0.892212562233
0.546544339212
0.333333333333
0.428772308546
0.672298206366
0.633080322106
0.333333333333
0.863094337113
0.249565021997
0.543580004075
0.880512512842
0.789881199929
0.597506556264
0.632100071377
0.606543453322
0.867509908919
0.764493954958
1.0
0.683461901205
0.263876240799
0.75
0.545618254827
0.346172067742
0.0220782827172
0.855985937752
1.0
0.847957299855
0.501243487359
0.635915987148
0.685058024353
0.478025627144
0.627556262002
0.75
0.530065785657
0.646224027399
0.478025627144
0.892212562233
0.600268493896
0.412602410889
0.393981559083
0.379522100817
0.732875784926
0.744089661777
0.880207544974
0.458244722674
0.672298206366
0.257297519225
0.35797179658
1.0
0.546942622222
1.0
0.641478131598
0.607523494351
0.503224343246
1.0
0.771579881904
0.62413583662
0.857895459125
0.706089573276
0.176377277399
0.374694501293
0.646224027399
0.664320344717
0.774613941142
0.689688953771
0.80792637018
0.0
0.0400518767506
0.761839847691
1.0
0.732875784926
0.769518525299
0.867509908919
0.809894603376
0.607523494351
0.530065785657
0.88106056486
0.656935880274
0.641478131598
0.0
1.0
0.657982770731
1.0
0.680810265697
1.0
0.640897636515
0.254693483377
0.60158275721
0.689908606301
1.0
0.67726560539
0.613150882339
0.346172067742
0.771579881904
0.438317521664
0.466433419729
0.759113419893
0.52653786035
1.0
0.867509908919
0.685058024353
1.0
1.0
0.480614622396
0.545170106168
1.0
0.0504619451531
0.0
0.503224343246
1.0
0.76550361817
0.76729178654
0.543580004075
1.0
0.333333333333
0.606845934361
0.867509908919
0.441493319367
0.62413583662
0.701437938739
0.605467118789
0.75
1.0
0.0
0.641478131598
0.80792637018
0.485930331843
0.442346102934
0.672198681483
0.426376006064
1.0
0.656935880274
1.0
0.508931450501
0.0
0.81851242706
1.0
0.607523494351
0.530065785657
0.407944101773
0.62413583662
1.0
0.646224027399
0.403359356956
0.203051325521
0.508931450501
0.368943045655
0.652296004891
0.761039582908
1.0
1.0
0.0
0.474834634046
0.622481142484
0.458244722674
0.333333333333
0.892212562233
0.458244722674
0.346172067742
0.744089661777
0.563165274977
0.378768663419
0.546544339212
0.732438409491
0.581293153162
0.508931450501
0.835555481002
0.0
0.760577443436
0.564440200479
0.417691949157
0.596540227125
1.0
0.0
0.646224027399
0.75
0.264881490534
0.346172067742
0.639731477261
1.0
1.0
1.0
0.700618126645
0.552246837346
0.563165274977
0.769518525299
0.0
0.377132999327
0.389097436953
0.88106056486
0.389097436953
0.706089573276
0.5
0.706089573276
0.38227742073
1.0
0.347589339704
0.0
1.0
1.0
0.706089573276
0.0
0.744089661777
1.0
0.0
1.0
0.771738071589
0.534515064235
0.698302035988
0.75
0.804656755304
0.67726560539
1.0
1.0
1.0
0.846341096144
1.0
0.534770519894
0.641478131598
1.0
0.884948322021
0.88106056486
0.597506556264
0.672298206366
0.379030429058
0.63359485813
0.599627747883
0.751165133976
0.62413583662
0.471207433413
0.685058024353
