3.651
3.793
3.296
2.907
2.844
3.894
3.676
3.481
3.918
1.49
3.767
2.876
2.241
2.528
4.459
4.352
3.847
3.838
0.03
4.92
3.566
2.182
4.352
5
4.418
4.136
4.863
3.066
4.553
4.966
3.107
3.907
4.219
3.034
2.996
3.461
3.922
3.573
1.049
3.947
4.375
2.598
3.493
3.692
4.584
3.574
1.309
2.241
5
3.767
3.092
4.688
3.69
3.388
3.712
4.055
3.27
3.772
3.662
3.448
3.367
2.397
0.889
3.255
3.098
2.552
2.782
5
4.337
4.645
0.987
4.69
2.785
3.637
4.219
3.556
4.1
4.797
2.955
3.283
3.461
4.399
5
4.47
4.504
2.306
4.272
4.542
4.554
2.955
4.488
3.009
1.648
4.826
4.363
3.361
3.328
3.108
3.759
2.529
3.446
4.083
2.278
1.049
3.278
3.133
4.031
4.58
3.493
3.16
4.543
3.835
4.776
0.373
2.278
4.307
3.009
2.693
2.939
3.589
3.387
3.458
0.827
3.029
2.601
3.634
2.656
3.501
1.117
4.3
3.844
3.312
2.886
3.375
3.84
2.892
2.189
3.832
3.208
2.6
4.257
3.079
3.364
2.126
2.346
1.49
2.512
4.193
4.782
3.504
4.006
4.972
3.066
3.31
2.716
3.564
5
3.683
3.081
1.484
2.61
3.178
4.2
3.837
5
4.362
3.508
3.585
1.795
2.104
3.262
3.457
3.314
3.972
2.97
3.914
3.956
3.505
3.841
3.573
3.956
4.087
4.044
4.267
5
4.884
3.912
3.466
4.446
3.924
4.192
4.019
3.844
2.97
3.75
3.468
3.919
1.484
3.858
3.403
4.33
1.049
4.746
4.205
4.475
3.606
2.682
4.857
4.363
3.422
3.816
2.864
4.863
3.964
3.092
2.504
2.97
3.646
5
2.438
4.912
3.574
2.721
4.562
3.496
3.479
3.933
4.857
1.648
3.483
4.542
3.044
3.455
2.798
4.683
4.205
4.028
3.827
3.818
3.003
4.365
3.822
4.845
1.648
2.304
4.076
4.532
3.401
3.157
3.203
3.864
4.33
3.726
2.57
4.868
3.555
3.367
4.658
2.603
2.954
3.598
2.211
4.035
2.798
2.728
4.333
4.603
4.513
1.648
2.455
2.741
1.484
2.887
4.743
2.18
3.797
3.945
4.829
2.021
3.801
3.485
2.656
3.411
3.947
2.701
4.322
4.863
2.87
0.373
4.009
3.899
2.693
3.806
4.519
1.484
3.841
1.484
3.933
3.0
3.94
3.694
4.109
3.031
4.284
2.956
0.921
3.511
2.278
3.935
2.656
2.823
4.456
4.051
3.195
4.868
4.616
2.529
4.271
3.732
3.993
3.009
2.278
4.733
3.011
3.202
5
4.33
1.648
0
4.595
3.448
2.967
4.125
2.999
3.948
2.745
3.128
4.41
4.369
3.338
4.192
3.574
3.574
2.755
3.433
3.695
4.868
2.263
2.611
4.33
3.535
3.637
3.561
4.692
4.282
3.381
3.25
4.528
4.189
3.429
4.018
3.55
3.676
4.863
4.709
4.807
1.484
3.343
4.857
4.595
4.776
4.221
3.529
3.68
4.46
3.549
1.204
3.409
0.373
3.523
4.105
3.355
0.921
4.08
3.524
0.85
3.493
2.782
4.479
1.238
3.68
4.33
3.115
3.227
3.143
2.535
0.826
3.242
3.761
