2.8794057170
3.1059551313
2.2163685297
0.3311072842
1.3011621434
1.6165982873
1.4453978890
2.8163265369
2.0548114355
3.0594270086
1.9171113720
2.0985530747
3.5068649800
0.9244627288
2.6334621447
1.6790162881
4.7336270670
4.2874010740
3.4712238450
1.1071079868
3.7024661681
4.0405298865
1.8539316256
2.0312150113
4.3130535803
2.0628107715
1.0806032159
0.0890851284
2.3511037785
4.4649133187
2.8152609334
2.0158268452
1.0703931563
4.0473906028
3.7821119070
3.7421635805
3.4476645580
3.5054673065
3.0451098954
3.6840790202
2.9082331626
2.9100856718
3.5503695509
0.2283237692
3.1471089443
0.8780522676
0.5640093559
1.1403488960
0.3612811674
3.2286080867
0.7005643083
2.2591599812
2.9441352308
3.0018885556
4.8778603193
1.0975411174
1.2940807284
2.5070564807
0.4885307661
2.4894022980
3.5682758988
2.6730125636
4.5971582899
1.0751010690
0.8213767561
4.8192727227
3.0719432896
1.5000505384
1.2516831961
0.0537318569
3.2730612165
4.7344461229
4.1166883129
0.6706177028
0.5443252712
2.8683431078
3.0512751059
0.0771088794
0.1038960131
3.2655414869
3.9396857714
3.1601058902
4.5826762749
3.6938539676
2.4625769101
0.4328855848
3.0104251881
1.3135427712
0.9092583186
3.4203461736
1.3598706431
0.4783312516
0.6495076151
2.2748941595
3.2041716784
0.6658727060
2.7766968547
2.6144943052
1.7645826917
4.4414613647
2.2325245703
2.6698818157
2.7803265470
4.8077947542
4.2122063978
3.4774300839
4.6443451826
2.1955627166
2.7269536713
3.5938104457
0.0552407625
2.4984916749
0.9080011682
1.5026302257
3.7414493269
2.1992835523
2.4039966032
1.9740747409
1.3382288471
3.7198524085
1.1225245889
4.3967156788
0.2267461313
4.5636986549
3.5588206417
3.8747151910
2.5783887363
1.7066159630
4.1428755014
3.3504099581
2.2530104671
1.5937700085
4.9133005920
3.4265851934
4.8593687590
0.2792162973
3.5263109568
1.0076528830
0.7473807985
3.9139568222
3.1553965080
3.5155643115
4.0284892094
1.3696175078
3.3967350076
3.7538719141
1.7414890747
2.1488306273
2.4228148966
0.5592925380
1.8413525436
3.4556239366
3.5183719864
0.0899211023
4.8982468485
1.9078714734
2.8755151756
4.9265332268
3.8790527957
2.6005951333
3.3463618182
2.4099554682
0.5358552489
0.2581915615
4.3697872143
1.6831551743
3.1523213735
3.9331909161
1.7628039812
1.4595164503
3.3724579979
4.9597529643
0.6460398496
3.3848571388
2.7454229525
2.6957170859
2.7468157866
1.1143618664
0.4189582216
3.4847163966
3.3731043330
2.5791409035
1.0723417523
0.4398376650
2.7984597153
0.8910816506
2.9328713728
2.2458783113
3.8537707261
1.5276717982
4.3187750420
3.5548648414
3.5389336108
4.7772984355
3.1126881390
2.5187239084
3.1894393243
0.4150484080
2.4256772808
3.0765331116
2.5432065884
2.5522598661
0.2600727772
3.2574439581
4.2261832511
2.9711360102
2.5335748660
1.6431094310
2.1263225851
3.7578873430
3.4663238777
2.3773336509
0.6601824294
0.0015010942
2.1515980215
0.5408864880
4.5008825365
4.8758537024
3.4898761198
2.1043119988
0.2674031951
1.7941171276
3.4411529220
2.0125515366
2.4507552301
2.0680201581
0.3832231470
0.6768706274
0.3405618857
4.7503945498
4.9113837109
4.3896185289
2.4248559450
0.0455706381
0.6004932526
2.0265811082
4.0658247941
0.8747207826
2.5120506336
0.1540566059
1.7448710527
2.2464394635
2.7710111249
2.0603602934
1.7523609446
0.9490788621
3.5791770685
4.7344433154
3.4420958162
3.5211361307
0.0595304690
4.8210134300
0.5397782073
3.3179461070
4.3397948020
1.6984162374
1.0910916837
3.9538287674
4.0504238805
4.1121451407
0.4516373315
0.2135570523
4.7143434547
3.0158920132
1.8916584411
1.2785556481
0.3909679116
1.1393486707
3.4376525412
2.4627476903
2.9687565314
1.2364670836
4.1656556452
4.5896919669
0.0079628309
1.3416541150
0.3528513966
1.2339808706
2.3629931254
3.7496097549
0.3814968245
3.6913068758
1.5722781413
3.8655366512
3.6588806900
2.2067855265
2.3187508761
2.7776985256
3.7966789967
1.4818036122
1.0275164837
0.0683561144
1.0008092068
3.1757252063
2.7863223346
3.3896569173
0.8174991142
1.2282433500
2.4218401152
3.0289195661
1.7121922420
0.6371441989
2.4290334610
0.6168803658
2.2151481102
1.4490112210
0.9861057141
3.2899288200
4.7318268302
4.3493223603
3.9634295348
0.7033460432
4.4086622844
3.3939907668
4.3868048259
1.9603951984
2.3775407034
1.2053025531
3.4943503243
0.6282417906
2.1277508237
4.7881708940
1.3489088276
0.8656741093
4.9155220606
1.0125374314
4.9662629248
4.3021456575
0.9023073226
3.5876172164
3.3915688498
0.6485923428
0.8881112875
1.9346351087
0.9156972330
3.2567328528
1.9904522243
1.9859974819
0.2487226577
1.5972113009
2.7186398347
2.4178660653
1.5543555953
4.2231822280
3.5532421707
3.8053585942
2.6570120568
3.5030896852
1.1988155207
4.3987264588
0.8384447210
0.7258997232
0.1117213096
2.7066105515
2.5850159489
0.0384794814
1.0823175894
4.4687358176
0.5870045224
0.7058715207
2.5807786698
4.3631804364
0.6506557290
4.9817093895
3.1576789153
0.4587799081
1.9004851000
2.2319049622
3.4643147787
2.8555574045
3.4277312744
2.1170801644
0.8541968116
0.5976923791
2.1005496578
4.5582105996
1.1175097588
0.0649574323
4.5778973403
2.7889166411
1.6465279579
0.9984015992
0.1630576928
2.1432240601
3.3345242012
1.7710943954
3.2609917397
4.8989915318
0.2667870289
4.7298519158
4.1484093681
4.7572617208
3.9037531777
0.4920518623
1.0744782458
4.6023563980
2.0073826650
2.1440413772
0.4469085397
2.4755494981
1.1877928160
2.8435078016
4.8518687206
2.0786855065
0.2034884917
2.4449007706
1.7515284704
0.1783593721
0.2315679234
3.3400722112
2.0103405316
0.5345585986
2.3209609542
0.7093716424
3.5464408269
2.1614335777
4.3796082083
2.1132554932
2.7793668869
3.0266789076
3.9436797971
2.7009237793
2.5568951167
3.5975717055
3.8922497109
0.9785932076
4.5650292745
4.7868430765
4.3537010828
1.8518854414
0.0445122883
1.8842012704
2.5905771162
0.6487106541
2.9087827610
4.4765499378
1.3282767033
3.7333424499
3.0517827748
2.3619476158
4.1312116873
1.6596185392
0.9847964620
1.2024554322
1.2397084019
3.1799950468
2.7005358293
4.4956643365
2.1145886155
2.7542888039
0.3465930617
0.1834512520
3.5371683867
2.9922442544
0.4313735580
1.3720807127
2.8641566504
3.0505674936
4.6815628224
3.6759651122
1.2140326771
0.7989122747
0.6345396237
2.2871679637
1.3789719335
3.3097393704
0.6610290832
0.1361508591
0.9199373892
2.2313842847
1.4674191515
0.2715214382
4.6584470206
2.0175667751
0.5838938154
3.6259569451
2.9636822264
4.0335917906
4.7798429330
3.6335011751
2.3255551428
3.7913830630
0.4034933592
2.1546321047
2.5712695077
0.1121405215
0.9755955872
2.9875685775
2.2335788174
0.8348287470
3.9001460322
2.9880473843
4.4127811231
1.8170186536
0.3270038986
2.7792022567
3.5315309821
2.7760762966
4.2159748619
4.9552839868
2.5924598746
0.9357039662
3.7292081157
4.0179714158
1.4846658891
1.2458973503
2.7039402560
2.4352567081
3.0082757166
4.9821213492
3.1316955562
2.7867904545
2.1990360576
2.9786839168
2.0596189872
3.0157130525
4.2304214799
4.3667848865
4.9169024260
2.1080737885
1.2828406470
4.0525429471
1.0021174334
0.7827684268
1.8225967182
4.9455915600
3.3091663237
2.9164551912
3.3923496726
3.1238414757
1.3496085734
4.8212081279
4.3356023847
2.2621164250
0.4920384632
3.2129312761
4.5564775532
3.1570873412
0.1953338045
2.7841071468
2.0396831047
0.5218919247
0.4879412106
2.9567340521
1.1516185358
4.2027883078
0.0315122066
2.3248891293
1.8302178758
4.9670368212
0.0113830932
0.8889327946
3.4071456123
4.2339402230
3.0914514448
3.7757661416
3.6407740869
0.8557330354
1.4454200011
3.2757107911
2.3620135989
0.9160526579
2.8842560602
0.7035712061
0.1282038122
0.6934314970
0.8107778658
3.5094578287
2.2641961170
4.4561282915
0.8818804656
0.8773158799
2.3563753962
3.7113009237
2.0980286593
0.6122646057
0.5072252729
0.3527701089
4.5848755202
3.7413754669
4.6982974126
2.8423162549
3.6154381250
3.9491005616
4.3318918980
0.9525983009
4.7410291261
1.7040247611
2.2008061360
4.6065162840
2.0685802073
0.8769019319
2.6862032736
1.2074165602
4.3202028453
1.4231175364
3.2116517347
1.3843428399
0.9325397170
3.6309921473
2.8329843269
1.9220752843
4.9590181045
2.7990233069
4.1557324505
3.5306066862
1.3035013254
1.4817020082
4.5220473456
3.0847370083
2.9806471123
2.5695051952
1.9653900954
0.6615081148
0.8237495462
4.0817523790
4.8026443243
0.5792572016
1.7678151800
1.2420430612
2.8190942595
2.2332730261
4.4625809262
1.9689074595
3.8419551153
1.6936513760
0.2212226967
1.5961763511
3.5235066828
2.2233480986
4.9053562281
0.3886020012
1.4366536205
3.3591272647
3.2709465743
4.1417614458
4.0858313101
1.3237314641
0.0538969499
2.9576911509
0.2571333231
1.9809186446
4.9249825382
4.7286085927
1.7665196094
2.5608981178
0.6736570908
2.2031669164
0.2477625210
0.0551651873
2.1369412041
1.9687838243
3.1768147940
2.6679121023
2.5365776330
4.6786305596
4.0215786842
2.5053405350
3.8540124419
2.2549315750
1.7912826569
1.8517003217
4.5032577734
4.1865055369
0.5341204253
4.8172386115
3.9666640927
2.9362940217
3.5823907817
3.8220956496
1.8640535000
2.6154209184
3.7986346284
0.6032859911
4.5231426638
4.6486734867
3.3523619624
1.0791398106
2.9159406725
4.0398905302
4.9136853506
3.1849559592
1.4946951928
1.8854045522
3.7369417233
2.4912693260
1.1904563267
4.0233583766
4.2142301687
4.1463177129
4.5815330323
1.6434728504
2.7863838955
1.1393906273
0.9677584861
2.5158762099
0.9285187078
1.5822619601
0.0349098688
3.3822378037
4.4908722654
0.2504832537
4.7128213273
0.3441244323
0.3257071494
1.9417019909
1.2372878545
4.5917869037
4.6107603777
3.7992528616
2.8520091055
1.0541828204
2.9728715830
1.9490571048
0.8304172895
4.9837694288
1.6964256341
1.0174885878
3.8717488134
1.7864028828
2.3851421219
1.0765830913
0.5102568577
3.6896278132
0.2381978924
0.6181621190
1.0657481043
3.9369289664
1.0489687719
0.4356222743
0.2180129806
2.8794651936
4.4737368353
1.0149386347
1.3831815761
1.5918605456
0.5260691006
0.7566034416
2.3481784155
2.8993579701
2.4983964367
2.1976526014
1.7374950754
3.1077434371
4.1043968187
0.3356297948
3.7673017881
3.3657425331
0.9735289204
3.2104342087
