3.75814
3.77284
3.7617
3.75804
3.75829
3.80414
3.7766
3.87466
3.76015
3.75812
3.75801
3.67722
3.75634
3.75834
3.84431
3.82653
3.72011
3.80864
3.75755
3.76037
3.71247
3.741
3.86132
3.7731
3.8262
3.90197
3.75804
3.50025
3.82812
3.79778
3.77454
3.78558
3.84799
3.81969
3.74961
3.8335
3.77568
3.76965
3.75736
3.74082
3.82665
3.56005
3.79152
3.89717
3.76451
3.75868
3.75804
3.75634
3.7871
3.78422
3.85552
3.9576
3.79274
3.74859
3.78378
3.76002
3.75965
3.76272
3.67435
3.78627
3.75752
3.74181
3.75736
3.7584
3.77524
3.7665
3.76489
3.7581
3.8599
3.75994
3.75803
3.80096
3.75803
3.81741
3.77683
3.76232
3.83794
3.77614
3.75804
3.76357
3.8335
3.90936
3.87859
3.77475
3.84024
3.76267
3.8366
3.92093
3.85667
3.75804
3.8283
3.76763
3.83425
3.91244
3.83716
3.78099
3.82817
3.31236
3.77967
3.7579
3.75015
3.77896
3.75804
3.75736
3.793
3.75798
3.79448
3.77639
3.79152
3.80858
3.77651
3.79055
3.8738
3.75804
3.75804
3.76506
3.75842
3.75901
3.75829
3.75679
3.83691
3.82669
3.75772
3.75429
3.72467
3.77641
3.75838
3.74097
3.75391
3.80414
3.90575
3.78258
3.7058
3.76963
3.80808
3.75164
3.75804
3.80382
3.8265
3.72517
3.78582
3.83788
3.74913
3.61901
3.7562
3.75809
3.75826
3.81542
3.84165
3.75818
3.78349
3.8253
3.82426
3.78258
3.76117
3.78522
3.83798
3.77358
3.82955
3.75816
3.57346
3.75755
3.81954
3.79649
3.75807
3.8106
3.59977
3.78924
3.75761
3.78961
3.79475
3.85312
3.7498
3.89355
3.7949
3.70001
3.68154
3.75818
3.84606
3.75804
3.7366
3.76307
3.73601
3.83313
3.78755
3.91637
3.79469
3.75807
3.95044
3.75804
3.80218
3.85018
3.83265
3.7949
3.66377
3.77133
3.83881
3.75816
3.76079
3.74451
3.99982
3.75736
3.79775
3.80692
3.79133
3.78478
3.87097
3.99982
3.77904
3.54303
3.76119
3.72439
3.75804
3.85786
3.84144
3.75804
3.83084
3.75576
3.76108
3.75791
3.94751
3.75804
3.74953
3.81026
3.92554
3.7615
3.92508
3.99982
3.83425
3.58809
3.92093
3.76573
3.81461
3.75804
3.75842
3.77271
3.76451
3.75968
3.902
3.82487
3.7885
3.96777
3.77192
3.83425
3.75778
3.8362
3.75805
3.80941
3.78095
3.78016
3.75892
3.99982
3.72539
3.6596
3.75597
3.76851
3.75563
3.7667
3.75827
3.81633
3.88065
3.73581
3.79653
3.75804
3.74556
3.81431
3.76481
3.84634
3.83425
3.73844
3.5473
3.75816
3.72157
3.9324
3.76132
3.86323
3.72679
3.80343
3.61901
3.75912
3.83385
3.75838
3.76605
3.91035
3.85265
3.75978
3.75804
3.74809
3.75804
3.84469
3.87249
3.75862
3.85237
3.8444
3.75816
3.76624
3.75806
3.92508
3.75777
3.92508
3.80475
3.76962
3.84196
3.75592
3.7565
3.59953
3.76933
3.75804
3.78914
3.75838
3.84494
3.80083
3.71303
3.78637
3.77566
3.76621
3.7579
3.77818
3.81649
3.79919
3.81367
3.75804
3.84792
3.77933
3.75842
3.76066
3.99982
3.83425
3.75828
3.8691
3.7567
3.76415
3.76962
3.79523
3.86383
3.80681
3.8818
3.69442
3.75814
3.78382
3.82426
3.75804
3.75804
3.73678
3.75906
3.74888
3.77566
3.75804
3.55816
3.99982
3.92544
3.82106
3.71942
3.98007
3.85627
3.79936
3.77878
3.79616
3.79669
3.82266
3.77085
3.76685
3.75844
3.75804
3.76343
3.81259
3.75816
3.76504
3.99982
3.8691
3.80417
3.0984
3.76463
3.79872
3.85497
3.75852
3.75804
3.68052
3.75804
3.80711
3.76443
3.761
3.59953
3.7629
3.65014
3.75634
3.79152
3.77923
3.79383
3.76482
3.58566
3.99982
3.75937
3.86338
3.86485
3.77148
3.75804
3.72966
3.8838
