3.62359
1.91891
3.54478
3.52271
2.17133
3.38763
3.29727
3.29941
3.25747
3.65645
3.65854
3.69861
3.51941
3.25136
3.2095
3.30704
3.39453
2.77756
3.48758
3.16576
3.48242
3.20211
3.58266
3.68372
3.37978
3.07765
3.85245
3.34335
4.65967
3.73277
3.71242
2.47327
2.73629
2.93731
3.74302
3.53135
2.99096
2.93292
3.67762
3.52836
3.86815
3.81678
3.29718
2.92294
3.33064
1.40136
3.75802
3.27682
2.03156
3.21844
3.71218
3.47682
3.89575
3.40546
3.40632
2.48241
3.47721
3.35989
2.89829
3.05087
3.41967
3.8489
3.29425
3.53967
3.53957
3.05353
3.33337
2.95359
2.6234
4.54946
3.79601
3.46444
2.15873
3.29361
2.85607
1.8758
3.64821
3.46975
3.34347
3.88065
3.32452
3.50911
4.07683
2.61879
3.38082
3.4312
3.28867
4.12295
3.50531
3.10253
2.90813
3.07574
2.91075
3.34383
3.05741
4.22681
3.0778
3.51936
3.37699
3.18977
2.13543
3.71664
3.19496
3.5115
3.59248
3.79182
3.2046
1.75082
2.69241
3.24241
3.32441
3.53951
2.80926
3.6897
3.62779
2.15053
3.26149
2.82996
3.33373
3.5198
3.76485
3.3225
4.25873
4.17645
3.39686
3.17004
3.59718
3.89214
3.39287
3.90763
3.27942
2.44078
2.10246
2.77063
3.07332
2.02009
3.73421
3.7981
3.53672
1.96051
3.26181
3.56181
3.30564
3.66567
3.27274
5.09846
3.6809
3.9573
2.51439
3.32491
2.27983
4.1065
3.4478
3.87652
2.35289
3.2019
3.60925
3.6396
3.79787
2.58436
3.66352
3.37741
3.95319
3.35121
2.19025
3.55136
3.43302
3.13019
3.33233
2.86959
3.73415
3.61632
4.39011
3.23449
2.81299
2.41992
2.95126
3.40984
3.40127
2.34085
3.35696
3.65399
3.22649
3.71352
3.23593
3.13244
3.68145
2.07989
3.79431
3.89387
3.65565
3.38619
4.03333
3.25522
3.04055
3.25899
3.54881
3.48242
3.07702
3.21187
3.63174
3.18171
2.64594
2.96556
3.73445
3.57605
3.39257
3.21757
3.63255
3.60744
3.38584
3.07372
3.63288
3.68691
2.64919
4.27946
3.14028
3.53956
3.06062
2.11796
3.27267
3.44406
3.21531
3.15844
3.19684
2.09873
3.30292
3.49661
4.02382
3.65581
4.04333
2.64188
3.52483
3.34171
1.99859
3.29393
3.39165
3.48546
3.17048
3.06875
3.26608
3.73036
3.65396
3.13162
3.6005
3.25508
2.50117
3.13689
3.62448
4.24321
3.14935
4.45097
1.60086
3.26218
3.61505
2.55424
3.05325
1.76769
2.77253
3.7074
3.05288
3.50036
2.16182
3.37141
3.177
4.59377
4.35737
3.68156
2.9519
3.23519
3.25802
3.6941
3.39317
3.54607
3.40839
2.90218
3.41368
3.97813
4.17297
2.76507
2.9129
2.74936
3.71208
3.58479
3.75954
3.14801
3.36445
3.70171
3.31839
3.38616
2.75214
4.04623
3.42057
4.16857
3.93043
3.97099
3.83993
3.38367
4.17568
3.50892
3.29025
2.61965
3.26864
3.10754
3.16868
3.39176
3.29436
3.87378
3.03038
4.10554
3.89597
3.98786
3.23329
4.50473
2.26089
3.31471
3.26778
3.44992
3.5533
3.31109
3.55697
3.00334
4.02893
3.35237
2.96192
3.11523
3.41727
3.40101
3.80844
3.14006
3.50726
3.30789
2.64797
3.4603
3.17332
4.17167
3.54065
3.77176
3.68624
3.54488
3.65287
2.95499
3.62391
3.55439
3.07345
3.36326
3.46661
3.73195
3.32963
3.87565
3.23602
2.7939
2.8922
3.72731
2.79817
3.5134
3.20351
3.58102
2.58759
3.43452
3.33356
3.23475
2.31256
3.34174
3.05118
3.82939
3.60909
2.19161
1.8856
3.72505
2.40998
3.28092
3.19809
3.13461
3.38774
3.21994
3.4493
3.91855
4.12689
4.08073
2.89504
3.00918
3.29705
3.33529
2.99249
3.46168
3.44675
3.50835
2.83438
3.49603
3.73402
3.6872
3.44618
4.66531
3.01504
3.21996
4.50781
2.96311
3.28531
3.73885
1.38954
3.17686
3.89492
3.47957
3.38443
3.49485
3.71912
3.24959
2.17591
3.37874
2.04243
2.64272
3.23579
3.08352
3.80072
3.1478
3.08901
4.49811
3.8774
3.82114
4.49588
3.1674
3.52944
2.72163
3.50625
3.80116
3.03342
3.6444
3.71993
3.16127
3.41972
3.12319
3.13536
3.30471
3.13766
2.15121
3.39677
4.0526
3.45581
3.80141
2.87959
3.34556
1.96644
3.5618
3.19783
3.58791
2.45093
3.19954
3.02908
3.16774
3.58314
3.7213
1.75166
2.40247
3.35135
4.01434
1.72775
3.28651
3.74939
3.72749
3.28902
3.67355
4.32323
1.50411
2.66488
3.24592
2.7703
3.3595
3.29936
3.67597
3.21877
3.30572
3.14193
3.66016
3.48266
3.78182
4.05108
3.04377
3.73306
2.17402
3.34874
3.55654
3.09986
2.67922
3.35648
3.87449
4.44035
3.69696
3.12832
3.34672
3.42339
2.71237
3.53925
3.24723
2.90941
3.1267
4.84364
1.33698
3.48107
4.38652
3.35867
3.49107
2.71327
3.0899
3.26546
3.38031
3.39252
3.013
3.42777
3.35232
3.03043
3.04343
3.36116
3.48077
3.14626
2.93446
4.06259
3.46757
2.85555
2.75131
3.82332
3.53429
3.8113
3.5645
3.45147
1.5435
3.22445
3.75106
2.71851
3.40422
2.40838
3.433
2.78392
2.79063
3.03605
3.14974
3.73058
3.09154
1.94132
4.16362
3.58301
3.449
3.84822
2.56318
3.32603
3.86798
3.29993
3.19609
3.58507
3.6821
3.19305
3.68547
3.94241
2.3957
3.74286
3.73568
0.921846
3.29602
2.99031
3.36354
3.02042
3.72387
3.51997
2.77593
3.95253
2.39906
2.68876
3.20886
3.92137
3.36786
3.85591
3.11542
2.48044
3.03427
2.86376
2.71554
3.70955
3.84191
2.5385
3.38534
3.73528
3.92531
3.21839
3.56553
3.28305
3.87117
3.35399
3.8903
3.16966
3.26593
2.76297
3.31047
3.82208
3.35274
3.9337
4.00545
2.51457
2.46866
3.53362
2.94193
2.80184
3.36496
4.41933
4.50679
3.40826
3.3372
3.70587
3.74275
3.90769
3.53251
3.27671
3.53977
3.64007
3.76645
3.47217
3.48189
3.53635
3.32483
3.39618
3.99474
2.88817
3.53753
4.42497
3.50218
2.87286
3.17622
3.98828
3.43474
3.88612
3.61199
2.289
3.19946
3.70439
3.40153
3.02176
3.13341
3.48595
3.30643
2.93787
1.50684
3.41869
2.74052
3.26549
4.105
3.76268
2.63924
3.33521
3.17331
3.2203
3.5089
2.84476
2.80209
3.65241
3.84712
4.51171
3.16637
2.72536
2.90743
1.38215
3.11591
3.58173
2.64664
3.34765
1.57486
2.97736
3.91436
3.60662
3.88587
3.59885
3.65044
2.69423
3.49464
1.74657
3.81518
2.98188
3.1501
3.31031
3.9114
3.64937
3.41149
3.40095
3.38007
1.29888
3.08599
3.37567
3.02002
3.66229
3.32135
3.54621
3.39127
2.23985
3.55015
3.36331
3.20274
4.17763
4.26238
2.90311
3.32907
4.2259
3.41012
2.1708
3.5569
2.9475
2.96601
4.09446
4.33593
3.85309
1.80396
2.99014
3.11784
3.8558
3.43969
3.11634
3.85824
3.33868
3.67696
4.10574
3.19551
3.32852
3.5357
3.4492
3.79102
3.73464
3.50102
2.965
3.24433
3.39924
3.69731
3.52674
2.94855
3.13939
3.02718
3.3547
3.27141
3.1489
3.07319
3.29778
2.50417
3.42273
2.56848
3.20457
4.07316
3.90862
3.52071
3.57383
3.51228
3.12896
1.75456
2.8626
3.25405
