2.691287824412588
1.7214273054285725
3.6077065803299013
3.7042786145936155
1.8251958679705969
3.445296876653553
2.4344016962389903
3.441526074175019
3.9660687684514895
3.8231164692130433
2.83337574670039
3.1257223918279866
3.3489029765379987
2.737982034182764
2.9288033697679254
3.061184114623993
2.843557507294733
3.6380506565960955
3.225131555290354
3.030750751116299
3.864989489668731
3.6217826443708074
4.040010650042753
3.4942768300537344
3.768179487767059
3.4416326336579877
3.9400315187304766
2.261388961499736
2.9067888549905776
3.2313323707890125
3.6618372243090094
3.2817965580263846
3.4635975526537837
3.3028291793582905
3.5163457071143993
4.408165179436081
3.610196404624158
2.676456888266731
3.410774821759439
3.2336757122093207
3.2880412637168264
4.300504183708694
3.3449421508631936
3.702808076404536
4.117282683511162
2.4425022680879014
2.844822730692785
3.3338922318123743
3.2377380735531602
3.5558703154479714
3.9081455563558216
3.998901411932854
4.1541642531761065
3.453931243908691
3.883149447037169
3.3876981868387706
3.638190912714543
3.3051764901208864
3.029108992093887
2.2628762195705105
3.966431703268884
2.861624354735782
3.291629012722039
3.850284686838991
3.561456106417924
3.5011246352385967
3.5228931143767976
2.711408437974692
2.424403229033126
2.899402699047256
3.716944431809478
3.496067575059962
1.2417685576019615
3.0867422426298754
3.142194418614202
2.4635712451988794
2.6615785270777277
3.422489515851623
2.9664168211245627
3.7461594212898452
4.151621009047714
3.7645110791535417
4.434534466778366
2.393428157584721
4.8343949746026205
3.695341136712794
3.6924611755935643
3.308456559184883
3.013018361540488
3.3083319157932873
3.0845441808966108
3.7719644663638974
3.500044818259404
1.7146887835944475
3.4334039306535726
4.121438499567977
3.200024040838109
3.9902414212723816
2.3821636808444926
1.5609630348146784
2.567609049893185
3.1722768808575683
3.725900985611421
3.8675777604220336
3.4424807714639227
3.5907575006030696
4.105093589460859
2.8066163704366893
3.62567270300595
3.5507724346110163
2.849650116922282
3.111501006215613
3.334974931237939
3.338278004413521
3.4939419331984984
1.2277736807869246
3.2727953948833903
3.3257407801153347
2.9816895002234984
3.9107229179084007
3.1536900393726697
3.319474320010431
3.4640309021695015
3.819323466504269
3.715611295843999
3.2498179270613616
3.8893460001676035
3.4779171878739197
4.280936218254069
3.126610953049453
3.040737961713106
3.246612738172426
2.2371859604615496
2.6742223231195092
2.0794882214761468
3.1578095798370187
4.14650532500938
3.231497781005846
3.437938109727001
3.9517883403834153
3.545925050360057
2.4481278100447046
3.422353609186972
3.3277225584771615
4.006407416632109
3.571288013991766
3.6934278318086067
3.816730936897099
3.1414469998037298
3.6968780770622907
3.3143776463427335
3.676361722201067
3.083544695239306
3.3770137613105318
2.281286413257287
2.998688012406599
3.575746303848711
3.6133778521105278
3.4076953089159137
3.1149136007182525
4.168520290101723
1.9170551961959035
3.6415363003710803
4.465515326243523
3.5658453947580475
2.8480671046992754
3.8655722412308298
3.5250103208963957
3.5002353373497783
3.48455866015891
3.6242106130745912
3.5022058561102933
4.073171644609598
3.4744190923024534
3.4569712327232907
2.269583574249548
3.40452657086302
3.4978456875942627
3.2165704026881907
1.5985533423928393
3.6286289051384575
3.524260709788723
3.4829726413277013
3.1546534091994567
3.218045446956049
1.882628779672532
4.128099049823225
3.0304300605316445
3.540946217678699
3.7154065594804497
3.123994236396124
3.841166685395124
3.421591603829313
3.4260351090615426
3.0344564820652966
3.0706614842605404
3.3919865298835443
4.043310664822024
2.36754273858054
1.9404825342812677
3.878192326295779
3.173018766654215
1.895395946884324
3.4485094805714778
4.015578561917924
3.737729960185929
3.8477256170295044
3.176738862044554
3.017215094526845
3.533708949992549
3.9993501077612628
3.270168397954256
3.5333858719419773
2.7310319603256983
3.5105900836627093
3.0562758052037364
3.1033913631088303
3.1314723470953982
3.1584026789253716
1.8739373948426132
3.1920725406706683
3.117751186426193
3.5986768615125153
3.6924179614459955
3.3337003591872962
2.139456499926149
3.041809248377474
3.3726639455936924
3.780074944747382
3.7873156715836185
3.7355898779118983
3.216420759651643
3.2890145616944886
3.265777064124446
1.6594254735318048
3.825701673750211
3.1286864840870465
3.1846901755185644
3.546470549813143
3.0199503805453394
3.375552015114998
3.161527018245439
3.4666914550173007
2.5298079447276343
3.9710465388519305
3.2616194448514824
2.372614113793528
2.9502517721841315
3.690298513255793
3.8027071928942866
2.9910092352590816
3.6179385660527847
2.420485918070926
3.292631996640135
3.8285306912374386
3.291277803522808
3.0799123980177305
1.7438002081050512
1.7764007586028177
3.8596322210044396
2.882915792715269
3.7831239779372607
3.2969558071250473
3.2398495359428385
3.5265493111295165
3.7750881850482907
4.192978623612182
2.486310293312203
3.5232043655503285
2.9660542952223596
2.902467350203374
3.4930157105891935
3.850466607188472
3.7887377485271454
3.878471376362091
3.5946391259238366
3.950788704316287
3.2951668655700352
3.260735475042543
3.89318901813626
3.439363883151849
2.9791646573303274
3.0675033334013553
2.6468377150990436
3.1571407314661872
3.1387210314207135
3.6168422207648163
3.730996333732803
3.2298865372679666
3.489576572055057
2.5143693070130357
3.4090796025617314
3.463733464392596
3.3580917487159416
3.809254567751662
3.6099806379222956
3.1799476742129866
3.810592859889248
3.536659094048877
3.929033490909655
3.894711621911463
3.222175650905677
2.9957525584380593
3.6185933085372923
2.1299074695760085
3.356094103567525
2.304568871169165
3.435109833392913
3.446082057765635
3.4159288674741837
2.751833308384787
3.3550653964172548
3.009468771268722
3.5294710018282127
3.5083215151127147
3.1665159410001413
2.9495411275485246
3.343305711527735
2.7963059424162027
3.386337260632688
3.5811249832259153
2.866723240983122
3.6557641943405352
2.930531067899936
2.929205998435384
3.1710715125021385
3.417588364701338
2.6646794127000057
4.018873783548274
4.157258768230064
3.282159806484163
3.647308473766783
3.3952566430294664
3.5979650122144045
2.9607788791998004
4.111370673089669
4.590998734384494
3.997002555396584
3.167439047876927
2.679874622770874
2.5756641397153093
3.1799293897149687
3.0729842190957206
3.7198069903412843
3.3521223644328226
3.501107457124506
3.8226302376263206
3.7721766597046344
2.817159205014316
3.3688236963714844
3.5110337682527613
1.8626760163213518
3.039733167294579
3.138208836836596
3.2731875005214928
3.1887363725544122
3.424884225943692
3.4382912731122355
3.074792597203322
2.7957673320379977
3.4174291815485183
2.317684549060846
2.0767847589122725
2.723792436630957
3.587568138279551
3.3853990775461407
3.5800761317110763
2.337452521968284
1.2236632887851009
2.767622045168664
2.890207920834098
3.722719591987037
3.2280115601468684
3.171070850259389
3.1652144567764684
2.910587509924525
3.299939755607346
3.3810009270694703
3.6916277996875495
3.3314951099894365
2.1775047095826956
3.3087635742695904
3.494321595482922
3.4555223330576443
2.9676484377272576
2.9131022842697734
3.5137758688722585
3.6342294408125904
2.8040810158003486
3.7283295543564567
3.709223240453853
2.2299232439847962
3.2158178846593497
3.4482314265783254
2.6753908033449507
3.8051898328890976
3.501572093369939
3.1081557183660458
3.6439316171427385
3.1170292245524402
1.2712104339717447
3.07381593741758
3.0925486459604934
3.122608202961543
3.566902837543865
4.2087476492755265
3.004829465031627
3.1092395211315482
3.3439937899389074
3.696204683414957
3.0412904367196667
2.0660009879004697
4.105760384248235
2.6548253327393123
3.366507245212061
3.0785130264000093
3.497650856442949
3.140671670940129
3.5058225941512315
3.8648771917884703
2.296365947990485
2.868600428485482
3.589152408739449
3.400561376418861
3.324303026064465
3.2384698835578587
3.377967289081408
3.5842108407033133
4.015621394632274
3.2283202780986437
4.47924605007935
3.3931471013637644
2.89178776668186
3.214238007074313
3.9120423783870795
2.721779349763424
2.755891666836362
4.104924414347613
3.0720959839213116
3.567776240301867
3.31274939746013
3.788636277413516
1.8531207390676114
3.7720614883891233
1.8304498472459758
3.011414568281181
3.783216705089506
3.5724081484498376
2.26497806818453
3.11350208723163
3.432883967537784
3.515146628681488
2.7511527478815867
3.5825020420498173
3.5633288786927473
3.2252764407527565
3.383237311078856
2.958880322913865
3.381192492819185
3.4322734906284564
4.258005023605871
3.6569367816232434
3.4706865535764844
1.8780460163196921
3.128198587287169
3.229688804627403
3.337174554564159
3.143866083934319
3.4573103986952716
3.091345736370471
3.4688932479980576
3.226831093843027
3.624743924492294
3.7478723964582885
3.927510865947445
4.784888295486157
3.2646850771107987
3.0661268395591876
3.701349399612968
2.846137374065961
3.2413258783491186
3.7480963140741155
3.444233890334103
3.465433586972507
3.425393878326405
3.822723014178865
3.318632143430683
3.75271661729525
3.7251286807558794
4.042698044734055
3.441866483825815
2.3092300441697438
3.582334830026347
3.1689069862049024
3.337009721524727
3.1776090550752487
3.7867302623365617
1.8739373948426132
2.5824345971094163
3.0069900878343674
1.4810443348756555
3.4952144312992424
2.7199661417967644
3.319076451406071
4.002061599398304
3.7812979034240772
3.650729821118096
3.4650282061129523
3.1387742371657366
3.5491096824051898
2.5060346868929164
3.229918824814024
3.6637910694115736
3.831590617620545
2.0096543089326144
3.297975213702725
3.377274396517644
3.6598380287067562
3.293748138701823
3.6159012416145457
3.8034205191239874
3.7617074845698246
3.6407030155094633
3.6172328632431494
3.447098659577096
2.6831007740717325
2.8593455413276763
3.251566800745763
3.4570903956369827
3.5095224217207437
2.3024716376227454
3.5278811447461274
3.0414874117858437
3.4250264139391007
2.9343895459183877
2.648504597846425
4.441074770104954
3.411122319946494
1.7161299104099765
3.533099452474248
4.2236906471070625
1.9685270314116856
4.640167517126435
2.9778622526832783
3.6001180620716453
3.4122805387828814
2.7689053819914617
3.5904390588757638
3.825565849855922
3.724893665002525
3.3266537853916036
3.6345620326899333
3.609553184714372
2.996943276484079
3.146786044778472
2.9506140831587446
1.3598580132236653
2.272540621377809
3.667317125327621
3.438391840726475
3.0258142130710817
3.5736311101722937
4.424533364677118
2.8076370178038186
3.5882577145733774
3.7700281129277924
2.066908574961714
3.667026403682273
3.8855205573434723
3.097800046966482
3.2033368141902594
3.7560096712736195
2.608186832764316
3.088599243740701
2.357133168742711
3.636898366920957
2.9701627196140383
3.6445319441333
1.8990681900060928
2.9733374449300096
3.4466764429314267
3.3092649698423156
2.5952906708384864
4.2070073009502895
3.6771649855710162
3.6087797658591927
3.3113116551611856
3.599270214411006
3.2785615781969955
3.5947415656296946
2.0554087826348915
1.922112801490499
3.6806475080365626
4.362968068795827
3.5971330657834373
3.76389998990283
3.7775046473381426
3.300800090702005
3.247569751056682
3.0495477214894553
3.220129980160029
3.0951730767201378
4.352013391436381
3.6123304968156305
3.0727575717814557
3.6971927879799833
3.6360988815514332
3.965655833633836
3.851536369088096
3.1286986562182917
3.749460422678334
3.3250092815579952
3.132701536867346
4.047594082214249
3.6886177589333844
3.385755678949855
3.96165433250173
2.5993371383107324
3.3126320571027597
3.60379527453422
3.4136459387757334
3.2597088728147607
3.8012974063905904
3.252769662341069
2.7056544107536222
3.5503904384938796
3.5510749933941597
3.283714484630126
3.818791059689802
3.746335650630412
2.8496341907028335
2.637087068919154
3.8600617752550166
3.168218090617794
2.6919422949938756
3.1826082425172793
3.379325547080083
3.2996571150452785
3.130668314079694
3.3261648485684976
3.0323337921021194
2.3795022220822686
3.4053761248922845
4.4639415409193175
3.5088067689402243
2.797145985364571
1.933669153931568
3.6273668247604753
3.061842744623074
3.6143987427533486
2.985742403462833
3.642276768867879
2.758471124418257
3.361998150363767
3.7473401149894787
2.7806561521973996
3.407950092862395
1.5776376864525594
2.008616192232486
3.115125040708802
3.9557446669035525
2.486903849292376
3.2652999631393973
2.461327021614573
2.3575680376348234
3.865510615084584
3.394130040081853
2.437765915834013
3.7992115291395843
3.3242108626795894
2.6973452080184015
4.611827147758446
2.938271559911597
3.584865781359595
3.5054724566304523
3.2554174821531245
2.055597049857693
2.7051006493774956
3.2287940417342966
4.151580869028585
4.004439330040464
3.4300669984117302
1.7679428816149592
1.9117302455462208
3.7662008841853467
3.656150946664417
3.117207178776381
3.451872019998352
3.20871979074883
4.184852914746523
1.7562076156392898
3.463509226132827
3.2792762280404295
3.799209037198869
3.769253610632836
3.7190486280221147
2.9201693737807894
2.5408030833580253
3.569838057882352
3.4637679755508906
2.5742962865722596
2.6086681345708485
3.0592419451786412
3.9807228742877108
3.3937510940622544
3.6404814141857997
2.8779153638453496
2.321931930513049
3.1405902892237636
3.1759142843906027
3.561481145800067
3.5979455504701514
2.772530727807969
3.338176739329086
3.063873893090995
3.079761786116973
3.7616689306562674
3.601139793007944
4.138780584009738
3.663633404261131
4.364295742485985
3.3975564812259593
4.089417274739541
2.7432639138441877
3.1765203944490574
3.0452660964153804
3.9579546076285785
3.5097347433408608
3.2561489846788505
2.3336137727463564
2.0312897215240855
2.88343417624869
3.911444557477129
3.0947370566778396
3.190445481699864
3.2677890551101063
3.0837262544834916
3.027946535936984
3.1750620358405266
1.7114515757672721
3.5308597973033327
3.444254258587775
3.329958227915229
2.5319664224742535
4.361365954414424
3.5465474935968073
3.4070379249045413
2.062459376404742
3.0331794959461824
2.4443940704505214
