3.030542104767828
2.817156593826307
4.099120748522369
3.558079427778975
4.1062874355682695
3.221227816181151
3.555536346129476
4.0511867911375905
3.4603875400782793
0.5416167907170815
2.219483775765537
2.418187773328308
2.3368380353150666
3.611663478469241
4.3943936921304925
3.551868970686197
3.177962839631193
3.5562360289851602
1.4075586358964696
3.3021689465805704
4.108707563540916
3.583504785303643
2.496645646696131
4.3828410513681675
3.409906797739252
3.983244865558677
4.108905390351749
3.9308026839316326
2.7070037563194997
4.403804486730637
3.2746196166990353
4.445369536762245
4.656483985565798
3.1144236442554387
1.6560607112271017
3.9131922485044193
4.482495187081231
3.6433811483398912
2.036399306142542
2.928179147976399
4.377356075974284
1.6587282342803964
3.8684716004952504
4.138185387005466
3.8925390777940994
3.734831558931535
1.5678290647666606
2.3368380353150666
3.96724063825588
3.854497123075615
4.1478572452335705
3.7555683471637624
2.724491317657524
1.9720425258172494
3.6898663842636514
3.356408899786209
4.431020574735642
4.232371779063836
3.1948445000415804
4.377786543114812
2.0778658981586897
2.4862541882628313
2.036399306142542
4.028809013530285
3.013297129022336
4.429325190345873
2.9512676191091796
4.807132958723882
3.8564225614489636
4.374337088019412
1.5607031470012362
3.940864332765232
4.126640580950547
4.166083518091923
3.7613454574759615
3.139520891633641
4.0989296906317465
4.208817176790395
3.4102486221198025
2.673544023372174
3.9131922485044193
3.7684727265428544
5.296614596831171
4.2604141394983
3.847960214896448
2.936410876372165
4.364881624930813
3.7755327653035966
3.879231984010805
3.4102486221198025
3.993896819277424
3.3599876462860063
4.787463308482524
3.743648684201867
4.475656990343642
3.832608162527839
4.03197674646598
3.4572432339348094
3.4947058913587816
2.3229682216428325
3.1040100747113093
3.929009981634924
1.7594402037924546
2.036399306142542
3.82279188174904
2.799575649206152
4.624376813677024
1.8331017297180232
3.8684716004952504
3.231735010144731
2.7738276608584065
4.3755277524275
4.7309787912326575
0.7047358378413593
1.7594402037924546
3.4073507882638188
4.386684760408076
4.429325190345873
2.960721465962976
2.0966833592482876
3.665106900492926
4.617132529387536
2.4355618160610746
1.6213125622298026
1.6587282342803964
3.9813077829999246
4.834430996019797
3.083891275606411
2.2325688622627107
3.9807200974649213
3.967812831534478
3.634707562154235
4.163810442106811
2.933013066737965
3.5347073953489785
2.213661794627254
3.6262177764239327
3.2499880407310457
3.203752519272402
5.018986327277225
5.0816031842287614
3.759212031039956
3.695162256017513
2.7352408988333425
1.4891107626892282
0.5416167907170815
3.9746870152351246
3.6475166077736807
4.454281537427894
3.8108874004135704
3.4606337280012696
3.858693782998358
4.347425830747397
3.634707562154235
3.4956932421172464
4.5367256305095145
3.942470290062689
3.8122194926271216
3.916095159976638
3.150991655866781
1.652633218141654
4.470254821992642
4.67953986027415
3.862734706772856
5.222326241526922
3.927901521097401
3.700495173022252
4.026624505697325
2.7746418861429274
4.052682948936332
2.78451304790457
2.748525974680855
3.384317422607242
4.017475851012488
3.444532096365044
2.9974081519589917
1.3551007674671356
3.8108874004135704
4.1382361341342975
3.6433811483398912
2.928179147976399
3.7781538966727553
3.2279903081411714
3.822645422641758
1.8742914854984778
3.781598574346078
4.287085594398461
3.206140557537988
3.686666853368134
4.812761926307914
3.441197168514794
3.674376046493719
3.8823524441261075
3.444532096365044
2.7259043382727737
3.0168194238589154
3.8436578550443516
3.150991655866781
2.5320365991701674
4.097486288237181
4.86009584393969
2.036399306142542
4.341706837098629
4.0007052911134595
4.605661907458234
3.5256405286570756
2.8364128576567995
4.819677549665126
3.765625755411599
2.6060569542722494
4.203721727566429
2.6218199550959413
4.108905390351749
3.4994608067502613
4.1478572452335705
2.57186920537756
4.240983432022135
1.6227301024081167
3.9098659492198236
2.370726996874134
4.556618837805483
3.734831558931535
1.096092783463345
3.943958778749357
4.396762681351966
3.3180032965884196
4.098015405062554
4.819677549665126
4.787463308482524
2.6073541620588925
3.7755327653035966
3.7759675836800546
4.349158055369421
1.811592638734492
5.189841758221294
4.88992973139799
4.203721727566429
3.837003769581053
4.128135580213401
4.394043690687534
4.366777757743739
4.5745656771281515
3.770697029025606
4.787463308482524
2.133525350316564
4.144977940674431
4.814052138237203
3.4707227888338803
3.559791471372951
3.404516733080259
4.935030995554087
4.86009584393969
3.37453459628934
3.617707353613281
4.154330970145114
3.7101545925926054
1.7918897653902115
4.4404237976803875
3.313873661348286
2.662436673100946
3.472484749311705
2.172979023414912
4.141499337100366
1.811592638734492
3.9388663986797003
4.149928232256679
3.080931234388418
3.8154736795025634
4.787463308482524
4.438062554499863
2.8423458023416535
3.150991655866781
4.074616397013756
4.607108686541806
4.148224209451684
3.926710445588007
4.0407037034028015
3.950167799063248
2.7352408988333425
4.112802862432095
2.7817367356775273
4.834430996019797
3.9401930524190734
3.845890433416153
4.613271848439934
4.085480530252717
4.108905390351749
2.3629603318140955
0.7047358378413593
3.695908300746106
4.321033270408998
4.429325190345873
3.784834195976745
3.8963620795698954
3.150991655866781
3.297581232730817
0.9155060069787218
4.098015405062554
2.2629144121054767
4.098015405062554
2.956467010799326
3.7898626343156616
3.4748294349661624
3.7464567568370275
3.040148224600219
3.3656826860170743
3.938123283245047
1.7594402037924546
3.5024342113130595
4.834430996019797
4.2732454921887815
3.650950463097977
3.1948445000415804
4.373848447403871
3.931975772667437
4.611283624875668
2.3229682216428325
4.748637189182139
3.6699707643579966
3.7803109167983555
4.287421727589979
1.7594402037924546
4.338619774592617
2.5827952127328473
2.7793522489081415
2.595101389473554
4.86009584393969
4.787463308482524
3.310843929399453
3.7865240122464034
2.4751315749551575
4.269629540331392
3.7898626343156616
4.329547838306731
3.4994608067502613
4.532769103962925
4.286206271836509
3.6570084222552515
3.7372608524869957
4.347594813260486
3.8393002768937103
3.734831558931535
3.734831558931535
3.1886835174796726
4.036578064862882
3.530176996356185
3.931975772667437
2.0391281069774987
1.652633218141654
4.86009584393969
3.9905108788622963
4.166083518091923
3.669346436558822
3.61002629032745
4.050544016617097
3.7193487777706564
3.247408134942214
4.027119252244001
2.886945489230825
3.840150490779675
3.4606337280012696
2.621300609126628
4.214352320929544
4.108905390351749
4.375613902658422
3.880176869082249
3.150991655866781
4.765938983401044
4.819677549665126
3.7865240122464034
4.7309787912326575
2.2451552294240082
3.729923001277202
4.457739734021066
3.923183032450324
2.8771854052803234
2.535581552408569
3.750920038937064
0.7047358378413593
2.495196461156894
3.7158348957643095
4.203721727566429
3.3656826860170743
3.8538765510652424
3.834722785336554
2.3853370140419994
3.8684716004952504
2.9512676191091796
4.24547861805956
0.7517007326058978
3.15067225995492
4.86009584393969
3.268960730554605
3.4380994542352696
4.366146299554439
2.751971026568726
0.7904312787553369
3.3599876462860063
3.522605806161481
