3.0673344362780934
2.2332861370156496
2.2651609369499335
3.820479602801074
2.331532416213974
3.8423552832582244
3.4970964460043352
1.3985169427508921
3.0772540359767313
1.049418613568466
1.385547432874559
3.113992681491254
0.7874480907156145
2.4803498177115317
1.3331893740507017
2.7817030796265785
0.8934333492155431
2.5510525031179645
0.7254441730663501
2.050722521443224
2.8621430333055335
0.6623915092437551
1.2493856427345693
1.9637980629683358
2.7394913931656233
1.4095495551566537
2.5056544094362203
1.87838347799533
2.8901715685395835
1.0698015328526338
0.5736698388439843
1.6048869846607776
0.5114444496244928
4.457552686925055
3.615961808500123
0.9657337410712166
2.1529374398338526
3.0459953383591727
0.8681121440541406
2.1307310810745683
0.7209215931704671
1.4823647122131762
2.11262080716703
1.0791780008288265
0.04444952275022507
2.892421470603256
2.8278891140738196
2.844542192800307
3.5445872346210585
0.6627507332478033
2.3639588636682833
3.840539260358553
2.448462873534135
4.141845424398211
2.76170551654688
3.306499817072602
3.707653765666376
2.503242082014676
3.0476198843115077
1.1530980160149693
0.9166343104456045
2.7860165486548105
2.288556434256268
1.4952258982062003
0.6937619894164317
1.0240827316732286
2.4255566288985206
1.2088070880876836
2.0631884266800062
1.6006954438241863
3.8518268380998135
3.028564475012298
1.460506911956542
1.3995757657740326
2.7334873704933518
0.8171959773108703
1.168364947729692
2.2471052938519476
2.497199053388959
0.9895690890240991
3.15962874317959
3.6252700125456463
1.3105208625933882
1.3862054081283395
1.6704674293134294
1.5473125399523047
0.581523469416652
1.6443845317083994
1.8846009643654136
2.6522138474911703
2.8033848524413982
2.109408072044152
1.5435534157912763
0.9349681591065018
2.13430084819962
0.7981639448851245
2.708449417628297
1.3604695326560872
3.3689091720797046
2.563216815733474
2.2444357026915718
2.1755777607668234
2.020555452575194
0.40505760055101847
3.226575933636011
3.5474624570100586
2.3063900042027483
2.3689385471629674
3.253189914671478
4.176065740691101
1.5030525791167548
2.1223423354504485
0.7421949227064246
2.4404757226119824
1.4956889952229249
0.8574593274339528
2.431504287412965
2.044579208249962
4.404205901565705
3.113404426508511
1.899849193180913
2.6306000590278655
1.0880397594084026
1.4173170216779645
0.9606768783126189
4.407939241639901
2.2172824813342777
0.9341980132445644
3.283406831562147
1.280354832174401
3.4570942676524794
3.240287717980943
2.2711307373435226
0.5798876793760193
2.261708723477172
3.8087656702451484
1.7397649141469838
1.8909710629954928
3.0265540182432153
1.8992091135775846
3.7688913158624024
1.1912919643806146
1.2224749779603161
1.8953152234708888
1.343738541983999
2.6523963365442955
3.2795161309809107
0.683022195195786
2.8185995418802285
2.2331867076958627
0.966523402988356
1.6154676094227105
0.8504938903613324
1.5202674271718906
3.681491552257546
2.3652731751308034
0.9964272519986968
1.1236682056145653
3.496860222547378
0.8673681006011664
0.4666271416403118
3.8719988235574494
1.065833922043903
2.4450070641488586
1.2622063892646194
2.236326004458316
2.2606820653652715
2.803030231825989
2.9786493017763465
4.3423564694337475
2.5416594450286825
1.8403106220090453
1.116187962267503
0.5811330566660531
3.647601005461759
2.1318863842710343
2.5064459930466114
1.8710874377850957
4.814683666566702
1.9629298929553247
0.044748341144264625
3.744297464603967
2.640570594545626
2.8762213855665375
0.6800103515305196
2.2804644400452245
2.1778063490792716
1.5890839433578474
1.2596383135799933
1.3281779502287796
3.551594638723701
2.0760597133796708
2.35197016795945
2.413342700767409
1.1946918824488173
1.456884075760041
2.4335034045814523
1.911151198538887
2.233492700095514
4.319235707317813
3.7255856251394075
1.4469572137136948
1.787793179639115
3.7460456430551683
1.5110691462207837
1.147736739921981
2.33331229807754
3.307480354688239
1.1519939599923483
2.0152228126884317
1.2652467787284907
3.6923509792790448
2.413762532302323
1.0068219879011786
2.825332084655812
0.758261039536853
4.562305436498221
3.3662404404286965
3.6542046836469284
2.2425052877008067
1.6821226023474458
0.9137337360244211
1.5758841115348354
2.809619099433778
2.7055314596062954
2.403784611937672
2.2583497789404943
1.000614874108293
1.7591775491910209
2.8778775729593717
1.775202822345907
1.5048250525863731
2.9017134578191497
1.2835638786863168
1.8364535460545466
2.66988439089135
2.1572047018523666
2.4764250274872084
0.8974312059304466
2.1742758183197117
3.1344518090754767
0.7075055909306016
3.350709081403907
0.9626912669187813
1.0092114048121883
2.279872793317764
2.707974439379577
2.765463602104903
3.620322722052847
1.230115152940785
3.78338488784527
4.835946178951521
3.4938351379988943
3.410132541491017
4.707109022077737
4.340395473698354
4.471107674437082
3.123116509018882
4.1733960114888635
4.371754006233703
4.07088149672065
4.2158127646352455
3.7816067660689474
3.8458435220181473
3.5735294034290623
4.415727273628084
4.018259201871591
4.556273912581612
3.419915564900574
4.381632192536244
3.0762924370680778
4.215859976267248
4.331216196836019
4.226663426621036
3.6514171047237998
4.4902838673291114
3.1945516781664063
4.484171393280718
4.1189409282199625
4.261638621015441
3.3023869575893
2.3954075774951393
3.331737052133232
4.697408084815882
3.411191210302239
3.3836581378342876
4.236165387136935
3.5200285055152736
4.1760079665666865
4.610995971957736
3.04296095496538
4.545602745396942
3.7734024046951964
3.5998419260101335
4.108020570826397
4.861758354710658
4.21206099958728
4.328172992891254
4.4856087046971655
2.2948031110681546
3.2935655964941444
4.678935490287674
4.14107689763312
3.18843596586465
4.795255866388673
4.472106321229251
3.9898372955177113
4.599256673034792
2.9372745797078
4.267166733027997
3.1878888980190236
5.218874737508668
4.172150436479257
3.3054704291436896
3.866726562399996
4.032101014714783
3.9361730664709937
4.513962838295025
4.3461419989567975
4.530105599321946
4.360702136965157
3.8629033877079424
3.7162208953379317
4.205191268697785
4.549264524234914
4.240998605610645
3.3859230615502787
4.790933766392911
4.5145716657127295
3.8632317260204436
3.8762938587421507
4.3976856602580945
4.2668019083849975
4.136814767592055
3.661571068956416
3.5824534974167412
3.797456042761426
2.1165439788943394
3.1717713887762797
3.8212698209319838
4.416067101972585
3.261015323942077
3.9801872191026773
4.124858527044275
2.9397887012567216
4.137597772470814
4.358637146107143
4.6093711032949685
3.7766116245496315
3.1701800782406924
4.230232237301831
4.918745734020099
3.884250802206401
3.4047872312640277
3.6843789718503968
4.00652135773466
4.486852014135248
4.175037960437914
4.282951026368971
4.373815673378279
3.387687509027333
4.761084015339617
3.75944487065583
4.405459738741667
3.90788815166281
3.5154913770556098
4.227383495870849
3.791454435633368
4.116600235950686
4.7583906902465625
4.400395090246698
4.569642688700677
4.684829069379968
4.246479237148208
4.160638150978577
4.710452057681993
3.8134504111025014
3.9228809274941074
4.733827948347672
4.71135356664427
3.275993961806094
4.2411214360261456
3.7244347364908528
3.8005373606969726
4.617265715596279
3.922153730545222
4.033584986683502
3.7236502793341844
3.7182630983410743
4.577623828700065
4.05440859522038
2.638402742527208
2.5971745355110283
4.017173284825417
3.758718259485999
3.496405161540418
3.2395750621568498
3.8008368256389558
3.961211860938281
3.915707360432637
4.313425887751826
3.2267694849650312
4.219925556390589
4.236865595051628
3.560345848553376
4.203253046794337
4.294179194263769
4.687731626284364
3.769281391552911
4.089781391994817
4.554813021300118
4.1585015242974865
3.320692450114506
4.611016815923849
4.205616533182619
3.943097574560663
3.833594394928169
4.169492025416193
4.223547554326882
4.3190145982339745
3.9533840672701883
4.0378369646637085
3.626858567562814
4.159043467937294
3.89999994588835
2.4525424937349927
4.390310952776822
3.581971626948638
4.127168303137438
3.454125543767101
4.302224077531967
3.724806264061799
4.34214195770888
3.7381468547765997
4.82128230217794
3.811451138087527
3.9364584181061204
4.694641055473213
4.009183403775386
3.7317443578167384
4.322020633697775
4.525829944179036
4.141978595906189
3.7681134719698752
3.9818588784326314
3.9357261918747986
4.010523560115711
4.02428970477362
2.2938189808376515
5.037321435290117
3.741051563783073
3.563427773956808
3.701495046811501
3.783420685743015
4.189979154809936
4.55936050534789
3.0649121995497888
4.02428970477362
3.818950609703945
3.689245020456452
4.18817043881471
3.9689791625989965
3.4198621277924017
4.316176953881821
3.833642524207203
4.567013197373832
3.77220889259989
4.415573035645677
4.653251236097181
3.644231690104534
3.4416788674032297
4.2064534179376025
4.384816100542572
4.166809477752528
4.1265312891196215
4.762755766968709
4.622721254187511
3.7523161196155317
4.365713007700503
4.846339867227544
4.618470240876803
3.560789548214723
4.23248761302219
3.928144046380409
3.6005384708399366
4.220903441666511
3.953144941468679
2.3800525817072775
3.8460621840605835
2.896394008602582
4.077479969839428
4.061341982560064
2.9186147435563212
3.0163119033217347
4.494897406241179
3.6657496323371337
4.34374107379615
2.9519642151175542
3.626858567562814
3.8947800025849872
4.207086947142139
4.8049303804459536
4.826861400958024
4.222116816942975
3.8936125789537703
3.9851094868048955
4.739863398646964
4.542478494286458
4.131946307816396
4.844655621837865
4.906520009549599
4.59494911353734
4.1010296501397026
3.6720860746404287
4.724438461366139
4.273692353706578
4.672122427909359
3.52572320259846
4.557771327282387
4.397321543741187
4.238078022816166
5.153036640308832
4.8244853598734885
4.0103216770817784
4.287477464872772
5.077189748991584
4.730288234899408
5.046722340152449
4.579841960359168
4.622309675477394
4.541918107428028
3.7147181710603268
4.7229205636014004
4.636941954772425
5.073473594108183
4.39662312004887
3.58701112370227
2.550417177888654
4.7026127950019365
4.1997891723774865
4.696984043086096
4.9460146738081985
5.104617091806451
4.548692461438391
4.506904179355365
4.985657146714696
4.781020215454431
4.618233265393866
4.890444432218973
4.801993270779546
4.653952807990754
4.661396147598164
5.32864061287769
4.818952618600997
4.934417477222467
4.797052915592619
4.977030801064571
4.4006481822188
4.876627122000082
4.488937860472744
4.931100643263793
4.29032858484236
4.1842565979200845
3.6543667801170465
3.997195191031819
4.924056426251397
3.966925197963553
4.561829964648382
4.65925067622096
4.757110698154461
4.628848275805648
4.916831722346919
4.685510804152902
4.012108944135117
4.53981826253566
3.8781199590532927
3.961397164000763
4.130609138290604
5.370185097385983
4.47273617640663
4.554093252041829
3.7394062124326837
4.71379139930892
4.947297783757913
4.414340792675992
5.017353770967036
4.425131902336522
1.1462222966775046
2.9532773685460048
4.56788449918056
4.481624431591731
4.847510157797122
4.689617828273641
4.270636619537837
4.287849430426704
3.6273087089199656
4.993684298161497
4.507767531800428
4.325492773975968
3.727682419565917
5.062115441013021
5.000861264967524
4.7115407615154545
4.507179186132184
4.8148740519831374
4.863499259047634
4.898973725069758
4.33329498264663
4.340195202432707
4.408670847785964
4.250909178080194
3.1441162565334944
4.666109634277762
4.163071295168994
4.977532342932992
4.3819386082320335
4.7691026725502885
4.61146393076454
4.421876802078393
4.370997852372678
4.709614609623948
4.688512354479283
3.199006659034515
4.028922336422091
4.647995741490784
5.161247660037653
4.025578155640753
4.376570713190532
4.713343747945691
4.487564287454578
4.453243514981776
4.302587261463271
4.923302736842292
3.8847398215848528
4.6379656109398955
4.096683184357291
4.71362776673783
4.696953510995033
4.84868353954481
5.020059297842964
5.543796907832528
4.863276578453742
3.988753049092174
4.319633042792785
5.286965787374128
4.833472748939169
4.798842515093087
4.486042007792044
4.457565374371633
3.7519593586837727
4.5271741119863025
4.282191605652603
4.61772999736087
4.976911999970401
4.450321897551159
4.834912305882288
4.6761483087394975
4.831472686443272
5.321382281505857
3.596247800925945
4.267591097247557
5.111295314616008
3.7252345672648044
3.9858292264248507
4.8153933358925745
4.599720745982094
4.595692281071917
4.7577571643300125
4.819496140656248
4.62235861680907
4.887696686150682
3.6410649473559547
4.046467817159403
4.310683672970542
4.637683674379247
4.850656495565325
5.0070691936402225
4.359701192010859
4.966780712600339
3.4045727231749647
4.622669508466042
4.519868183557509
4.917382690904068
3.72023451468061
5.197712466302322
3.665463057248261
4.575360250123946
4.223106025121902
4.6345217583009655
4.832982033198316
4.282819393883482
4.8980527612963485
5.172665678221247
4.867976584685936
4.603600059580896
4.918267091655696
4.874262068261652
4.9817144243615905
4.481062525990083
5.235192599366943
3.897034266975428
4.450723409328262
4.653875863186872
4.019231635747987
4.735369633844091
3.995748227106689
4.073897454534098
4.93243824037228
4.904737650041385
3.5687188998065134
4.621333908250662
4.985633609578032
4.717002098198547
4.875162495942844
4.251876147648085
4.635164021583187
4.432443877360897
4.684341305852331
4.862403211454147
4.853222027873063
4.701411007722477
4.917488690544593
4.2557587708064855
3.8206955428175933
4.844824721111829
4.876428206767228
4.072169633938262
3.992227665945589
4.2349848115018816
4.823956622156222
4.135087478674125
3.99343365991036
4.0868521543195
5.107872615311836
4.215081613628696
4.596428528160899
4.793550734291176
4.0839800160654605
4.117070742909884
3.4320061073969477
5.140035876206609
4.467046303604061
5.059421206267865
4.01042324804029
4.752989956141893
4.142267433348215
4.234174604978698
5.094540127547975
5.01693833144969
4.376429256180888
