4.431294594272141
4.783367223510819
4.383149551934879
4.714376862885572
4.978001727380449
4.340111329081422
3.9041344210188367
4.816147079572693
4.005736849344135
4.6079688025044385
4.006144926929498
4.437756167280829
4.647909813051487
4.508127282063928
3.9431205819450916
4.530706492285614
4.189470291029468
4.562140099610685
4.559440931385486
4.612771340509515
4.03130061571234
4.88722284484899
3.942043754303157
4.88722284484899
5.019759713839786
4.406077055500729
4.364542624044383
3.9923393765654183
4.3557629544320875
4.373531607159602
3.8175187854952943
4.570459712982671
3.667732291612341
4.129495894684232
4.189641504217845
4.80702337336084
3.738501206119411
4.435263213865034
4.944049378533093
4.978447455044197
4.246631989569293
4.88722284484899
4.681818246889753
4.232928608899506
4.3863187488678435
4.6291758311788405
4.55902510981142
4.428613109932547
4.88722284484899
4.850439509724088
4.530706492285614
4.582602457652212
4.302635332432308
4.019317359186953
4.284193088240447
4.508393041291813
4.875087631699137
4.0230202101282275
4.763304283783829
5.019759713839786
4.213692130511632
4.688239316224451
4.339433031354673
4.978447455044197
4.526124864513506
4.228246332224012
4.55902510981142
4.55902510981142
4.39065261759283
4.539393000818281
4.733626320034868
4.103765130840048
4.681818246889753
3.6968576249884237
4.766697753735691
5.019759713839786
3.853258269595411
4.530706492285614
4.874186821558847
4.276087283780063
4.339433031354673
4.384446572333949
4.459718572949595
4.978001727380449
4.459718572949595
4.530706492285614
4.978447455044197
4.41785100853828
4.6786222197511425
5.019759713839786
4.566278581099826
4.334266526417489
3.6242379598163232
4.549374348270641
3.725760775307293
4.255775416445741
4.41785100853828
4.480033130622321
4.763304283783829
4.4407642126603015
3.9628067179124273
4.368795612773979
4.978001727380449
4.356822517041056
4.334266526417489
4.396977253602783
4.371985023019772
4.530706492285614
4.356822517041056
4.2286170536443235
4.31503160487055
4.896656583749693
4.530706492285614
4.355066961722588
4.652940977906106
4.88722284484899
4.272824684402486
4.896656583749693
4.029278835264098
4.415861977371992
4.395143062513178
4.766697753735691
4.562998931688608
4.548461833381465
4.875087631699137
4.549374348270641
3.832402421087986
4.574645755139631
4.459718572949595
4.41785100853828
4.766697753735691
3.949114861943656
4.684068007592666
3.860072036767711
3.8949464672132796
4.896656583749693
4.459718572949595
4.5240065793635384
4.559440931385486
4.846902497719557
4.530706492285614
4.411955013366878
4.029278835264098
4.978001727380449
4.238545167488234
4.850439509724088
3.7437946832836384
4.083441420731029
4.367462214190575
3.7767916610438244
3.860072036767711
4.4299214820487105
4.842896215944737
4.4299214820487105
4.690465132005864
4.63088316993267
3.7620883569013444
4.377867455090047
3.7538980335604024
4.530706492285614
3.8704539046502564
3.8023938282983956
3.9632383333720482
4.334266526417489
4.138951948297972
4.259586443915341
4.22191226902263
4.187129286352048
5.019759713839786
4.114169685775142
4.353371483511774
4.356822517041056
4.440501479242565
4.531475314174418
3.932937716410204
3.980943314727
4.191008249165882
4.38719434394995
3.879086604054301
3.860072036767711
4.88722284484899
4.356822517041056
4.3787483291673
3.9606498746943046
4.287590072093417
4.443298065329665
4.896656583749693
4.223215160231737
4.2765128465456
4.653801533801458
4.318401966342016
4.530706492285614
4.530706492285614
4.978447455044197
4.419697440842018
4.102424627490764
4.846157725779449
4.8485837138164145
4.586477307403097
4.530706492285614
4.763304283783829
5.019759713839786
4.45304346240467
5.019759713839786
4.978447455044197
4.138951948297972
4.119592795343435
4.427874974450889
3.848981567894527
4.40529613258494
4.875087631699137
4.355066961722588
4.282940764133607
4.1396791050322
4.205896510563897
4.427874974450889
4.978001727380449
4.370812748823548
4.158355400578032
4.006144926929498
3.9821406816187856
3.6532708193853156
4.427838347707037
4.26736151452294
4.530706492285614
4.41785100853828
4.138951948297972
4.292889740196947
4.559440931385486
4.0755823056820075
4.978447455044197
3.8150462264469454
3.949114861943656
4.293329573121946
4.978447455044197
4.532876029922236
4.064393728814022
4.111997660656059
4.542976642722193
4.527762817280915
4.315856636865167
4.395891938374408
4.004530473449027
4.763304283783829
4.606222618412803
4.783367223510819
4.447543763170673
4.200046850425484
4.6079688025044385
4.094020527617
4.114918286842618
4.719763067792245
3.9181423090233425
4.601427043974692
4.362443994010411
3.7373621864637023
3.99569418447797
4.318401966342016
3.6254538777654597
4.383149551934879
4.566278581099826
4.427874974450889
4.459718572949595
3.6254538777654597
4.559440931385486
3.9260217051385697
3.7206952391620023
3.5976038958066296
3.5976038958066296
4.45304346240467
4.3557629544320875
4.91034013906309
3.860072036767711
4.060579904374136
4.199109243165266
3.5738674884465618
4.978001727380449
4.242518831198075
4.635039988725213
4.459718572949595
4.26591576197952
4.1518965401431425
4.356822517041056
4.63791291816451
4.41785100853828
4.51530952391801
4.334266526417489
3.980943314727
3.7084593049762855
4.459718572949595
3.8775800410476404
4.921907045757061
4.3253762235931825
4.102424627490764
3.7404667314621576
2.1498437420855967
4.519109884062297
4.745714106984933
4.45304346240467
4.560597923788835
4.763304283783829
4.4855656735761675
3.9204632202486445
4.427874974450889
4.676150914279171
4.088084819307977
4.459718572949595
4.3308928635566435
4.783367223510819
4.5501869022067885
4.653801533801458
4.410527035049907
4.356822517041056
3.949114861943656
4.33452811403807
4.637824938116347
4.531907879748014
5.019759713839786
4.3641027932159995
4.557369681683502
4.114918286842618
4.685336193733241
4.197695769277331
4.406893520743453
4.456773927720223
4.006144926929498
4.896656583749693
4.763304283783829
4.318401966342016
4.88722284484899
4.944049378533093
4.094693359890912
4.006144926929498
4.896656583749693
4.87806537200902
2.3491389955974125
3.9205804655495484
4.6599310961507605
4.520877853695268
4.5146949111638595
4.03130061571234
4.356822517041056
4.978447455044197
3.957227088362969
4.763304283783829
3.8557949845681234
4.41785100853828
4.2765128465456
4.6050320892077785
4.6079688025044385
4.749283435402827
4.530706492285614
4.459718572949595
4.102424627490764
4.170129157555772
4.135526251695182
3.790182955232766
4.050958213225116
4.88722284484899
4.088084819307977
4.978001727380449
4.875087631699137
4.530706492285614
4.524143968887621
4.88722284484899
4.3031529109171975
4.427874974450889
3.8016995629100365
4.41785100853828
5.019759713839786
4.459718572949595
4.365422904427468
3.7767916610438244
4.875087631699137
4.13722631153659
4.023471658726429
4.842896215944737
4.978001727380449
4.653801533801458
3.7437946832836384
4.170453056130444
4.390589149178939
3.776573429998101
4.559921560479258
4.53901033678979
3.769611009501554
4.114918286842618
4.358225333472309
3.999389743806138
3.7369905788107385
4.283625141554735
4.758213845383996
4.412846683410651
4.875087631699137
4.6786222197511425
4.530706492285614
4.846157725779449
4.061551024258193
3.288509595798677
4.553085655066426
4.097490671360502
4.530706492285614
4.459718572949595
4.566278581099826
4.309671400788894
4.114918286842618
4.632857972258151
4.88722284484899
5.019759713839786
4.850439509724088
3.957227088362969
4.698752253007323
3.999389743806138
4.589627924793623
4.547965757461228
4.387130571558567
3.7131573441198915
4.690465132005864
3.7131573441198915
4.334266526417489
4.3886729821514425
4.334266526417489
3.6172202731929706
4.356822517041056
4.107097655521228
3.6796516148990683
4.978001727380449
4.88722284484899
4.334266526417489
4.213273820695364
4.217936175407207
4.955335478030881
4.018428580248926
5.019759713839786
4.735999478757439
4.4054290892817045
4.452941797092017
4.024002964823991
4.515372498918464
4.377460972834469
4.783367223510819
4.978001727380449
4.896656583749693
4.16056943521288
4.896656583749693
4.176180323167336
4.459718572949595
4.978001727380449
4.702333404454662
4.690465132005864
4.315856636865167
3.9162597741675884
3.756953572654939
4.328297352890417
4.509196143587617
4.370173344114473
4.41785100853828
4.393186892964881
4.318401966342016
