0.779847136966
0.585675237114
0.338990824577
1.0
0.416734225914
0.684530872737
0.676455428635
0.688861449691
0.0
0.306571132863
0.280685610289
0.353474270741
0.36260484566
0.0539198523861
0.91699366241
0.578210768092
0.592980156507
0.0
0.0440356423845
0.539262020828
0.690797519119
0.780575233922
0.726052048862
0.605195038859
0.696703062036
0.667770382813
1.0
0.370591750297
0.629300114067
0.820072185004
0.540490821381
0.72172391547
0.865373859557
0.533845587464
0.34295127593
0.704858010624
0.761099575713
0.762568664688
0.0288498672396
0.586613740233
0.693304253425
0.383149514795
0.756364676864
0.664680060759
0.530262975976
0.779847136966
0.0958164804886
0.36260484566
0.772084830821
1.0
0.664680060759
0.728784092606
0.571125372186
0.362111841702
0.703589964739
0.6097231365
0.690816550167
0.762627633512
0.595420670222
0.755875353485
1.0
0.338157653507
0.0288498672396
0.73903432844
0.541078115461
0.679293896555
0.495267862189
1.0
0.636185356214
0.8
0.424664527996
0.87241367649
1.0
1.0
0.837148502618
0.0
0.790286670144
0.697220271789
0.563950369365
0.539714966284
0.704858010624
0.636185356214
1.0
0.350732966007
0.736529278676
0.294521110727
0.705747637513
0.725065613916
0.87241367649
0.563950369365
1.0
0.31897199567
1.0
0.736529278676
0.896840076232
0.469231295018
0.756883444744
0.365861612404
0.637530843266
0.389020791288
0.517519364347
0.764072503912
0.687971132481
0.0288498672396
0.644384340621
0.412790929136
0.72172391547
0.671262458635
0.756364676864
0.518572040779
0.516961258173
0.756883444744
0.866922602056
0.104468320306
0.687971132481
0.689945697349
1.0
0.6722765589
0.478518915083
0.516902789819
0.37612885183
1.0
0.0288498672396
0.228857062549
0.386856476452
0.539783175051
0.6722765589
0.620458296426
0.0288418833141
0.500276063664
0.62908837473
0.587805851188
0.715758789675
0.684530872737
0.536271661792
0.383351060572
0.386302210061
0.463279702217
1.0
0.66813011092
1.0
0.68250868674
0.759644296957
0.780575233922
0.401549917519
0.306571132863
0.69010676013
0.781665659262
0.723268608647
0.727750255115
0.717013918366
0.772084830821
0.69010676013
0.599089924513
0.599089924513
0.766951182796
0.815563889796
0.535918528323
0.68250868674
0.527361455054
0.383149514795
1.0
1.0
0.644822150769
1.0
0.741106370209
0.352599522078
0.540904252906
0.311436738413
0.715251979724
0.215529594857
0.361038721793
0.825947103194
0.787626491119
0.850097028243
0.0
0.477693698829
0.73903432844
0.724896859666
0.762568664688
0.590310503125
0.838390472836
0.538464513728
0.636185356214
0.569705923058
0.732662848455
0.0
0.527361455054
0.728784092606
0.859374561901
0.833492801481
0.636920196062
0.712926180715
0.850097028243
0.595420670222
0.533663137698
0.627988974207
0.527361455054
0.0
0.718439035303
1.0
0.0288498672396
0.832958478203
0.732977731206
0.757728226532
0.593630960846
0.619010424088
1.0
0.753440084187
0.49486297525
0.324529223129
0.495267862189
1.0
0.0
0.664680060759
0.540994242062
0.68070335914
0.285118649318
0.828119951368
0.677862849251
0.814997414687
0.779847136966
0.059314832771
0.87241367649
0.678004297651
0.542189520347
0.790286670144
1.0
1.0
0.49486297525
0.725065613916
0.540957825609
0.743327513702
0.18201393315
1.0
1.0
0.350732966007
0.678110225692
0.628588353257
1.0
0.896840076232
1.0
0.834007500816
1.0
0.451945946242
0.0
1.0
0.567369149204
0.540176850962
0.540490821381
1.0
1.0
0.602360801447
0.367865799691
0.838456756078
0.369060236336
0.298301503376
0.697220271789
0.682569875409
0.704858010624
1.0
0.36260484566
0.790286670144
0.18201393315
0.523611938088
0.651114459522
0.75
0.737711855456
1.0
0.559280826105
0.533452771227
0.527361455054
0.66149890317
0.727672598925
0.683503511349
0.62908837473
0.60445843265
0.858307893746
0.530575233922
0.322557560559
0.741635277113
0.6722765589
0.575083218408
0.765387956223
0.416488888571
0.731686849799
1.0
0.715775327303
0.104468320306
0.806930898919
0.718737798343
0.6722765589
0.627988974207
0.754610535809
0.527361455054
0.572157897483
0.321429073743
0.790286670144
0.26830388346
0.790286670144
0.725124870836
0.761061096403
0.528051090302
0.536100649627
0.56683560125
0.589399224235
0.631727170408
0.687971132481
0.404185123493
0.6722765589
0.741298963281
0.705386880806
0.588429555925
1.0
1.0
0.597505213964
0.389020791288
0.865373859557
0.525321595429
0.0
0.63889582677
0.687971132481
0.727672598925
0.716165720513
0.485451951321
0.511014492531
1.0
1.0
0.170844607568
0.725065613916
0.595222975731
0.633501200874
0.762617739793
0.657166827883
0.0
0.768059664546
0.744293889912
0.522897433922
0.610178665234
0.763240084703
1.0
0.779847136966
0.779847136966
0.528193277827
0.351556681557
0.376487971496
1.0
0.451945946242
0.384285810555
1.0
0.688861449691
1.0
0.688861449691
0.802153634629
0.636185356214
0.850097028243
0.538735031503
0.760830539695
0.525113080279
0.425151136011
0.678937108849
0.536534212184
0.715992218093
1.0
0.605195038859
0.859727777017
0.527361455054
0.756883444744
1.0
0.725065613916
0.866922602056
0.493827270692
0.617508655111
0.6
0.759976549613
0.361038721793
0.0296925912897
0.815475198964
0.104468320306
0.369060236336
0.6097231365
0.376586495234
0.589399224235
0.705747637513
0.815475198964
0.589399224235
0.756364676864
0.495267862189
0.705747637513
0.274228141385
0.433691040437
1.0
0.321990730047
0.590378452986
0.754593713299
0.37349756484
0.0802050655175
0.330043693603
0.853521109901
