4.0072895
4.9908164
3.988908
4.5348847
5.1042171
3.7374328
3.9187932
4.7850994
4.3584699
4.6935789
4.0401576
4.3774817
5.0532888
4.1071653
3.7076574
5.0913678
3.8465812
4.4638539
4.8345749
4.9473546
3.6217892
5.0978826
4.2468962
5.0978826
5.1010547
3.7441517
4.1129081
4.2416526
4.4587053
4.5621318
3.5445334
2.2082635
3.5110633
3.8107154
4.4367686
5.0793607
2.997841
4.1004816
5.1089818
4.7299552
4.3152348
5.0978826
4.8275249
3.8324394
4.0859227
4.5332743
4.6406241
3.706683
5.0978826
5.0080298
5.0913678
4.8910012
4.0888786
3.7484233
4.0809692
4.4334495
4.7379119
3.947431
4.7422174
5.1010547
3.9744422
4.402874
3.9261564
4.7299552
4.4748551
3.9294997
4.6406241
4.6406241
4.0768354
4.5197641
4.3616748
4.4634113
4.8275249
3.3584142
4.7356065
5.1010547
3.7099575
5.0913678
4.7312089
4.1886533
3.9261564
4.6380437
4.5557609
5.1042171
4.5370784
5.0913678
4.7299552
4.2584604
4.7216074
5.1010547
4.8363934
4.4583087
3.4275892
4.8054956
3.5111556
4.6121458
4.2584604
4.1449794
4.7422174
4.2774167
4.2775941
3.7620529
5.1042171
4.7062981
4.4714474
4.7519302
3.5198304
5.0913678
4.7062981
4.3537196
4.2862273
4.7977799
5.0913678
3.9437532
4.492722
5.0978826
4.2729253
4.7977799
3.7581635
4.286843
4.7568554
4.7240701
4.7299552
4.5520082
4.7379119
4.8040865
3.5708036
4.5339798
4.5557609
4.2584604
4.7331934
3.3904805
4.8472676
3.9422421
4.2650426
4.7977799
4.5557609
4.265008
4.8345749
5.0025533
5.0913678
4.5391104
3.716259
5.1042171
4.1119618
5.0080298
3.5217986
3.4201016
4.4049997
3.5244054
3.9422421
4.7379119
4.9284157
4.7379119
4.5299414
4.6135697
3.3238981
3.8962914
3.3901321
5.0913678
3.564203
3.5127498
3.6727801
4.4714474
3.6647873
4.5421799
4.3183575
3.4010257
5.1010547
3.3543903
3.9134764
4.7062981
3.8811064
3.6664027
3.7996884
3.4019667
3.9320281
4.0336917
3.370292
3.94597
5.0978826
4.7062981
4.3479256
3.9026139
4.4344982
4.4669548
4.7977799
4.2108831
4.4036539
4.6486243
4.0855762
5.0913678
5.0913678
4.7299552
4.6544735
4.6821364
4.5373337
5.1136152
4.8766163
5.0913678
4.7422174
5.1010547
4.4648469
5.1010547
4.7299552
3.6647873
4.0243384
4.1615663
4.0159708
4.2308322
4.7379119
3.9437532
3.5830048
4.5041701
3.6339755
4.1615663
5.1042171
4.1650133
3.9292218
4.006981
3.465733
3.8905155
4.1566001
4.2662896
5.0913678
4.2584604
3.7706965
4.6151726
4.8345749
3.9579814
5.0977145
3.7538112
3.5923186
3.8322562
4.7299552
4.4592841
3.8033109
3.6973867
4.5774617
4.618973
4.0244453
3.6224283
4.0444023
4.7422174
4.277878
4.9908164
4.2078609
3.693588
4.6935789
4.1631113
3.7874714
5.1785626
4.3865106
4.9651599
4.5188983
4.0956541
4.207645
4.0855762
3.492375
4.0167945
5.1852193
4.1615663
4.5557609
3.492375
4.8345749
4.3732412
3.0598014
3.2775946
3.3863257
4.4648469
4.4587053
4.6425533
3.9422421
3.5195443
4.1199491
3.1227818
5.1042171
4.348006
4.5675363
4.5370784
4.4413299
4.2744834
4.7062981
4.4918587
4.2584604
4.6599048
4.4714474
3.4019667
3.4436989
4.5557609
3.8165813
5.033369
4.2433513
4.6821364
3.409228
2.2056548
4.2854162
4.7200708
4.4648469
4.4639621
4.7422174
4.2037744
4.4688477
4.1615663
4.5087026
4.457374
4.5370784
3.5487029
4.9908164
4.6087451
4.7030907
4.212877
4.7062981
3.3904805
2.1687121
4.5273822
4.7053214
5.1010547
3.9410929
4.3335837
3.7874714
4.5198434
4.0292124
3.9496317
4.7886052
4.2138237
4.7977799
4.7422174
4.0855762
5.0978826
5.1089818
3.9283542
4.1241806
4.7977799
3.9068825
3.0503498
4.2422836
4.8910012
4.4310516
4.4512642
3.7117804
4.7062981
4.7299552
4.4486948
4.754198
3.7835074
4.2584604
4.4036539
4.4783815
4.6935789
5.0574031
5.0913678
4.5370784
4.6821364
3.7191422
3.7644492
4.4120392
3.5025315
5.0978826
4.457374
5.1042171
4.7379119
5.0913678
4.5743748
5.0978826
4.4680987
4.1615663
3.2462825
4.2584604
5.1010547
4.5557609
4.0550723
3.5370064
4.7379119
3.0957322
4.108256
4.8984379
5.1042171
4.7030907
3.5217986
4.2212291
3.955574
3.6413683
3.8786459
4.7664558
3.5252046
3.7874714
4.4890108
4.1253559
3.5280575
3.7334305
4.7240345
4.1501576
5.0075712
4.7216074
5.0913678
4.5373337
4.0089132
3.1324621
4.3061292
4.1940265
5.0913678
4.5557609
4.8363934
4.021362
3.7874714
4.0897204
5.0978826
5.1010547
5.0080298
4.4747215
4.1914836
4.1701704
4.4332092
1.7556748
3.6957279
3.7399263
4.5277962
3.7399263
4.4714474
4.1599185
4.4684223
3.5084112
4.7062981
3.7625972
3.2320457
5.1042171
5.0978826
4.4714474
3.7588332
4.4432113
5.0861059
3.6547666
5.1010547
4.5743853
4.4815266
4.594381
4.75213
4.1779625
3.9354704
4.9908164
5.1042171
4.7977799
4.4692856
4.7977799
3.8498927
4.5370784
5.1042171
4.5098567
4.5299414
4.0244453
3.4117018
4.1819636
4.0351202
4.3370595
4.3528288
4.2584604
3.80771
4.0855762
