4.0676232
2.5493232
1.660271
5.054963
3.3658128
4.5763841
4.5384716
3.8159963
3.8927753
1.1461039
1.63
2.3975921
2.1574262
1.8039296
3.9680194
3.134501
2.9388501
3.1389391
0.3900222
3.2366286
3.9352749
3.8964504
3.6564931
3.6723227
3.3606538
3.6181875
4.2347907
1.8793578
3.3775277
4.0677868
2.9215603
2.9965919
4.2543899
3.6650185
1.7675208
3.314792
3.5038167
3.4857878
1.8102325
2.6662479
3.9236178
2.6971585
4.1016344
3.630051
4.3842651
3.8544856
0.55949207
2.1574262
4.7728238
4.4558025
3.5169967
3.5495105
3.4680339
2.3114219
3.7756148
4.8668645
3.9129002
3.9732598
3.1452692
3.1379231
2.4423932
2.5961086
1.8108541
3.8136903
2.635403
3.0435652
3.5617836
4.2021963
4.1262494
4.2155176
1.8535344
3.9296379
4.6166248
4.36466
3.3813364
2.0430131
4.4865599
3.9647696
2.7924847
3.1030325
3.314792
4.0284379
4.502689
3.8652661
3.9125763
0.99231583
4.9755393
3.9300204
3.8356926
2.7924847
4.670086
0.43784689
4.4520253
4.0453635
4.2425431
2.2200449
3.693802
0.75708213
4.134371
1.7609915
2.3528221
4.4919876
2.4309345
1.8102325
3.665124
2.6872991
3.5884135
3.781832
4.1016344
3.090171
2.61203
3.9738182
4.3674694
0.41018333
2.4309345
3.7372013
4.2009601
2.7958718
3.984414
1.7618912
3.1467085
4.3767897
1.7672381
1.9386677
2.6816966
3.657932
2.8064469
2.7205092
1.3477109
3.9076134
3.787535
3.0175936
3.9560238
4.244921
3.5702202
2.888104
2.2678647
3.34492
3.6946989
1.9493794
4.4586225
3.607554
1.8300304
3.863928
1.3885561
1.1461039
2.3075059
4.374499
4.0640297
3.6252874
3.2027436
4.7924124
3.4344403
3.170537
3.4796346
3.8109057
4.1241989
3.9086639
3.5404684
3.7073142
2.7133707
4.3070131
3.8635708
3.7823939
4.490962
3.8024727
2.5905359
3.1019894
2.7670788
3.8797939
1.5066784
2.5775308
4.246164
3.8708701
3.3973676
2.9072313
2.904618
3.7410098
3.8921877
3.4857878
2.7724741
3.4845749
3.8263893
4.0563932
3.6739221
3.7786668
3.7465337
4.0092018
3.5388799
3.9679005
4.4407469
4.5713765
3.5644242
3.3973676
3.069414
3.13565
3.5309367
3.7073142
2.8009702
3.670182
3.8930994
1.8102325
3.9241951
3.7504103
4.0790351
3.5058808
3.6070982
4.0635725
3.1134204
3.5674738
3.91117
3.4865434
4.2347907
3.4407074
3.5169967
2.2531979
4.2786751
1.5216738
3.978386
1.7617055
4.3217475
3.8544856
1.7760062
3.9119829
3.0186688
3.4975838
4.3495257
4.063617
4.4520253
3.6007738
3.9300204
3.8191126
3.5951876
2.5257486
4.3436521
3.7846033
3.911946
3.4410205
3.9168773
3.7751488
4.2491039
4.4382144
4.1789102
4.4520253
3.5406099
4.1936447
4.1725543
3.3142132
2.3976692
3.0827532
4.4053172
3.8930994
3.9991834
0.98701636
3.8195622
2.395686
2.9715347
4.0082774
3.9389265
3.2514246
4.2770722
2.103118
4.352683
2.5257486
2.7456545
3.6093045
4.4426369
3.3294575
4.4520253
3.6502932
2.7724253
3.7073142
3.9347406
3.4961374
3.6539175
3.739049
1.7039231
3.8834903
2.2521181
3.7858428
2.7093426
2.8064469
3.6409144
4.3539009
3.4981558
3.6020532
4.2347907
3.4747764
0.41018333
4.1678078
3.7134754
2.7958718
3.5848462
3.331506
3.7073142
4.7578304
1.3637347
4.3495257
1.6665996
4.3467573
2.4682073
3.0989042
3.1703202
3.499599
2.7296194
3.4971508
4.5760683
2.4309345
3.1314211
2.8064469
3.6046521
4.8986871
2.8587534
4.1149546
3.4778257
1.9929651
1.7609915
4.2010489
3.464517
3.9573791
3.6346557
2.4309345
3.4372613
3.4549151
2.5141844
2.6400332
3.8930994
4.4520253
1.759164
4.0593398
2.6577431
4.368017
3.0176228
3.5605255
3.4701709
3.7046031
3.74213
3.4395127
2.7941092
3.1699372
4.1844751
3.8544856
3.8544856
1.827081
2.8827132
2.916158
3.4778257
3.5271337
2.6840535
3.8930994
3.9200541
4.36466
3.6948947
3.5188395
3.8196152
3.9042718
3.1723067
4.4899414
3.6325634
3.1406551
3.1581646
2.7787141
3.9985224
4.2347907
3.765591
3.7221239
3.7073142
3.8050021
4.063617
4.0593398
4.3674694
2.3510204
3.2423936
3.9639692
3.4368141
2.4796296
1.4538477
3.8140987
0.41018333
2.3524835
4.8231235
3.8118884
3.4971508
5.0220081
3.8628874
3.4647433
4.1016344
3.5617836
4.8990807
0.9760984
2.4975607
3.8930994
0.91900991
3.2253069
3.8157403
2.195933
1.8972752
0.95136312
3.1803797
