4.089
5.141
4.271
4.273
5.023
3.593
4.079
4.895
3.782
4.18
3.53
4.511
4.752
4.307
3.536
4.305
3.855
4.897
4.919
4.664
4.093
4.878
4.481
4.878
5.006
4.221
4.054
4.528
4.665
4.475
3.614
3.967
4.179
4.103
4.356
4.837
3.614
3.909
5.033
5.006
4.137
4.878
4.979
3.427
3.816
4.191
4.303
4.468
4.878
4.712
4.305
4.954
3.942
3.816
4.052
4.89
4.8
4.287
4.946
5.006
4.162
4.809
3.808
5.006
4.628
3.656
4.303
4.303
4.288
4.775
4.792
4.317
4.979
3.34
4.949
5.006
3.929
4.305
4.731
4.926
3.808
4.456
3.69
5.023
3.671
4.305
5.006
4.059
4.497
5.006
4.853
4.355
3.701
4.914
3.124
4.321
4.059
4.064
4.946
4.108
4.353
3.894
5.023
3.788
4.418
4.443
4.511
4.305
3.788
4.601
4.135
4.808
4.305
3.719
4.888
4.878
4.274
4.808
3.725
4.688
4.55
4.949
4.706
4.837
4.8
4.913
3.454
4.714
3.69
4.059
5.069
3.469
4.982
3.932
4.516
4.808
3.69
4.27
4.919
4.684
4.305
4.12
3.653
5.023
3.599
4.712
3.453
2.945
4.622
3.96
3.932
4.61
4.786
4.61
5.146
4.678
3.165
4.357
3.272
4.305
3.14
3.444
3.579
4.418
3.492
4.646
4.17
4.312
5.006
3.924
4.889
3.788
4
4.487
3.415
3.848
4.106
3.982
4.432
3.932
4.878
3.788
4.582
3.334
4.711
4.604
4.808
4.361
4.642
4.888
4.545
4.305
4.305
5.006
4.233
4.233
4.345
5.073
4.853
4.305
4.946
5.006
4.61
5.006
5.006
3.492
3.695
4.082
3.543
4.169
4.8
3.719
2.578
4.198
3.587
4.082
5.023
4.864
3.856
3.803
3.469
2.745
3.752
4.089
4.305
4.059
3.598
4.202
4.919
4.124
5.006
3.633
4.461
4.374
5.006
3.797
3.685
4.03
4.431
4.391
4.909
4.006
4.119
4.946
4.58
5.141
3.687
3.984
4.18
4.02
3.645
4.667
4.538
4.208
4.391
4.05
4.488
4.545
4.144
4.454
4.853
4.082
3.69
4.144
4.919
4.469
2.891
4.149
3.955
4.61
4.665
4.542
3.932
3.587
3.613
2.986
5.023
4.25
4.16
3.671
4.473
4.027
3.788
5.182
4.059
3.925
4.418
3.848
3.116
3.69
3.672
4.535
4.776
4.233
3.441
2.2
4.872
4.556
4.61
4.926
4.946
4.877
4.486
4.082
5.138
4.183
3.671
4.301
5.141
4.702
4.85
4.714
3.788
3.469
4.175
4.264
4.051
5.006
4.573
4.489
3.645
5.157
3.606
4.145
4.44
3.648
4.808
4.946
4.545
4.878
5.033
3.753
3.617
4.808
4.927
3.011
4.533
4.993
4.829
4.841
4.003
3.788
5.006
4.284
4.946
3.623
4.059
4.642
4.225
4.18
5.008
4.071
3.671
4.233
3.515
3.882
4.117
3.02
4.878
4.183
5.023
4.8
4.305
4.329
4.878
4.547
4.082
2.915
4.059
5.006
3.69
3.713
3.97
4.8
4.145
4.24
4.829
5.023
4.85
3.453
3.803
4.252
3.874
4.191
4.9
3.786
3.645
4.774
4.085
3.158
4.131
5.072
4.092
4.8
4.497
4.305
4.345
3.888
3.521
4.511
3.972
4.305
3.69
4.853
3.827
3.645
3.899
4.878
5.006
4.712
4.243
4.52
4.085
4.896
4.068
3.997
3.512
5.146
3.512
4.418
4.422
4.401
3.451
3.788
3.492
3.29
5.023
4.878
4.418
4.254
4.65
5.028
3.533
5.006
4.372
3.784
4.555
4.725
3.755
4.6
5.141
5.023
4.808
4.483
4.808
3.791
3.671
5.023
5.153
5.146
4.909
4.436
4.002
4.32
4.646
4.1
4.059
3.912
4.545
