1.8203446430658028
4.593284429077772
3.3659012951778777
2.757677044891599
3.9385864890444617
1.4644152079713877
2.4178994670513267
3.241746501080808
2.257348542362548
2.7203856086657527
2.803418326127244
2.7429897321891508
3.934758045960745
2.510332758251109
2.1688040246560156
3.9385864890444617
1.8491002015527598
2.3215147629449033
4.0004223214158445
4.373226972561206
2.402689554047507
4.593284429077772
2.354094276091125
4.593284429077772
4.593284429077772
3.3520027014670086
3.4208202877537452
2.2820597842717607
3.1224835334175944
3.0701753609680544
3.1256078350598084
0.7142140901747536
2.7850460478418615
2.2969982119472823
2.9423493046843383
4.3314873154575615
0.8608214806695669
1.8969433226809242
4.593284429077772
3.4462444038338544
2.7475335302163284
4.593284429077772
4.270784557173621
2.207965856752466
2.5950189498810605
2.7203856086657527
2.480753931834977
2.661721615929596
4.593284429077772
3.934758045960745
3.9385864890444617
4.348168358987197
1.6298381373499646
1.3947803755115449
2.4684061142394356
2.2705552406830414
3.6764097543264267
2.2016503532029166
3.9022151405274004
4.593284429077772
2.77319100932427
3.9322344014331954
2.266229501821602
3.4462444038338544
3.437962794319681
2.598313876263723
2.480753931834977
2.480753931834977
3.6115778069481355
3.8139079977467496
3.554505094887265
3.6412671305684237
4.270784557173621
1.2502155006220335
4.028848323913416
4.593284429077772
3.304232169482603
3.9385864890444617
3.8627364930693657
2.814782710563822
2.266229501821602
1.3323775854347109
2.3622534060816625
3.9385864890444617
2.363078484441945
3.9385864890444617
3.4462444038338544
1.896736009580162
4.48986080505595
4.593284429077772
3.1095867899025738
3.545429027908705
2.9604180091111125
4.0004223214158445
1.2802499463454038
1.3323775854347109
1.896736009580162
2.678667573704182
3.9022151405274004
1.9581213002456215
2.5368508618845818
1.613350217373059
3.9385864890444617
3.4354692363271733
3.537276880210962
2.8836653329535755
2.7857046972221973
3.9385864890444617
3.4354692363271733
3.2274251465641877
2.5883104531160575
4.433253378619193
3.9385864890444617
3.362774956794074
2.309072287043433
4.593284429077772
2.639174426720613
4.433253378619193
2.580875478814205
1.9982699192634217
3.791851887780772
3.9693702795757915
3.4462444038338544
4.4084009181674695
3.6764097543264267
4.0004223214158445
0.5708199077005194
2.3900544817519336
2.3622534060816625
1.896736009580162
4.10863519896635
1.6469559566293717
4.270784557173621
3.3176366626904548
2.9531142347641968
4.433253378619193
2.3622534060816625
2.3446896472285177
4.0004223214158445
4.201685909197978
3.9385864890444617
3.6575051249836967
2.7423725572613264
3.9385864890444617
2.774293830107215
3.934758045960745
1.2783402623556444
1.1706297173743008
3.1224835334175944
2.3783744276926937
3.3176366626904548
3.6764097543264267
2.4318021647517076
3.6764097543264267
3.8861319009334014
2.8794214394100015
1.6238917067624612
2.4409798765918405
1.5513210486546531
3.9385864890444617
2.0196430692920844
1.5242426051216198
2.922368465915751
3.537276880210962
2.9105875815908435
3.3677599419453585
2.6986599541285097
1.7517175673513268
4.593284429077772
1.7737817243127958
3.0756098201741953
3.4354692363271733
2.84769695482865
2.8258196335503767
1.5563833427249325
1.930905230304853
2.3715092462959344
3.1158414475748986
1.7912836363465419
3.3176366626904548
4.593284429077772
3.4354692363271733
3.1224835334175944
2.2690213514373054
3.3379178604982407
3.1149789820471687
4.433253378619193
3.0181297398165245
2.990774986997492
4.4084009181674695
2.669438462962093
3.9385864890444617
3.9385864890444617
3.4462444038338544
4.136353857139594
2.647945303568024
2.8713346195938243
3.7496455009031777
4.2269095210723835
3.9385864890444617
3.9022151405274004
4.593284429077772
3.4006870251065155
4.593284429077772
3.4462444038338544
2.9105875815908435
2.7742548449672126
2.652031327279766
1.882074019982834
2.367809384387547
3.6764097543264267
3.362774956794074
1.3857985188969664
2.3743829211788503
2.414237180615033
2.652031327279766
3.9385864890444617
2.663132225739848
2.466760026797971
2.8157066968248943
2.5259496935545673
0.7459020051622771
2.5957021743025397
3.279789763968842
3.9385864890444617
1.896736009580162
2.5223315453407684
3.3274613206849004
4.0004223214158445
2.3070376856913954
3.9385864890444617
3.261835373585285
2.2777376733091907
3.399776771473622
3.4462444038338544
2.3995178427855146
0.7875692424323986
2.452722727248797
3.3418180682317615
3.4290662000461873
2.685875028138078
3.384585065464349
2.583051056388814
3.9022151405274004
3.4582415370129658
4.593284429077772
1.998310879399814
1.8167859596906004
2.7203856086657527
2.49071164556781
2.922368465915751
3.371763524620609
2.2777376733091907
3.934758045960745
3.218282770680271
2.1679484627276286
2.6877169483109284
2.669438462962093
1.1707501495327768
3.392663962996118
3.3717635246206097
2.652031327279766
2.3622534060816625
1.1707501495327768
4.0004223214158445
2.4734039703682074
0.5807511150460165
1.0668392430606195
1.0186495899383576
3.4006870251065155
3.1224835334175944
2.9100534735491905
3.3176366626904548
1.6499215881963885
1.8678685946129965
0.4047594688296732
3.9385864890444617
2.7475335302163284
2.66617302205894
2.363078484441945
2.4802507751068097
2.4497555431206717
3.4354692363271733
3.7632298912153335
1.896736009580162
3.1791082358648355
3.537276880210962
1.930905230304853
1.2802499463454038
2.3622534060816625
1.7014416691875611
3.9385864890444617
3.0387740722695513
2.647945303568024
1.2783402623556444
0.08664446403803917
3.8471201960302572
3.831866807364227
3.4006870251065155
2.386501024021456
3.9022151405274004
3.3759032910839455
2.4802507751068097
2.652031327279766
3.8861319009334014
2.6382768678869173
2.363078484441945
3.371763524620609
4.593284429077772
4.154170805715699
4.11422166261807
3.107984060701104
3.4354692363271733
1.6469559566293717
0.8508016568938082
3.482814377982068
2.8008960181501017
4.593284429077772
3.112510653470598
3.572990769918597
2.922368465915751
3.8317332675690894
1.8614802677184077
2.8363250803379447
1.5798948140113702
2.9971806177373574
4.433253378619193
3.9022151405274004
2.669438462962093
4.593284429077772
4.593284429077772
2.598313876263723
2.908630264062844
4.433253378619193
3.375610796636254
0.39385993079381937
2.3390004115450713
4.351872390575948
2.319157657817189
4.080725867191802
2.452722727248797
3.4354692363271733
3.4462444038338544
2.866052291070405
3.9225744320781253
3.261835373585285
1.896736009580162
2.990774986997492
3.745870338723159
2.7203856086657527
4.593284429077772
3.9385864890444617
2.363078484441945
2.647945303568024
3.292646741747272
1.7873472125512397
2.564368451602334
1.2709916121089464
4.593284429077772
2.6382768678869173
3.9385864890444617
3.6764097543264267
3.9385864890444617
2.8072349858045786
4.593284429077772
2.3303681820102664
2.652031327279766
1.236786184701037
1.896736009580162
4.593284429077772
2.3622534060816625
2.5847003035858593
2.3736352149070115
3.6764097543264267
2.358593375432033
2.5273997407290762
2.4097197304843396
3.9385864890444617
4.11422166261807
1.2783402623556444
1.0472908221484964
3.411380539216788
3.304232169482603
2.808787832212401
4.0004223214158445
2.892195774725356
2.922368465915751
3.1224835334175944
3.349371974567763
1.2798990202456848
2.402689554047507
3.937498619998057
2.962863110450125
3.9385864890444617
4.48986080505595
3.9385864890444617
2.8713346195938243
2.0166264581611957
0.24792983328668705
3.2454130561586627
2.9561137033572376
3.9385864890444617
2.3622534060816625
3.1095867899025738
1.374034641879392
2.922368465915751
2.354169688395941
4.593284429077772
4.593284429077772
3.934758045960745
2.8766229510403862
2.7552632890078224
3.349371974567763
1.7752775373057335
3.1662212912639562
3.428276200214354
1.298895976398388
3.8861319009334014
1.298895976398388
3.537276880210962
3.0144106508694355
3.537502494986631
1.3211382308346884
3.4354692363271733
3.2311797581723205
1.2783402623556444
3.9385864890444617
4.593284429077772
3.537276880210962
0.6623402562656089
3.1224835334175944
4.593284429077772
1.5774721695185154
4.593284429077772
2.57658913632733
2.3008985549496828
3.4599461661501953
3.3533050066093306
3.386525116675923
3.087250981444768
4.593284429077772
3.9385864890444617
4.433253378619193
2.788459338100716
4.433253378619193
2.185878638249916
2.363078484441945
3.9385864890444617
3.8317332675690894
3.8861319009334014
2.685875028138078
2.2353233206578524
2.216530160769924
3.0884634577284977
2.685250903785077
2.597718510766681
1.896736009580162
3.066107516629808
2.669438462962093
