3.2818599831672
1.56078655629304
3.585363313818749
4.305849668775797
3.618585045297778
3.27838102993622
4.0765365433688325
2.859384867545896
3.996715561407882
2.4416833703311203
2.729384299230715
2.689924766669228
2.042932587860312
1.4136665668009458
0.797888950012628
3.8053313534758275
1.9759755639557182
2.1581862223370014
2.099504881202094
3.6329044839384204
4.146113875015391
1.892266392401453
2.341651046886085
2.5383947934707396
3.6109930740498393
2.824100900270217
1.5281947345480522
1.9495833996127878
3.654218513808368
2.7277136313856607
2.344496486501869
1.9093791479427804
2.7404000882865547
4.072307529181977
4.3219862588777715
2.3246208248903613
1.899295296524326
2.9805821810560995
1.8056175770561598
3.594294530128642
1.7809373313846324
3.1214066788555286
1.809532166183743
2.0438224553170596
2.7407562058557886
4.294107689377652
3.013837761901734
4.286887351971251
4.199404386293642
1.8779968863845435
4.046566494493584
4.418109730035884
3.8016684998332613
4.079869204408602
4.004356943157717
4.238392578058405
3.8704110944010575
3.8848548443998068
2.026698690519834
1.8199133142384012
2.247486275398895
4.2048194017017035
4.183005733831222
0.6283579239915076
1.896726662718958
2.228858906112369
2.0550712878030106
2.5149241373213846
3.7272101721638946
2.91299483618213
4.18117110095345
3.8722829979947533
1.3628292668612327
3.3536297151460115
4.528481212127357
2.8832124659414378
0.7810920670531774
1.3875584492104678
3.818679476258775
2.308225228521821
4.14049671823891
4.023055920251339
3.494169308635839
1.19771895112573
3.149699410739066
3.0996167997647897
0.038430494483346234
3.2972085522424397
3.426181909442905
1.852726605521376
3.4332036569738626
3.85095782383675
3.024675716539612
1.7151392841897892
3.6483712008844615
2.3178490858600274
2.652112686106716
1.5227046130780428
4.311778533803139
1.6146559607241353
3.6939973278867777
3.0349995276302892
1.2834086764944592
1.6004001267125796
2.0220467439361904
2.5333675169706096
2.099463614924327
3.9873300659418005
4.035238776779162
2.7616775780564615
2.9804093730160277
3.5978842358232996
1.965769604478122
3.9398989746451996
2.986314977992849
2.0871775227994123
1.8145167234728876
1.9567350222552469
3.184390077122061
2.072342446361868
1.9336165391497735
3.816597785886658
0.7365932027890887
2.975979094067922
2.269139170763502
2.83941258525923
4.528660154574041
0.6188338294316522
4.327962711167547
2.691625949981937
4.424746237276748
4.283161702118577
3.5541561048752963
1.092484610235165
3.649620295713219
4.061106231545556
3.287994886799309
3.7623059911791064
3.6044628627643043
3.0544984697464663
3.6865973404254313
2.5178978219523604
2.718181942291804
3.487404759384835
2.6856943528322015
3.964600788760322
1.1786857539894813
2.3251939781417525
2.4599954304405705
4.383942210494242
2.2701069213103553
1.2330449023937262
2.0529444437463362
1.9141934106895002
2.4728584261516846
3.8509089674975336
2.882884558913763
1.7764692172432086
4.359884938059511
0.5033277287805609
1.569814079056599
4.00150583757398
2.6177253982482056
2.4390342108480207
2.918724257049242
3.527066513549857
1.7845250366783225
3.949839495391237
4.614309042655154
2.6618008179421615
2.246503602307495
2.8665854498961822
2.3547603640551666
1.8491287911159917
3.5790441250444354
3.4715541993634
3.443536351810585
1.464093676122889
3.7625893714002956
3.666384904310726
2.943867560043059
3.025134168519676
3.5883523837838016
4.051682992039281
1.082228542050753
1.3468129031450013
3.729482452981252
0.8316199882772466
2.8309575360394437
3.7207056133507965
2.546437463339504
3.78111903229366
1.4392170597149638
3.798923167596614
2.5892781387652413
3.56848240820658
1.7801326213230348
3.8140205331862305
1.908651760674689
4.300788715193514
4.279229516420389
2.7872608776900734
0.778735499020307
2.307151800632666
3.3260583444040543
2.61157110801797
2.6721644113353205
1.7955405121627508
0.41053794191201387
1.2084739907716007
1.8382271526104978
2.9579476181274287
2.3002161716711207
2.1482298048476323
3.7225771262803025
3.5912090248041264
3.1553241972328956
4.07990753318347
4.075549777157494
4.233009877162072
3.1689172052863777
2.2610810379044732
3.2319312302259156
2.936594582336297
2.2683286316751516
1.4924866109556088
1.5077389326049415
1.9160410102610965
3.09234974918357
2.1594437710386467
3.3159698245115328
2.6119550512201077
2.2568347530154815
1.9870806002016301
1.533638377281882
2.352051514426502
1.2987140283890235
3.7512766506245123
0.1895653201792813
3.4855006204520658
1.8635341518265647
1.990007096521333
2.9863920487095905
2.139750415433368
2.1696504718248804
4.3567235161942515
2.0758443838691862
4.237166542051536
4.647065481680186
2.756815157354895
2.92660504425276
4.376696829350573
4.489402162911401
4.346307010382239
3.085469554451266
3.1965557401306377
3.03827448103788
2.911651032725764
3.769967206788681
3.0018593713720487
4.421275356677475
3.1770017049534003
2.9634383762550587
4.340100388154886
3.3300078300294285
3.332503143732364
3.616469239997249
4.392128646858114
2.9288613523600815
4.403061358587895
4.554300342363674
4.165712707915486
3.6598388937272857
4.479895010684004
4.357831169053655
3.954632102432696
3.6289917065404724
4.414453135405178
3.1550299435748714
4.275360267507061
4.271779961093767
2.671248964528473
4.960542979381719
4.525738559742353
3.876866164249555
4.387652463798042
3.102934765605879
3.49063714676948
3.1715489429638075
3.9958583846838316
3.7233866686541672
4.348870115981312
2.9753891222667646
3.248144671582148
4.1998633016731475
3.0300056381166014
3.388665845060301
3.552719957835251
3.831401671962076
3.6014448077789325
4.286661709568084
4.305071873695904
2.8642160386912012
4.426182379522273
4.403494618112704
3.341901781916492
4.081929159819192
3.4624982536739135
2.4761166105734134
3.5885902035047015
2.979331183669856
3.6426949087201668
3.5453437793083094
3.5311743878772006
4.219384023017163
3.4657600356796383
2.948381861481113
4.146184689771572
4.360037236097898
3.7247042984496495
3.080933211214385
3.130665838419071
3.591638870536674
4.414574913053164
3.1202536536532057
3.174711620962966
3.5620498554285365
4.406743964408635
3.538289771429121
4.45544033296657
3.627531065362789
4.101427986766656
3.0029629414992924
4.341031926597801
3.6727824731969587
2.507521112932099
4.366495824573503
2.745515058896874
4.401459750490187
3.6392166340080987
3.5854549788094148
3.3183427164051595
4.177305745951205
4.355181849748234
3.319052497380444
4.456091746086472
3.113631604416996
3.087663635794058
3.254621876810881
4.3760165210875535
4.366944325763906
4.358463268119988
3.6009944807198737
4.366523748995395
4.434786458931108
3.260823339926067
4.418985952350664
4.493787898855979
3.4259276461836454
3.7114133136049654
3.545113434276519
4.589385553417246
3.055295977857436
3.9033366245752483
3.4673406536465405
2.2005078546705237
4.374523444045628
4.368288348759164
4.176947276160807
4.199174659215802
3.6346452181338393
4.3366578899068156
3.5857995397829305
4.400103976168046
4.207790496906452
3.6114881966255803
4.34331187542346
3.659427243632236
3.9273228221750744
3.0622957166389
4.360619496406351
4.165236636894968
3.5553064342007716
3.3119079329168035
3.1515450850352367
3.302233220307704
4.679969609018514
3.5017526469572386
4.409904633603192
4.430240464397599
4.349115581900236
3.6524011416898485
3.349021249730833
2.527350948140697
2.9136890730530878
4.036713649142134
4.497194705010207
4.314846145171767
4.308665803110918
4.495918695596056
3.408702084263148
3.990710413963403
4.392040517595372
4.3417877949866295
3.100768794586829
4.320286039929227
4.369768143856002
4.414038967948134
4.784918478838648
3.1200293702041146
4.446367884456476
3.0379705312486895
2.9926480554381607
4.285726146132075
4.4219688926964
3.077274389389615
3.3830102652408196
4.384565450789198
4.424892559639877
4.347091119085371
3.4099060862597956
3.3469631684961123
3.2413750603508524
4.83401651980463
3.4479429678177818
2.936560326014552
4.079569539576396
3.443564529247667
4.3403588013081045
3.619156992368927
2.9526739430966282
3.1778514173045385
4.354267716731303
4.485516733994919
4.438197412658599
2.857472817102596
3.5258363382549653
3.724075435596495
3.811440660159543
3.169483200963806
4.4689504200713435
3.1747364016010233
3.615075556801825
3.353850089708345
2.053879514031166
4.452835861281737
3.1195606566278467
4.274420363588144
4.165924738380387
2.9687399769055753
2.9653772605014117
2.2549808593830196
2.985032998069544
3.5477434002060475
3.5956716973527008
3.9559230764419633
4.516104033982925
4.274420363588144
3.5611474077462604
2.9688999638213467
3.423416978445557
2.7174510818434907
3.6522145254891134
3.343877202922769
3.6117173539970686
3.012293696690256
4.381110511016544
3.297562684796467
3.358197706258436
4.376421274259605
3.120979324678032
3.0830355422235485
4.438979635766284
3.410808686365339
4.38559713476253
4.380303390770788
3.5590494804552444
4.41890850480497
3.941381235535503
3.818614751405468
4.41013363169737
3.575620869367311
4.31225538612468
3.5723419240941587
4.25897177775482
4.373271447267806
2.967306005548715
2.705027798596308
3.4849829551718488
3.327875889912186
4.428327048597467
4.362762583929601
4.410139827384338
3.481533531393958
3.023765534454217
4.358563207344846
4.424743100073822
3.381031873615869
3.2413750603508524
3.4743583526638435
3.5890072019985295
3.6419107914788804
4.8847621017344895
3.2548922478635838
2.963120315701748
3.596222059077022
4.347330586449739
3.0933378774706686
4.3556296282836096
4.45726412625176
4.958550294793297
3.5239500190256314
3.7860158481913224
3.320516222001931
3.7602175158730535
2.964048855817162
2.9842975024434164
3.1426083670415434
3.6156906266352404
4.373955204063076
3.5720534338436796
3.6118011543502986
3.68015766859771
4.457377720271544
3.3830944597643744
3.0006675087738595
2.9832032741029604
4.342749468926639
4.459727902024198
4.51852967858586
4.34840428488683
3.3442236204271296
4.419161999863518
3.0891782412416835
2.9733794768708797
4.358619355532724
3.698917777468495
3.5483526148481386
4.483806223190074
4.445051510850109
3.861343320239776
4.396801199312952
4.4051077112760515
4.344267327235332
4.5506499055356295
4.028766486230983
4.345276765687078
3.700040962270238
4.347706782329321
3.0429389295964655
4.510847853400767
4.36340607429323
4.352104097770043
3.139243078398998
3.620550247805648
3.1107884668448285
3.7277063828400285
3.6014494826518573
4.449588498533431
3.1192381913331233
4.469060804104352
3.6022515098246544
4.556983538121092
3.6581471503771144
4.485397241976546
4.354079607308697
3.6072019974074028
4.363811039424181
3.729046289888159
4.340623818081974
3.6014528125356287
4.4871005367104395
3.7463080925067502
3.333290015304185
4.657620125468623
3.2327869700119995
4.424435831185531
4.360587278713687
4.080029893852794
4.35990853743145
3.514526432120373
3.6906381757459874
4.525694639858547
4.3646363977020615
4.346772980191997
3.6108960753233164
3.811715596677795
1.4823297060645528
4.77522117367651
2.9975836772979947
2.9619704097678063
4.486194704238769
4.346291983433643
2.974214084383592
3.2425275334436243
3.8266936893774828
4.367506076120675
4.422566625227532
4.344597254986446
3.5935242273480834
3.8440233544018065
4.903929341981353
3.7369371615887808
3.612198494016957
4.9892988068580415
4.982788913211807
2.978756954825015
3.7260580026151024
3.8852396989042806
3.7268180310451067
4.367040456838178
3.5873446243344853
3.074726860547488
4.38368366932321
4.1545137604629545
4.40872742581637
4.371749662018803
4.402131019313394
3.609173909900858
4.396883036273292
3.595179435181906
3.6064918516746602
3.4458959314790856
4.5726408279846416
4.258298845884216
4.952144944219772
4.310362831044431
4.39912594470249
2.977204952420589
3.7715067457803197
3.661075803230439
3.609571013526865
4.346147801508634
4.362752341902553
4.153525894732821
4.394809695613185
3.1210040185920405
4.4292898028366725
4.414281646057616
4.553150434074336
2.95999773838527
4.450123938062762
4.396907802465502
4.353161231059526
4.38378549211779
4.785747220923549
4.3549210605975475
4.342454907575881
4.863523494949596
4.339848419917087
4.340318763851038
2.969797551214849
4.368879453229701
4.502935524362039
4.3416831498049655
4.34150760546971
4.391794078911618
3.769091900005849
4.350177294278749
4.355541628842438
4.431420856840086
4.2814674550754805
3.398100213368401
3.6943896968290817
4.247746518785383
2.9646629963873994
3.5681784331845874
4.021497450115313
4.802494605753958
4.36215609514602
3.606514523018876
4.445024179366053
4.35583093802118
4.134625691970354
3.7054519714101453
4.913504901620845
4.176714500447051
2.974734469130361
4.379304131003422
3.6387439453397277
3.605053666482169
4.699002188696256
4.371439961489002
4.357377050981441
4.961203455561611
4.370627914258139
2.9668740119591077
4.4402775189699835
3.6566396439349393
4.3757111363135515
3.6113463118336377
3.0880258209496607
4.90064744735303
4.410848867151999
3.634492063382368
4.400568695663157
3.6303743329078433
4.357570730465693
3.647937859770268
4.232726613142947
3.6834063570794413
3.0135779032930365
3.61022777255692
4.356678135258772
4.353858542532404
3.6045920940904166
3.704826060324054
4.448988635218948
4.683973700509778
3.599522057715478
4.246592503038962
4.34154006939643
4.347258531280903
4.381797183247047
4.419797524105906
4.3405750241443375
3.039305690699017
4.526178146744218
4.344520376297
4.888092121254914
4.034687500525592
2.9875290891522606
4.629620110619477
3.0358710239146403
4.274998739796511
4.059488491666506
3.994506343534714
4.3740290707062215
3.6040086957475594
3.675255544744487
3.570697638021335
4.543689203186988
3.8976577053885917
4.342839028160548
3.9593091162371596
3.630622207132328
3.1248459016773884
3.5955824097415188
4.391571156717275
3.5701826458307395
4.839003144131359
4.370266172747271
4.405089407917204
4.5469422412946
4.980647067067516
2.9762174580740037
4.084937471286382
3.6375070530388873
3.894205067397873
3.698721136318954
