4.525524897392828
4.042340016514482
4.626289772546988
4.355750177249175
4.340576340309511
3.137076966725819
4.0301303340889625
4.3409993463148755
3.839928133993905
3.588021878893029
2.834504262351231
3.5351873888114964
4.449171364920283
4.6479251966238655
3.8271824874754117
3.629826741726604
2.284541918562351
4.612143405319228
3.4166326468961135
2.97430048654074
3.8068090933597607
4.398143705313798
4.003856498078819
4.398143705313798
4.899908476872917
4.588569312992391
4.629122660704847
2.7845397064956194
3.4047016822951717
4.484782967809611
3.001043764006665
4.340859226451697
4.038202544703633
3.9404933894939282
4.201071476061494
2.9887718374072185
1.8553449772898922
3.4349105155814597
3.7662134132215197
4.35545048855167
4.15754535811837
4.398143705313798
4.125397083129117
2.9530736133130406
3.4696061655042696
3.0157229886270933
4.694365321451857
4.643271608630444
4.398143705313798
4.8307030335995504
3.629826741726604
3.4778305967189813
2.9266379132268634
2.399497610668423
4.237263346443582
4.566379845723596
4.3404661397012765
3.8824828583453352
4.766082833360194
4.899908476872917
4.063500401372655
4.714272672182309
4.219560323951827
4.35545048855167
4.735478476518532
4.137652498864065
4.694365321451857
4.694365321451857
2.9523677945936226
4.647033001789678
4.34045791947277
2.8310046701968723
4.125397083129117
3.630440606655676
4.8032713885154505
4.899908476872917
2.8288997668450833
3.629826741726604
4.34663384176561
4.375011546818125
4.219560323951827
4.612650887269894
4.274662760136759
4.340576340309511
4.274662760136759
3.629826741726604
4.35545048855167
3.4149048374688378
3.9766243450052996
4.899908476872917
2.959374645388171
4.34738870712592
2.160457441923916
3.435617921559426
1.8192595314532272
4.503641346510108
3.4149048374688378
3.360090260213312
4.766082833360194
3.4955573110334357
1.999264579567986
3.5760533180238108
4.340576340309511
3.2573794552932576
4.34738870712592
4.3517132335904005
4.619763087009136
3.629826741726604
3.2573794552932576
3.218354087282211
3.110289846048238
3.6208214971260313
3.629826741726604
3.66477510895552
4.708889300109531
4.398143705313798
4.344101162860652
3.6208214971260313
3.9388734913519277
4.564024303310878
4.346506180575761
4.8032713885154505
4.348630641687997
4.4355565960661725
4.3404661397012765
3.445563096907991
3.6376585949050284
4.668749391495632
4.274662760136759
3.4149048374688378
4.794589421781272
4.103766545398121
4.134628553679027
3.0170199878007242
2.3550650983645056
3.6208214971260313
4.274662760136759
3.366371238197023
3.4166326468961135
2.9969922014739834
3.629826741726604
3.4002956939558473
3.9388734913519277
4.340576340309511
4.494409453025243
4.8307030335995504
1.677946329846805
2.256225326920446
3.4032411287689506
3.697623451542779
3.0170199878007242
4.341327131281544
4.344645875852988
4.341327131281544
3.910467690801102
4.34038378558974
1.9453234705842122
2.9640167782104863
3.704559937118416
3.629826741726604
3.9042629709170704
1.5831001037057817
3.8008702158836485
4.34738870712592
4.024539110604885
3.4333608251661336
4.215592521141364
4.311672988790174
4.899908476872917
2.542112069760301
4.321668860984801
3.2573794552932576
4.341938892694721
3.326137086420404
1.380231113828131
2.9634239559898607
4.284979237261504
4.611133957666879
2.8898246538515973
3.0170199878007242
4.398143705313798
3.2573794552932576
3.4119673365270167
4.135249042879491
4.666892531428141
4.683484262392811
3.6208214971260313
3.278904231304507
3.185962728465398
4.430989259170109
4.3653776837447795
3.629826741726604
3.629826741726604
4.35545048855167
3.190448610378658
4.3275673215596
4.704856770250751
4.344951312858934
4.187542646622566
3.629826741726604
4.766082833360194
4.899908476872917
4.702577896694869
4.899908476872917
4.35545048855167
4.024539110604885
4.11800415757639
3.676422987466312
1.8473647951830696
3.1444459538364593
4.3404661397012765
3.66477510895552
4.099413581708242
3.2495101745403874
4.196763816238507
3.676422987466312
4.340576340309511
4.510433755237768
2.524578914203119
2.834504262351231
3.8897600150734077
1.6434152288867327
4.453655189994881
4.490087542520542
3.629826741726604
3.4149048374688378
4.024539110604885
2.985784780329719
3.4166326468961135
3.9498999397101007
4.35545048855167
2.9937532242664346
4.122041204358272
4.420699415034903
4.35545048855167
4.366209309848912
3.8360883609139766
3.9021063135279936
3.2157245930766702
2.973262143218015
4.380264490484204
4.591279407288643
2.51494554060418
4.766082833360194
4.627820186274875
4.042340016514482
3.33991389607374
4.2592088091707145
3.588021878893029
3.892493764583515
3.9898324940471204
4.3671132485988515
4.0231371905046736
3.080623659063231
3.25436623795801
1.9030995275984037
2.5260463287651254
4.3653776837447795
3.8326080061366183
4.626289772546988
2.959374645388171
3.676422987466312
4.274662760136759
3.8326080061366183
3.4166326468961135
4.438887261223628
1.6044399917203356
3.7505400820560952
3.7505400820560952
4.702577896694869
3.4047016822951717
4.790670506806888
3.0170199878007242
4.207567982213287
3.4790944397115213
1.4281648774923477
4.340576340309511
4.304026279964997
3.0069399521724414
4.274662760136759
4.411337359202814
3.0771233740222743
3.2573794552932576
4.6869364033049905
3.4149048374688378
4.638461628940463
4.34738870712592
2.9634239559898607
1.8724956657209817
4.274662760136759
3.8883119496432976
4.340906636789069
3.1549153379435015
4.3275673215596
1.7764771854762438
0.43028657636874135
4.504695144213113
4.4413449993091785
4.702577896694869
4.640326101253122
4.766082833360194
4.675202433845222
4.263026035205002
3.676422987466312
4.738002965933675
4.25291319433403
4.274662760136759
3.2522155823845385
4.042340016514482
3.7715357496589954
4.430989259170109
4.648877596200893
3.2573794552932576
4.103766545398121
2.9638513276751013
4.678559451787297
3.111916789447868
4.899908476872917
4.655272654154192
4.708108111802338
3.9898324940471204
3.9179008349641253
2.8282590257368145
3.3364840418158206
4.674812926272818
2.834504262351231
3.6208214971260313
4.766082833360194
4.3653776837447795
4.398143705313798
3.7662134132215197
4.000689888488269
2.834504262351231
3.6208214971260313
4.355813672587074
2.157525355028933
2.8306087347662277
3.7003162648148615
4.584246840577004
3.733035947039101
3.8068090933597607
3.2573794552932576
4.35545048855167
4.2339859715764625
4.766082833360194
3.013138693880791
3.4149048374688378
3.185962728465398
4.688410460101276
3.588021878893029
3.041922650840378
3.629826741726604
4.274662760136759
4.3275673215596
3.1553199792946067
2.1228548892260357
4.094736928330767
2.083151948221519
4.398143705313798
4.25291319433403
4.340576340309511
4.3404661397012765
3.629826741726604
3.561128661674781
4.398143705313798
4.57873873585712
3.676422987466312
1.8516437254283287
3.4149048374688378
4.899908476872917
4.274662760136759
3.530416004865164
3.697623451542779
4.3404661397012765
4.130671611489659
2.9985262403652437
4.344645875852988
4.340576340309511
4.430989259170109
1.677946329846805
4.014075449054259
4.596190963249269
2.7923073791356363
4.349408317451342
3.4672043001305646
2.9753260772249956
3.9898324940471204
3.617740698180963
3.1492821694920456
1.8097717909879223
4.0636059399408975
4.820510892919685
4.5412969064639075
4.3404661397012765
3.9766243450052996
3.629826741726604
4.704856770250751
3.3030726659928473
1.6233919236895058
4.6363790902288375
3.001642518540181
3.629826741726604
4.274662760136759
2.959374645388171
3.0535154386804364
3.9898324940471204
4.729208098885602
4.398143705313798
4.899908476872917
4.8307030335995504
4.2339859715764625
3.5752053567176723
3.1492821694920456
4.656040759116612
4.340823154667081
4.629726005537899
1.7891742727174729
3.910467690801102
1.7891742727174729
4.34738870712592
2.960466194061937
4.34738870712592
3.5644145833686633
3.2573794552932576
4.045972371368642
3.6205802982592403
4.340576340309511
4.398143705313798
4.34738870712592
2.8493241441132517
3.225485795807358
4.112750707347464
2.548134410360068
4.899908476872917
4.672176199712606
3.02289332616582
2.9884463768039837
3.0084758994079257
3.6009730071496433
4.650199470217121
4.042340016514482
4.340576340309511
3.6208214971260313
3.1549024401954253
3.6208214971260313
4.073670111356272
4.274662760136759
4.340576340309511
3.9914113416090533
3.910467690801102
4.380264490484204
4.017556367927061
1.387196295019932
4.434490184056913
4.633412525251234
3.009777773410096
3.4149048374688378
4.551029962090932
4.3653776837447795
