0.8750000000
0.7302967433
0.9258200998
0.8249579114
0.9258200998
0.7378647874
0.8000000000
0.7302967433
0.6666666667
0.9258200998
0.5477225575
0.7500000000
0.7500000000
0.8333333333
0.6666666667
0.7142857143
0.7826237921
0.8750000000
0.7698003589
0.9258200998
0.8017837257
0.8017837257
0.6674238125
0.6666666667
0.8333333333
0.7500000000
0.7500000000
0.8451542547
0.7142857143
0.7715167498
0.7142857143
0.8333333333
0.7715167498
0.7378647874
0.8000000000
0.7302967433
0.7302967433
0.7500000000
0.6666666667
0.8333333333
0.6666666667
0.6666666667
0.7142857143
0.7777777778
0.7500000000
0.6172133998
0.9258200998
0.7715167498
0.6666666667
0.6666666667
0.6666666667
0.6000000000
0.6666666667
0.8750000000
0.7715167498
0.7302967433
0.7302967433
0.6666666667
0.6708203932
0.8000000000
0.6666666667
0.7715167498
0.8017837257
0.7715167498
0.6666666667
0.7302967433
0.8333333333
0.7302967433
0.6666666667
0.6666666667
0.7715167498
0.7302967433
0.7302967433
0.7302967433
0.8000000000
0.6172133998
0.7715167498
0.7715167498
0.7302967433
0.6708203932
0.5000000000
0.8333333333
0.8333333333
0.7715167498
0.5477225575
0.7302967433
0.7216878365
0.4629100499
0.7500000000
0.8249579114
0.8017837257
0.8000000000
0.7302967433
0.8333333333
0.8333333333
0.8333333333
0.8333333333
0.8333333333
0.7216878365
0.7715167498
0.7302967433
0.6761234038
0.7559289460
0.7500000000
0.7500000000
0.7216878365
0.6324555320
0.7142857143
0.5070925528
0.5477225575
0.8333333333
0.6666666667
0.6761234038
0.8333333333
0.3651483717
0.6666666667
0.7302967433
0.8660254038
0.5773502692
0.6324555320
0.5477225575
0.5477225575
0.7302967433
0.6000000000
0.8333333333
0.4472135955
0.6666666667
0.8333333333
0.7715167498
0.8660254038
0.8000000000
0.7142857143
0.8660254038
0.6172133998
0.8660254038
0.7500000000
0.7500000000
0.8000000000
0.5000000000
0.6666666667
0.8000000000
0.7715167498
0.6666666667
0.4000000000
0.5477225575
0.6123724357
0.7302967433
0.8333333333
0.7302967433
0.6172133998
0.5477225575
0.6666666667
0.6666666667
0.6324555320
0.7715167498
0.5714285714
0.5714285714
0.5714285714
0.6172133998
0.6681531048
0.5345224838
0.6666666667
0.6666666667
0.5477225575
0.6172133998
0.5477225575
0.6000000000
0.8571428571
0.7302967433
0.5000000000
0.8164965809
0.6666666667
0.5714285714
0.6708203932
0.7302967433
0.7142857143
0.7715167498
0.5000000000
0.5000000000
0.8333333333
0.8333333333
0.7500000000
0.7500000000
0.7071067812
0.7500000000
0.7216878365
0.5000000000
0.7715167498
0.5000000000
0.5070925528
0.6761234038
0.6666666667
0.6666666667
0.6666666667
0.5443310540
0.6943650748
0.5345224838
0.5477225575
0.5669467095
0.6250000000
0.4472135955
0.6666666667
0.6250000000
0.5039526307
0.6000000000
0.5000000000
0.5477225575
0.6761234038
0.6666666667
0.6708203932
0.4472135955
0.7698003589
0.5477225575
0.5345224838
0.4000000000
0.7559289460
0.7745966692
0.5477225575
0.6000000000
0.5477225575
0.8000000000
0.5555555556
0.8333333333
0.7302967433
0.5025189076
0.5773502692
0.4008918629
0.7302967433
0.6708203932
0.6000000000
0.6666666667
0.6390096504
0.5773502692
0.4629100499
0.2886751346
0.6681531048
0.4082482905
0.5669467095
0.6666666667
0.7216878365
0.3779644730
0.5070925528
0.7216878365
0.5773502692
0.5477225575
0.6000000000
0.5477225575
0.4082482905
0.5070925528
0.6172133998
0.6172133998
0.7500000000
0.4330127019
0.5345224838
0.6000000000
0.7302967433
0.6123724357
0.6666666667
0.6666666667
0.3651483717
0.2500000000
0.6000000000
0.6172133998
0.5669467095
0.5000000000
0.5000000000
0.6681531048
0.5669467095
0.6761234038
0.4330127019
0.5714285714
0.7142857143
0.5669467095
0.6324555320
0.6172133998
0.5892556510
0.5892556510
0.6172133998
0.5892556510
0.7216878365
0.3333333333
0.6666666667
0.7142857143
0.6666666667
0.6299407883
0.5345224838
0.5892556510
0.7302967433
0.5000000000
0.6250000000
0.6666666667
0.6708203932
0.6250000000
0.5000000000
0.6000000000
0.4472135955
0.5000000000
0.6681531048
0.6761234038
0.6172133998
0.6708203932
0.2500000000
0.5000000000
0.6674238125
0.5773502692
0.6299407883
0.6250000000
0.5000000000
0.5000000000
0.6666666667
0.6666666667
0.5773502692
0.5477225575
0.5773502692
0.5000000000
0.4714045208
0.6708203932
0.5477225575
0.5163977795
0.6666666667
0.4000000000
0.6761234038
0.6123724357
0.2000000000
0.5714285714
0.4472135955
0.5000000000
0.5000000000
0.5000000000
0.6708203932
0.6708203932
0.5000000000
0.5714285714
0.5000000000
0.2236067977
0.6000000000
0.6708203932
0.6000000000
0.6172133998
0.5714285714
0.6666666667
0.6666666667
0.6666666667
0.5477225575
0.5477225575
0.5477225575
0.5000000000
0.6172133998
0.4000000000
0.6172133998
0.5477225575
0.3651483717
0.6172133998
0.5590169944
0.5000000000
0.6172133998
0.5000000000
0.7216878365
0.2500000000
0.5773502692
0.4743416490
0.3086066999
0.3086066999
0.5714285714
0.6324555320
0.5477225575
0.6299407883
0.4330127019
0.5345224838
0.3651483717
0.7500000000
0.3651483717
0.4000000000
0.6666666667
0.6172133998
0.5669467095
0.6172133998
0.4743416490
0.4629100499
0.5714285714
0.5345224838
0.6123724357
0.4629100499
0.4472135955
0.4008918629
0.5669467095
0.5477225575
0.5000000000
0.4082482905
0.4000000000
0.3651483717
0.5000000000
0.3651483717
0.6172133998
0.5000000000
0.5714285714
0.4285714286
0.5773502692
0.6299407883
0.5892556510
0.6761234038
0.5345224838
0.5070925528
0.4629100499
0.6250000000
0.1666666667
0.5330017909
0.5270462767
0.5000000000
0.4629100499
0.6123724357
0.5000000000
0.4000000000
0.6172133998
0.5698028823
0.3750000000
0.5039526307
0.4743416490
0.5773502692
0.7905694150
0.3380617019
0.5000000000
0.5000000000
0.3651483717
0.5477225575
0.5000000000
0.3535533906
0.2886751346
0.4472135955
0.4743416490
0.0000000000
0.4780914437
0.3779644730
0.5025189076
0.3380617019
0.4364357805
0.3086066999
0.3651483717
0.5000000000
0.4330127019
0.3333333333
0.4364357805
0.5070925528
0.5000000000
0.5656854249
0.4330127019
0.3651483717
0.5656854249
0.4780914437
0.4472135955
0.4082482905
0.4472135955
0.2886751346
0.4629100499
0.4330127019
0.4743416490
0.5773502692
0.4629100499
0.5000000000
0.2236067977
0.5000000000
0.4629100499
0.2886751346
0.2041241452
0.5000000000
0.4714045208
0.3086066999
0.5477225575
0.1825741858
0.3333333333
0.3333333333
0.4714045208
0.5039526307
0.4629100499
0.2886751346
0.5345224838
0.4444444444
0.2390457219
0.4472135955
0.6454972244
0.3333333333
0.4629100499
0.5477225575
0.6000000000
0.5000000000
0.3535533906
0.5000000000
0.3651483717
0.3535533906
0.5000000000
0.4082482905
0.3086066999
0.3418817294
0.5070925528
0.4008918629
0.5443310540
0.5000000000
0.3651483717
0.3651483717
0.3651483717
0.3651483717
0.3651483717
0.5000000000
0.5103103631
0.4330127019
0.3086066999
0.3333333333
0.3651483717
0.1666666667
0.4000000000
0.3333333333
0.5455447256
0.5070925528
0.5000000000
0.4743416490
0.4008918629
0.3779644730
0.5000000000
0.4629100499
0.4008918629
0.4008918629
0.3872983346
0.2886751346
0.4743416490
0.5477225575
0.1690308509
0.4629100499
0.3651483717
0.4780914437
0.3779644730
0.1543033500
0.4008918629
0.5555555556
0.4472135955
0.5039526307
0.3086066999
0.3651483717
0.3380617019
0.3086066999
0.3333333333
0.5590169944
0.3333333333
0.4082482905
0.4082482905
0.5773502692
0.3380617019
0.3651483717
0.3651483717
0.1690308509
0.1543033500
0.5773502692
0.3354101966
0.3750000000
0.2519763153
0.4008918629
0.3535533906
0.3380617019
0.4629100499
0.4472135955
0.1543033500
0.4629100499
0.1825741858
0.3086066999
0.4082482905
0.2500000000
0.5892556510
0.2886751346
0.2672612419
0.5345224838
0.5000000000
0.2236067977
0.4472135955
0.5000000000
0.3585685828
0.4000000000
0.3380617019
0.4743416490
0.4082482905
0.5345224838
0.4923659639
0.3162277660
0.3086066999
0.3750000000
0.3162277660
0.4242640687
0.4351941399
0.3380617019
0.4629100499
0.5477225575
0.4285714286
0.3651483717
0.2500000000
0.3380617019
0.1825741858
0.4008918629
0.3872983346
0.3651483717
0.4629100499
0.5039526307
0.5163977795
0.4780914437
0.3086066999
0.0000000000
0.2236067977
0.3086066999
0.4629100499
0.3692744729
0.3872983346
0.2581988897
0.5000000000
0.0000000000
0.3162277660
0.3333333333
0.4082482905
0.3380617019
0.2581988897
0.3872983346
0.4472135955
0.5345224838
0.4082482905
0.3061862178
0.4193139347
0.4364357805
0.2236067977
0.1443375673
0.2390457219
0.4629100499
0.4008918629
0.4285714286
0.2886751346
0.4811252243
0.3779644730
0.5270462767
0.2857142857
0.3380617019
0.3651483717
0.3380617019
0.1443375673
0.1428571429
0.1666666667
0.2236067977
0.3380617019
0.4780914437
0.2886751346
0.1690308509
0.2886751346
0.2857142857
0.3061862178
0.4242640687
0.3535533906
0.3563483225
0.3333333333
0.5477225575
0.2500000000
0.4242640687
0.1428571429
0.4045199175
0.0000000000
0.2581988897
0.4472135955
0.2041241452
0.3779644730
0.2041241452
0.3162277660
0.3162277660
0.3162277660
0.2672612419
0.0000000000
0.1178511302
0.2857142857
0.1543033500
0.2236067977
0.4472135955
0.3698001308
0.3015113446
0.3779644730
0.2672612419
0.3698001308
0.2041241452
0.1690308509
0.3849001795
0.2041241452
0.3380617019
0.4008918629
0.3354101966
0.1543033500
0.3651483717
0.2886751346
0.3380617019
0.2672612419
0.2696799450
0.4045199175
0.3086066999
0.3651483717
0.2721655270
0.4082482905
0.3333333333
0.1178511302
0.2672612419
0.2000000000
0.2000000000
0.4000000000
0.3380617019
0.3086066999
0.3162277660
0.3086066999
0.4364357805
0.1066003582
0.3086066999
0.3380617019
0.3380617019
0.4082482905
0.2672612419
0.4364357805
0.4008918629
0.2721655270
0.5000000000
0.2581988897
0.2672612419
0.5892556510
0.4082482905
0.0000000000
0.5455447256
0.0000000000
0.4629100499
0.1666666667
0.3380617019
0.0000000000
0.1543033500
0.2672612419
0.5039526307
0.2828427125
0.2721655270
0.2500000000
0.3535533906
0.3162277660
0.0953462589
0.2581988897
0.1767766953
0.1767766953
0.3162277660
0.3779644730
0.2886751346
0.1543033500
0.0000000000
0.3651483717
0.3380617019
0.3086066999
0.3086066999
0.3333333333
