3.901
3.292
3.835
4.688
3.749
3.469
3.296
3.187
2.83
4.027
3.375
2.801
1.846
2.747
3.046
4.722
4.68
2.683
4.202
3.634
3.947
2.732
4.16
2.773
2.858
4.791
1.86
3.428
3.527
4.921
3.359
2.785
3.134
4.288
2.629
4.78
4.78
2.883
2.96
2.82
4.624
2.71
2.487
3.884
3.653
3.367
3.606
4.248
4.629
4.629
3.481
1.234
2.834
3.151
2.417
4.632
3.461
1.537
4.976
2.487
3.155
3.635
2.665
3.205
2.785
5
2.831
4.69
1.591
1.684
3.067
3.312
3.155
3.158
2.849
2.277
3.64
3.635
4.814
3.127
1.553
2.759
2.759
2.529
4.705
4.672
3.704
1.957
1.82
4.066
3.162
2.626
3.221
2.746
2.746
2.746
2.746
2.746
2.695
3.125
5
4.864
3.683
1.825
1.801
3.709
3.741
1.958
2.074
3.395
2.749
2.754
1.697
2.657
2.978
2.781
4.987
3.728
2.705
3.741
4.745
3.438
3.152
1.885
2.757
3.278
2.761
2.754
2.929
3.38
2.738
4.039
3.73
3.172
3.73
1.818
2.146
2.797
2.137
1.404
2.958
3.106
1.524
1.488
2.056
3.518
3.158
2.749
3.26
4.959
1.941
2.978
2.92
3.744
3.18
3.235
4.921
3.828
3.354
3.628
3.342
2.867
2.776
4.565
1.713
3.233
4.464
2.239
2.66
1.642
3.326
1.559
1.645
2.32
3.245
1.423
3.072
0
0
2.86
2.86
1.828
1.814
3.43
2.168
3.704
3.873
3.616
1.519
1.731
2.294
1.29
4.213
1.435
2.901
2.558
3.97
1.582
3.8
4.049
1.083
1.585
4.618
3.251
1.245
0
4.529
3.789
1.271
3.324
3.515
3.768
3.165
4.19
3.902
2.317
3.53
4.598
4.459
4.538
2.637
3.789
2.748
3.415
3.534
3.116
4.456
3.013
1.966
1.615
1.726
3.164
3.682
3.824
2.064
2.919
2.161
2.583
1.407
2.552
4.345
2.645
2.492
3.937
1.798
1.475
1.798
0.249
1.583
1.699
3.368
2.257
3.848
4.295
2.761
3.366
3.202
1.488
1.409
0.218
1.981
2.8
1.928
3.233
1.467
0
2.721
3.234
3.402
2.198
2.466
1.518
3.226
3.876
3.388
2.989
3.788
1.484
2.661
2.524
0.38
1.437
3.138
1.524
3.564
4.067
2.734
3.095
3.938
2.607
3.176
2.19
2.528
3.099
1.517
1.401
1.539
4.511
3.464
2.636
2.48
1.76
2.34
3.258
2.633
3.18
2.742
0.248
1.569
1.412
1.428
2.521
2.817
1.699
0
3.453
1.644
2.353
2.602
2.737
3.647
3.619
1.725
1.271
1.427
0
2.242
3.643
1.317
2.437
1.721
1.493
2.831
1.524
0.895
1.412
1.615
1.269
2.576
3.232
1.454
1.398
1.596
3.259
1.798
1.718
0
3.801
2.608
1.519
1.641
0.469
1.775
2.974
1.618
2.658
1.557
3.005
1.851
2.234
2.756
1.964
0.877
1.595
2.574
3.31
2.834
2.553
3.793
4.535
4.828
4.528
2.559
1.424
1.628
2.398
1.927
2.414
1.932
2.235
2.889
2.361
1.702
0.186
3.413
1.694
2.108
0
3.481
2.352
0.314
0
3.306
2.567
0
2.433
1.27
3.251
2.498
3.142
2.792
3.197
1.711
2.804
1.16
0.806
1.64
1.6
0
0.329
1.746
1.564
0.088
1.586
3.178
0.125
2.774
2.457
1.744
2.983
3.827
1.439
0.076
0.44
2.441
0
2.573
1.267
3.544
3.323
3.603
1.631
3.108
3.176
2.184
2.416
2.729
2.108
1.413
0.391
0.12
2.838
1.82
0
2.628
2.36
3.134
3.258
2.884
3.133
1.836
2.899
3.8
2.471
1.783
1.653
1.578
1.963
3.28
0.324
2.63
0.272
2.469
2.271
1.265
2.872
3.13
1.967
0.928
1.467
0.438
2.684
2.536
0.244
0.25
1.436
3.995
0.944
2.442
2.476
3.248
1.772
1.779
1.674
0.002
2.024
2.349
0.05
4.555
3.208
0.118
3.023
2.147
1.594
2.108
1.505
1.451
0.139
0.257
0.178
0.484
0.072
0
3.215
2.034
2.487
2.446
3.523
2.422
3.1
2.241
1.748
1.864
0.008
3.866
1.603
1.636
1.348
3.402
3.605
2.246
0.587
2.773
2.299
1.89
0.964
1.766
2.181
1.721
1.896
2.987
3.053
1.855
2.126
1.724
0.219
0
0.137
0.174
2.012
2.282
2.001
2.879
2.101
1.833
1.961
0.261
0.326
2.214
2.815
1.691
1.891
2.261
4.652
3.781
1.987
1.809
2.893
1.961
0.77
0.313
1.583
2.197
2.708
0
1.956
3.703
0.337
1.61
2.931
3.511
2.854
0.834
2.708
0
0.582
2.712
3.922
2.673
3.191
2.759
3.162
2.517
2.957
1.57
2.197
2.41
1.925
1.791
2.216
0.345
0.524
4.243
3.33
0.443
1.761
0.798
0.244
2.445
1.484
2.135
2.172
2.588
3.392
1.891
1.802
2.193
1.628
2.999
2.084
1.087
0.269
0.073
0.599
1.039
3.248
3.157
1.329
1.615
1.82
1.881
1.441
2.946
3.6
3.713
2.098
0.597
0.586
2.129
2.15
1.315
2.752
1.997
2.232
0.91
2.037
0.372
2.9
1.101
0.891
0.525
2.873
2.53
0.371
0.76
0.174
0.118
1.99
2.476
1.739
2.426
0.051
2.232
0.69
2.58
0.839
2.629
1.236
2.212
1.836
2.253
1.825
2.291
0.337
1.834
2.073
1.982
3.152
3.449
2.058
3.174
0.689
1.853
3.011
2.435
3.349
1.99
2.449
3.471
2.408
0.779
0.496
0.544
2.559
0.936
2.388
0.345
2.413
2.001
0.258
2.542
1.594
2.514
0.428
2.244
1.97
0
2.351
2.662
2.019
0.741
2.014
0.11
0.353
0.476
0.133
0.441
1.122
2.296
2.713
2.221
0.167
0.241
3.424
3.905
0.177
2.385
2.139
2.958
1.366
0.014
0.471
2.386
1.894
0.39
0.555
0.467
3.194
2.318
0.976
1.831
0.351
2.088
1.932
1.724
2.9
3.517
2.114
2.644
1.993
0.243
1.332
1.309
1.181
0.95
0
2.159
0.212
0.891
0.254
