2.683
3.249
3.407
3.013
2.342
2.379
2.801
0
1.355
1.623
2.565
2.984
1.126
0.662
2.127
2.018
2.16
3.972
2.321
2.398
2.538
1.874
1.667
2.093
2.087
0
2.89
2.001
1.017
1.385
0.91
1.627
2.076
2.242
2.176
1.118
2.359
3.582
2.771
2.173
1.7
3.025
3.512
2.135
2.991
2.257
2.965
2.688
2.401
1.914
2.985
2.408
2.249
3.708
2.764
2.225
3.577
0.743
2.522
1.278
2.063
2.831
1.796
3.536
1.236
1.043
2.576
1.068
1.524
2.465
3.38
2.833
2.69
2.482
1.449
1.279
2.397
2.337
1.665
1.392
2.22
2.577
1.788
1.546
1.009
1.218
1.814
1.441
2.371
2.091
2.778
2.077
2.398
1.617
2.956
2.185
2.433
1.911
2.926
2.843
3.145
2.24
2.416
1.782
2.045
2.752
3.184
3.022
1.87
2.535
0.83
3.161
1.964
3.8
1.084
1.705
2.751
2.258
2.736
2.845
0.426
2.348
2.639
2.241
1.596
2.648
1.968
1.296
2.479
1.693
2.313
2.146
1.502
1.391
2.447
3.629
0
1.391
3.488
3.009
3.853
1.897
1.255
1.297
0.94
3.368
1.78
1.549
2.377
0.888
1.775
0.365
1.285
1.025
2.905
2.444
0.468
0
2.709
0.721
2.177
2.495
1.434
2.828
1.404
2.166
1.293
2.459
3.616
2.521
1.859
2.772
1.177
2.14
0.058
2.969
1.966
0
2.746
1.342
0
3.078
1.224
2.631
0.836
1.905
1.838
2.089
2.06
0.707
1.721
1.99
3.363
0.804
0.988
1.369
2.256
1.407
3.325
3.258
2.8
0.948
0.149
2.423
1.699
0.9
2.43
2.952
1.23
2.588
0
2.461
2.883
1.827
2.775
1.835
3.079
3.271
2.94
2.137
1.652
1.636
1.605
2.921
2.193
2.463
2.182
2.005
0
3.166
0.785
0.167
3.21
1.238
0.107
1.813
2.037
2.592
0.794
1.532
3.457
1.31
2.699
2.394
0.854
1.715
2.847
3.113
2.361
1.567
3.515
3.459
2.568
3.788
3.497
0.267
2.388
2.438
2.916
2.486
3.187
2.728
3.93
3.937
3.933
3.383
2.58
3.962
2.769
3.157
3.272
2.335
4.355
3.227
3.429
4.439
2.945
3.789
3.335
2.461
2.92
3.802
3.022
4.073
3.086
3.198
3.066
3.806
2.24
3.05
2.834
4.519
3.144
3.219
3.851
3.525
3.66
2.81
3.297
2.922
3.185
3.427
3.198
2.368
4.182
5
1.0
3.738
2.056
3.396
3.183
1.358
4.313
3.36
3.173
3.199
2.193
2.928
2.087
4.11
2.865
3.292
2.036
2.835
2.316
2.849
1.228
4.926
4.989
3.408
3.099
3.362
3.454
4.369
4.081
3.394
3.082
2.02
2.531
2.514
3.216
3.575
3.014
3.576
1.671
3.984
2.766
3.299
2.873
2.819
2.72
4.174
3.587
2.985
3.048
3.17
3.959
0.926
2.626
2.844
2.376
3.752
2.309
2.865
5
2.893
3.976
3.039
2.754
0
3.744
3.141
3.54
3.11
2.633
3.188
3.892
3.536
4.021
3.93
3.916
2.856
3.251
2.771
3.648
2.576
3.194
1.224
3.377
4.092
3.296
2.498
2.874
3.846
2.473
2.519
2.983
4.191
3.306
2.515
2.905
2.523
3.338
3.55
2.906
3.198
3.479
2.162
3.544
2.676
3.362
2.35
2.436
5
2.443
2.522
3.276
3.687
3.564
4.848
2.884
2.89
2.771
3.069
2.79
3.14
2.575
3.945
3.659
3.131
2.882
2.464
3.928
3.144
3.46
2.525
2.788
4.955
3.916
3.645
3.702
3.352
1.946
3.498
2.523
2.886
3.499
2.727
3.543
2.9
3.482
2.575
3.207
2.681
4.021
2.814
3.893
3.898
2.38
1.572
3.097
2.861
3.219
3.473
4.181
3.888
2.813
4.485
4.386
3.477
2.676
3.027
3.381
2.697
2.945
3.338
3.091
2.666
3.52
3.921
4.171
2.938
1.9
3.001
2.804
2.97
2.768
1.368
1.822
2.365
2.863
3.334
3.261
1.79
2.193
2.859
3.349
3.499
3.184
3.766
2.359
2.556
4.725
3.851
3.205
3.37
2.961
3.539
4.044
4.893
4.652
3.585
3.973
3.611
1.876
4.409
4.546
3.04
4.044
3.621
2.214
4.64
5
4.386
3.384
3.564
0.339
3.152
3.753
3.38
4.681
4.147
3.929
4.74
5
4.558
4.335
3.136
3.512
3.67
3.9
4.229
4.317
2.789
4.319
4.355
3.772
5
5
3.875
3.494
3.435
4.086
2.198
3.929
4.783
4.577
3.749
4.429
4.106
3.648
4.028
4.009
3.805
3.213
3.435
3.451
4.876
3.368
4.037
2.144
3.371
4.028
4.002
4.289
3.455
3.243
4.077
4.139
3.504
3.105
3.379
3.911
4.054
3.105
4.846
3.871
2.756
0
4.914
3.991
4.227
4.008
3.98
2.667
3.536
4.79
4.079
4.201
1.256
4.065
3.661
4.931
3.981
4.51
4.917
3.974
3.78
2.229
3.772
4.106
2.639
4.922
3.83
3.711
3.931
5
3.874
3.384
3.917
4.893
4.73
2.47
4.045
4.314
3.432
3.321
4.663
4.234
4.225
4.299
3.45
3.738
3.219
4.268
3.55
4.471
4.52
4.112
3.007
4.349
4.182
4.982
3.907
4.351
4.02
4.255
4.699
4.364
3.028
3.208
2.583
4.431
0.098
5
3.342
4.739
3.943
5
3.671
3.544
3.878
3.463
3.511
1.754
5
4.155
3.086
4.065
4.214
4.894
2.854
4.381
4.721
3.459
4.292
4.212
5
4.182
3.551
0.311
3.981
4.899
3.573
4.334
3.19
2.943
4.091
4.27
4.811
2.544
4.692
5
3.353
4.235
3.239
4.771
5
3.812
4.321
3.745
3.255
4.264
3.849
4.794
4.527
3.896
4.144
3.673
2.904
4.287
4.62
3.457
4.407
4.357
4.859
4.858
4.968
4.083
3.055
3.534
4.258
3.276
3.918
3.955
3.935
3.774
2.519
3.856
4.382
2.732
4.038
3.799
4.665
4.571
3.113
4.0
3.66
4.08
1.975
3.406
3.679
3.986
3.74
4.618
3.491
3.642
3.72
5
2.585
