4.29
3.65
4.56
4.68
4.56
3.91
4.00
3.65
3.65
4.63
2.74
3.75
3.75
4.00
3.54
4.17
3.78
4.29
4.26
4.56
4.29
4.01
3.34
3.65
4.17
4.01
3.75
4.23
3.86
4.17
3.33
4.00
3.65
3.69
4.00
3.35
3.35
3.75
3.33
4.00
4.00
4.00
3.86
4.12
4.01
3.09
4.56
3.65
4.00
4.00
3.33
3.00
3.65
4.29
3.86
3.35
4.00
3.33
3.35
4.00
3.65
4.23
3.86
3.65
3.65
3.65
4.00
3.35
3.33
3.33
4.17
4.00
4.00
4.00
4.00
3.33
4.23
4.23
3.35
3.35
2.5
4.17
4.17
3.65
2.74
3.35
4.23
2.5
3.75
4.01
3.86
4.00
3.65
4.00
4.00
4.00
4.00
4.00
3.61
3.86
3.65
3.65
4.33
3.75
3.75
4.33
4.23
3.33
2.74
2.74
4.17
3.65
3.38
4.17
1.25
3.33
3.65
4.33
3.09
4.23
2.24
2.24
4.00
3.00
4.00
2.24
3.33
4.00
3.65
4.23
4.00
3.33
4.23
2.74
4.23
3.75
3.75
3.75
2.5
3.00
4.00
3.65
3.00
2.00
3.00
3.35
3.65
4.00
4.00
3.33
2.74
3.65
3.65
4.23
3.86
3.86
2.86
3.09
3.09
3.57
2.67
3.65
3.65
3.00
2.74
2.74
3.35
4.17
3.65
2.74
3.65
3.00
2.86
3.35
3.65
3.33
3.65
2.5
2.5
4.00
4.00
3.75
3.75
3.75
4.29
4.23
2.5
3.65
2.74
2.74
3.38
3.00
3.00
3.00
3.61
3.63
2.86
2.74
3.78
3.34
3.35
3.00
3.34
2.89
4.00
2.5
3.00
3.06
3.00
3.35
2.24
3.73
2.74
2.89
2.00
3.61
4.08
3.00
3.00
3.00
4.00
2.5
4.00
3.35
3.2
2.54
2.14
4.00
3.35
3.00
3.00
3.34
3.61
2.74
2.89
3.34
3.35
4.08
3.00
3.38
2.00
3.38
3.38
3.09
3.00
3.00
3.00
2.17
2.54
2.74
3.33
3.57
3.38
3.34
3.00
3.65
4.08
3.00
3.00
2.00
1.25
3.35
3.09
4.08
2.74
2.00
3.09
4.08
3.38
3.09
2.86
3.33
4.08
3.38
3.33
2.67
3.15
2.74
3.15
3.95
1.83
3.00
3.57
3.33
3.4
3.09
3.15
4.00
3.33
2.86
3.54
3.35
3.34
3.00
3.00
2.24
2.5
3.09
3.06
3.33
3.35
1.25
2.67
3.16
3.09
3.15
3.12
2.00
2.74
3.00
3.00
3.38
2.74
2.54
2.5
2.5
3.35
3.00
3.87
3.65
2.24
3.06
3.35
1.00
2.5
2.24
2.5
2.5
2.74
3.35
3.35
2.14
3.09
2.74
1.12
3.00
3.35
3.00
3.38
3.57
3.00
3.00
3.00
2.74
2.74
2.74
2.00
2.74
3.00
2.74
3.00
2.00
2.74
2.52
2.74
3.38
2.74
4.63
3.75
2.89
3.38
2.31
1.69
3.09
3.38
3.00
2.89
2.89
3.09
2.24
4.29
2.00
2.00
3.00
2.74
3.78
2.74
3.38
2.5
3.09
2.86
3.57
2.31
2.24
2.00
3.06
2.24
2.00
3.06
2.00
1.83
2.00
2.04
2.74
2.00
2.5
2.14
2.67
2.89
3.12
3.38
3.09
2.54
2.54
3.33
0.91
2.39
2.8
2.00
1.83
3.00
3.00
2.00
2.74
3.23
2.00
2.17
3.38
2.54
3.54
2.54
3.65
2.00
1.83
3.00
2.00
1.89
2.89
2.24
3.16
2.74
2.39
2.89
3.2
1.69
2.73
1.54
1.83
2.74
1.69
1.83
2.36
2.74
2.00
3.54
2.89
2.04
2.98
2.52
2.52
3.35
2.52
2.37
2.31
1.69
2.54
2.54
2.5
2.5
1.25
2.00
1.83
2.31
3.06
2.5
2.36
1.69
3.00
0.91
2.74
1.83
2.67
2.67
1.83
1.44
2.31
3.54
1.79
2.39
3.23
2.00
2.74
2.24
3.00
2.00
2.00
2.5
1.83
3.15
2.5
2.24
1.83
1.79
2.54
2.14
2.37
2.67
2.00
2.00
1.83
1.83
2.00
2.00
2.85
2.17
2.31
2.5
2.24
0.91
2.00
1.67
2.85
2.54
2.00
3.16
2.14
2.00
2.5
2.4
2.31
2.86
1.49
1.44
2.54
2.74
0.91
2.54
1.83
2.04
1.89
1.67
2.31
2.5
2.24
2.52
1.69
1.83
1.69
1.67
1.83
2.52
1.83
2.37
2.17
2.54
2.74
2.00
2.00
0.85
1.67
2.54
1.89
1.43
2.04
2.89
1.89
1.69
2.5
2.37
0.91
1.83
1.02
1.67
2.04
1.25
2.67
2.89
1.44
2.31
2.00
1.12
2.37
2.14
1.36
2.00
1.83
3.16
2.89
3.09
3.08
1.58
1.67
2.14
1.69
2.24
1.91
1.69
1.83
3.00
2.31
1.83
1.25
2.54
1.00
1.54
1.94
2.00
1.83
2.89
2.24
2.72
3.09
0.00
1.25
1.69
1.83
2.58
2.04
2.24
2.14
0.00
1.69
1.83
2.04
1.02
1.29
2.24
2.37
2.67
2.37
1.6
1.77
2.18
1.2
2.89
1.2
1.83
1.54
2.14
1.69
2.13
1.44
2.36
1.54
1.02
1.83
1.83
1.44
0.77
0.83
1.25
1.89
2.39
1.54
0.85
1.54
1.43
1.53
2.83
2.52
2.29
1.83
2.24
1.25
2.12
0.71
2.83
0.00
2.12
1.89
1.02
1.89
2.04
1.69
1.69
1.18
2.04
0.85
1.34
1.43
0.91
0.63
2.37
2.04
2.11
1.44
1.54
2.31
1.12
0.91
2.01
1.02
1.83
2.14
1.26
0.85
2.00
1.69
1.69
1.43
2.7
2.12
1.67
2.00
2.72
2.04
1.83
0.67
2.14
1.00
2.00
2.24
1.69
1.69
1.69
1.67
1.85
0.53
1.69
1.83
1.83
1.58
1.43
2.85
2.31
1.44
2.5
1.36
1.44
2.7
2.24
0.00
3.1
0.00
1.83
0.91
1.69
1.00
0.91
0.77
2.17
1.49
1.44
1.34
1.34
2.39
0.95
1.49
0.88
0.88
1.58
2.00
0.85
0.77
0.00
1.83
1.83
1.67
1.54
1.67
