2.5
4.35
2.43
3.78
5.00
2.69
2.28
4.29
2.26
3.78
2.31
3.18
2.00
2.73
1.43
5.00
2.15
3.13
3.35
4.52
2.38
5.00
2.13
5.00
5.00
2.51
2.15
2.24
2.4
2.86
1.58
3.33
1.44
2.86
2.63
4.37
1.69
3.22
5.00
2.58
2.74
5.00
4.29
2.53
2.73
3.15
3.2
2.65
5.00
2.74
5.00
3.44
2.86
2.35
3.02
3.18
3.06
2.5
4.14
5.00
3.00
3.57
2.38
2.58
2.77
2.15
3.2
3.2
2.65
3.45
2.83
2.19
4.29
1.00
4.14
5.00
1.67
5.00
3.86
3.18
2.38
2.86
2.36
5.00
2.36
5.00
2.58
3.08
4.29
5.00
3.06
3.38
1.05
3.35
1.37
2.74
3.08
3.18
4.14
2.43
2.00
2.73
5.00
3.09
3.38
2.95
3.05
5.00
3.09
2.00
2.86
4.71
5.00
2.22
3.44
5.00
2.72
4.71
1.79
3.00
3.65
4.14
2.58
3.87
3.06
3.35
1.92
3.35
2.36
3.08
4.14
1.77
4.29
1.67
1.6
4.71
2.36
3.12
3.35
4.37
5.00
3.13
1.79
5.00
2.19
2.74
1.37
1.31
2.4
1.12
1.67
3.06
4.29
3.06
3.65
2.58
1.43
2.04
1.05
5.00
1.85
1.37
1.49
3.38
1.79
2.9
2.96
2.72
5.00
2.04
3.2
3.09
2.18
2.73
2.08
1.89
3.12
2.51
1.58
1.67
5.00
3.09
2.4
1.69
2.54
2.69
4.71
1.92
2.18
4.33
3.18
5.00
5.00
2.58
3.23
2.5
3.47
5.00
3.92
5.00
4.14
5.00
2.69
5.00
2.58
1.79
2.18
3.18
2.00
2.54
3.06
2.22
1.91
2.58
2.38
3.18
5.00
3.05
2.28
2.31
1.38
0.62
2.34
2.19
5.00
3.08
1.79
1.29
3.35
3.02
5.00
1.67
1.77
2.31
2.58
3.12
1.74
2.38
3.22
3.99
2.93
2.43
2.00
4.14
2.93
4.35
2.77
2.77
3.78
2.86
1.79
5.00
2.36
2.54
2.41
1.67
2.00
3.18
1.18
2.43
5.00
3.18
2.36
1.18
3.35
2.11
1.11
0.59
0.59
2.69
2.4
3.81
1.67
1.89
3.22
0.59
5.00
2.86
2.95
2.36
2.74
2.8
3.09
3.55
3.08
3.2
3.38
1.89
1.37
2.36
1.67
4.63
2.86
2.5
1.37
0.56
3.35
3.38
2.69
3.35
4.14
3.48
2.28
3.18
3.65
2.24
2.36
3.54
4.35
3.81
4.33
3.34
3.09
1.77
2.5
3.01
3.11
5.00
2.61
3.34
1.79
3.65
2.24
2.18
2.86
2.31
4.71
4.14
3.18
5.00
5.00
1.79
2.31
4.71
2.36
0.48
2.24
3.76
3.26
2.67
2.38
3.09
2.58
2.38
4.14
1.67
3.08
2.18
3.8
3.78
5.00
5.00
2.36
2.5
1.86
2.22
2.13
1.91
5.00
2.24
5.00
3.06
5.00
3.34
5.00
2.19
3.18
1.43
3.08
5.00
2.36
2.86
1.12
3.06
2.27
2.51
4.29
5.00
4.33
1.37
1.77
2.59
1.58
1.18
3.35
1.58
1.79
2.7
1.89
1.37
2.38
4.14
2.36
5.00
4.29
5.00
3.47
2.5
0.53
3.21
2.54
5.00
2.36
3.06
2.18
1.79
3.01
5.00
5.00
2.74
2.38
3.64
1.89
3.26
3.33
2.08
1.37
3.65
1.37
3.38
3.75
3.38
0.91
3.09
1.43
0.95
5.00
5.00
3.38
1.77
2.00
5.00
1.83
5.00
3.25
2.5
3.52
2.24
2.52
2.73
4.35
5.00
4.71
2.67
4.71
2.73
2.36
5.00
3.76
3.65
2.93
1.36
1.77
2.43
3.45
2.95
3.08
1.92
3.18
