2.86
1.43
2.86
3.54
2.22
2.17
1.86
2.38
1.75
1.54
1.2
0.95
1.07
2.89
2.9
2.82
2.51
2.92
1.83
2.7
2.38
2.99
2.00
3.33
3.57
3.23
3.75
2.61
2.11
3.93
2.74
3.64
3.69
2.59
1.58
2.5
3.13
3.57
1.12
2.51
3.47
1.6
3.47
2.43
1.75
3.57
0.51
1.07
2.28
3.35
2.43
3.11
2.5
1.91
3.07
2.79
3.47
3.92
2.93
3.34
0.75
1.01
2.24
3.75
2.63
3.33
2.12
4.35
3.46
3.75
0.94
3.85
4.33
3.69
4.00
2.34
2.9
3.33
3.75
2.28
2.5
3.6
4.8
1.51
3.45
1.7
2.94
3.33
3.85
3.75
2.92
2.31
5.00
2.67
4.29
3.15
4.09
2.53
2.18
1.12
2.51
2.33
2.24
1.12
2.42
2.51
3.34
1.68
3.47
2.86
1.5
4.09
4.4
0.77
2.24
2.42
3.34
3.33
2.55
2.11
2.5
3.5
1.12
0.8
1.6
2.76
4.17
1.73
1.12
2.73
3.34
3.09
2.96
1.8
2.73
1.73
0.53
2.58
3.75
2.86
3.05
2.96
2.74
2.99
1.07
1.54
2.01
3.91
3.57
3.92
3.52
2.00
3.05
3.09
3.2
4.35
3.22
3.27
3.09
3.75
1.54
4.33
3.75
3.45
5.00
3.65
2.51
2.8
2.54
2.41
1.54
2.28
2.64
3.93
2.78
1.62
0.56
3.92
3.24
3.57
2.51
4.00
0.95
3.6
1.58
3.33
2.9
2.89
3.33
4.35
2.5
3.35
3.93
2.78
2.63
3.02
3.13
3.75
1.62
1.58
5.00
1.12
2.82
3.55
3.64
2.96
3.09
5.00
4.00
1.56
1.51
1.94
3.75
3.00
2.43
3.75
3.02
1.2
3.8
1.36
3.93
3.57
0.83
3.96
3.34
3.02
3.33
5.00
5.00
1.77
3.33
2.7
3.00
3.54
4.8
4.18
1.51
2.31
3.34
3.5
4.29
3.76
3.45
5.00
0.96
3.34
4.56
2.00
3.2
2.74
4.58
5.00
2.5
2.27
2.51
2.74
1.15
3.03
3.59
1.58
2.64
1.71
2.58
3.54
1.58
2.9
3.34
3.96
5.00
2.64
1.6
3.75
2.31
3.57
4.09
3.34
2.67
3.96
2.39
1.51
2.64
4.17
2.65
3.71
3.18
2.19
3.75
2.22
0.77
2.8
3.54
3.33
3.03
3.67
3.75
2.86
1.44
3.33
1.44
3.33
3.11
2.64
3.08
1.37
1.07
2.39
3.39
2.24
2.06
4.17
2.67
3.36
2.93
3.2
2.64
3.52
1.12
3.59
2.92
2.7
3.00
2.24
3.11
2.36
2.64
1.43
5.00
5.00
3.75
2.58
2.09
2.31
2.64
2.58
3.00
3.5
2.67
2.8
2.67
4.09
3.76
3.57
3.57
2.01
1.01
2.00
2.64
0.96
1.54
5.00
2.27
3.69
2.86
3.87
3.34
3.16
2.74
2.28
2.28
2.59
3.52
1.89
3.73
3.75
3.33
3.85
3.75
4.55
5.00
2.58
4.4
1.49
2.27
3.75
2.39
2.38
1.02
2.51
0.77
2.28
2.48
1.51
2.39
3.27
2.51
2.39
3.47
2.12
3.47
1.67
2.51
5.00
2.24
3.08
2.74
1.86
0.65
2.31
3.00
