4.24
2.221
3.246
3.543
1.734
4.124
2.577
3.418
4.038
3.803
3.163
4.059
3.735
4.014
3.686
3.581
2.847
3.28
2.952
3.566
3.754
4.141
4.449
4.582
3.823
3.219
4.028
1.524
3.862
4.315
4.136
3.216
2.885
2.981
3.849
4.716
3.52
3.534
3.683
3.845
3.974
4.76
4.038
2.815
3.072
2.362
2.944
3.48
3.301
4.133
4.334
3.795
4.596
2.916
4.158
4.021
3.5
3.034
2.407
1.956
4.726
3.937
3.263
4.56
3.648
3.507
3.896
2.373
1.591
2.578
3.7
4.384
1.675
2.286
3.481
2.306
3.389
3.584
3.251
4.053
3.724
4.334
4.694
2.148
5
3.443
4.069
4.315
3.416
3.78
3.601
4.238
3.424
2.226
2.893
4.713
2.882
3.803
2.694
2.611
3.463
4.061
3.85
4.185
4.14
3.453
3.927
2.63
3.758
2.721
2.062
3.182
3.33
3.185
3.9
1.626
3.166
3.186
2.467
3.73
3.941
3.907
3.714
3.734
3.356
3.711
4.218
3.884
4.764
2.841
3.161
4.012
2.316
3.759
3.196
3.734
3.482
3.463
3.617
3.583
3.131
3.451
2.936
3.805
4.08
2.34
4.095
4.298
3.569
3.705
3.642
4.584
3.501
3.876
3.567
3.272
4.35
3.752
4.417
2.795
4.108
2.139
4.418
4.714
2.508
3.982
4.235
3.724
3.783
2.874
3.941
3.526
4.338
2.737
2.791
2.773
3.19
3.873
3.211
1.925
3.987
3.657
3.695
3.537
3.187
1.687
4.435
3.733
4.051
4.192
3.847
4.32
3.831
4.455
3.136
2.556
4.181
4.448
1.995
2.195
3.673
2.609
2.769
2.526
3.805
4.287
3.793
2.929
3.33
3.055
3.862
3.497
3.14
3.458
3.233
3.072
2.616
3.458
3.658
2.029
2.619
3.118
4.168
3.374
3.86
3.451
2.695
4.076
3.933
3.511
3.747
3.499
4.101
2.652
1.651
4.809
2.786
4.266
3.902
3.158
4.026
3.575
4.097
2.639
3.18
3.514
3.463
3.697
3.972
4.274
3.045
3.925
3.039
3.767
3.533
4.078
2.992
1.513
1.904
3.999
2.734
3.533
3.298
4.067
3.441
4.282
4.448
3.52
2.94
2.65
3.059
3.659
4.965
3.953
3.998
4.343
3.231
4.12
4.155
4.121
3.755
2.758
2.626
2.434
3.924
2.906
4.049
4.377
3.927
3.434
3.154
4.539
3.933
3.325
4.047
3.872
3.249
3.693
3.381
3.713
4.317
3.781
2.939
3.78
3.441
3.67
2.434
3.472
3.78
4.233
3.633
3.907
2.416
4.087
3.042
3.351
3.233
3.437
2.424
3.56
3.095
3.694
4.107
3.942
2.855
2.883
3.48
2.423
3.616
4.287
3.145
4.495
3.175
3.683
2.953
3.903
3.962
4.093
3.05
3.029
2.926
3.594
3.91
4.112
2.93
4.317
3.473
3.827
3.076
4.05
4.341
3.286
2.484
2.571
3.452
3.771
3.469
3.675
3.302
2.46
4.21
2.649
2.884
4.205
4.047
3.285
3.069
3.868
1.832
2.751
3.408
4.645
3.587
2.15
3.394
3.383
3.205
3.911
3.832
3.286
3.285
3.929
3.693
3.333
3.183
2.929
3.746
4.29
2.984
3.397
3.69
3.273
4.064
3.87
2.507
3.414
2.595
3.641
3.43
3.909
1.628
2.808
3.827
2.724
2.609
3.933
3.078
3.241
2.627
3.448
2.724
2.414
3.008
3.531
3.191
4.331
3.465
3.785
4.481
4.012
3.261
2.583
4.034
3.167
3.422
2.696
3.701
3.939
4.186
2.781
3.923
3.262
2.064
3.675
4.109
3.022
2.263
4.334
3.964
3.749
3.445
3.579
2.779
4.041
2.192
4.109
3.693
4.352
2.198
3.482
3.578
4.226
2.448
3.21
3.816
3.209
2.388
3.424
4.596
4.117
4.164
4.102
3.574
2.026
2.832
3.331
2.874
2.224
4.984
3.504
2.983
3.29
3.99
3.639
3.781
4.737
3.358
3.134
4.265
2.649
2.874
3.487
3.107
3.029
2.679
3.937
2.766
4.226
4.106
3.665
4.425
3.339
3.774
3.832
3.491
3.9
3.171
2.018
2.684
3.632
2.282
3.31
2.482
3.276
4.061
4.543
3.638
3.914
3.339
4.393
1.873
3.593
4.146
3.894
1.237
3.399
4.244
3.376
2.27
2.731
3.823
4.225
3.79
3.786
4.314
3.223
2.679
3.96
3.278
3.591
2.219
2.819
3.024
3.215
2.977
3.085
5
3.599
1.871
4.153
4.554
2.065
4.165
3.657
4.378
4.787
2.407
3.656
4.037
3.437
3.575
4.047
3.258
3.631
3.897
4.149
1.777
3.702
3.939
2.938
3.004
3.47
4.388
3.407
3.856
3.445
2.772
3.159
4.457
3.575
3.894
3.326
3.343
3.994
2.84
2.537
3.574
4.179
3.354
3.834
3.387
3.549
3.827
3.713
4.297
3.344
3.914
3.625
2.867
3.994
1.967
2.909
4.383
4.468
4.094
4.118
4.019
3.848
3.005
3.447
3.781
3.207
4.369
3.78
3.549
1.7
3.766
3.588
4.677
3.179
4.161
3.13
3.076
3.591
4.243
4.848
3.663
2.562
3.701
4.694
2.665
4.355
3.975
3.693
2.143
3.562
3.895
3.738
4.008
3.634
3.348
2.87
3.95
3.235
2.975
4.316
3.113
4.517
3.003
3.135
2.957
2.989
3.369
3.755
3.181
3.405
2.996
4.117
4.221
3.843
4.008
3.823
3.282
3.512
4.472
2.183
3.092
2.924
1.725
3.274
3.459
1.599
3.012
1.674
2.652
4.011
2.907
3.445
4.244
2.484
3.691
4.747
2.682
3.858
3.475
2.183
2.972
3.627
2.925
4.864
3.713
3.592
1.695
2.33
4.516
4.041
3.54
2.557
3.037
4.254
1.932
2.27
3.942
2.873
3.894
3.943
3.163
3.443
4.117
3.965
4.207
2.146
2.465
3.28
3.728
2.879
2.682
1.988
3.001
2.94
4.769
3.574
2.542
4.196
2.76
2.765
3.637
3.069
4.403
3.103
3.585
3.727
3.899
2.87
2.431
2.508
4.492
4.298
3.749
2.238
1.072
3.492
3.403
3.295
3.542
3.794
3.674
3.235
3.544
1.595
3.183
2.701
3.408
2.407
4.11
2.858
2.959
3.319
2.267
2.638
