4.178378875505549	100
4.313885105243308	100
4.09500540379377	100
4.441726839044074	100
3.569334732193458	100
3.96730312765481	100
4.631118620775087	100
3.5753786811273387	100
3.9633480191526256	100
3.8388688905741835	100
4.152740020650363	100
3.689999560328717	100
0.5574515038620449	100
2.0231835258024624	100
3.3788797347557367	100
4.927425788482347	100
5.0	100
3.2728104213096416	100
4.306613049060248	100
3.1123738994359997	100
4.262175283660225	100
3.267662309741298	100
3.961875022322757	100
2.935627153482144	100
2.7899489088777707	100
4.843635120144693	100
0.0	100
4.236304530567448	100
2.848947524158955	100
4.553698048255109	100
3.1271276301535376	100
3.4467738750513828	100
5.0	100
3.923395379832659	100
2.453323055057538	100
5.0	100
5.0	100
3.451888497893794	100
4.438501459555448	100
2.1851340096996443	100
4.345304788687676	100
4.688771866480224	100
3.516237490809075	100
3.7283804443493387	100
4.410031312374187	100
4.788297796656606	100
4.177693129993466	100
5.0	100
4.227990183584945	100
4.227990183584945	100
3.1594116152633913	100
0.5173955929907658	100
1.8864469963192985	100
3.4910866673080396	100
2.270410843260053	100
5.0	100
4.3634706775226615	100
2.920915847545436	100
4.967467156684666	100
3.0690604471267444	100
3.8947110916367875	100
3.135166836201987	100
2.3803522444923404	100
3.906307586604254	100
2.479829309601318	100
4.942425003672341	100
1.1894595956025111	100
4.8509644398016185	100
0.7122862815217585	100
1.1217907016721422	100
1.9757149528089826	100
3.0176912411004286	100
3.5536124756285776	100
3.467179355873838	100
2.157890615448182	100
3.2455529363162423	100
3.951300982430312	100
3.125110577423837	100
4.7095936155976545	100
3.0377693576692937	100
2.996654976527805	100
1.870803467416894	100
1.8416965181412221	100
3.8055923713652486	100
5.0	100
4.487230361450221	100
3.780588791583941	100
1.8237682854058326	100
0.8597350548367455	100
3.876429716840087	100
3.506421622800007	100
2.9826086195987984	100
3.0133602653150517	100
2.1400106484396297	100
2.1400106484396297	100
1.9699653761912912	100
1.9699653761912912	100
1.9699653761912912	100
3.4297273681198424	100
4.456301938944755	100
4.67915631292392	100
3.8818069002387063	100
3.646652928606622	100
0.19961376991715607	100
0.3860324272795371	100
3.4402084848591357	100
4.074881639466762	100
2.8162723724258005	100
2.4556985948042125	100
3.471160387890266	100
1.5858823849438064	100
2.793413462124306	100
3.30293604760335	100
3.151641862593799	100
5.0	100
4.489265076831037	100
3.848405036717221	100
3.786249328091221	100
3.63209013197658	100
4.069428690853096	100
3.6016708577317322	100
3.788648435691794	100
2.0691952420610433	100
1.7939016943097794	100
1.9057757389088694	100
3.692935796638525	100
2.0116125990115337	100
1.6503804378713194	100
3.872120321287339	100
3.307225325676709	100
2.5544212655491063	100
4.607800325076845	100
3.4017810606861363	100
4.245141079141257	100
3.4075246139591915	100
0.16643626544283274	100
0.0	100
1.5261124015949066	100
0.9708991126057497	100
1.377519795351808	100
1.4295818833508163	100
3.935797693817291	100
2.328516854617702	100
2.666317823713159	100
2.614442608765144	100
2.965698628675781	100
2.2069345261913607	100
2.5598907255725885	100
1.7080698308673559	100
4.930357266302192	100
1.3364237842979123	100
1.9134338321388742	100
1.5838066718481145	100
4.453379843757128	100
3.1880448351451025	100
3.536527069932318	100
4.2184505675649735	100
4.001207968277404	100
3.2989777004732055	100
2.9912806265425615	100
3.059729751730806	100
3.4208367267502733	100
3.2975368046196327	100
4.995980272074876	100
2.550280616225442	100
3.2541040125759912	100
4.655932905715304	100
5.0	100
3.5418454675813194	100
1.5671629948092498	100
3.4667666481086044	100
1.2390473169390814	100
2.187643371472476	100
0.7010451615147766	100
2.669907215524856	100
1.23567992459789	100
2.0087115914563265	100
0.0	100
0.0	100
2.059218686440984	100
2.059218686440984	100
0.33311991152978193	100
0.8174089252523387	100
3.2432816963553974	100
2.1667704610860468	100
4.054539202414434	100
3.9233651382348906	100
3.8972690291991703	100
2.1171383420434964	100
2.743913879619327	100
2.6009388129217967	100
0.965290922609128	100
4.699859377802362	100
0.9128393486680891	100
3.999238260167568	100
2.3674631640626633	100
4.497966649875034	100
2.2414396113236643	100
4.1266666805325265	100
4.011366342878892	100
2.5370163729706605	100
1.3049335596442968	100
4.626618331280941	100
2.899493446481046	100
2.5754310676834753	100
0.0	100
4.628270293611962	100
3.287213826471489	100
0.0	100
3.3180938300147242	100
1.544831280730487	100
3.4287266706478827	100
2.723751594214333	100
4.082529452456463	100
3.3827273292754265	100
3.412508575487263	100
3.0562853584865377	100
4.986073674371983	100
5.0	100
4.7551662969000645	100
2.0227947003970366	100
3.771024880732104	100
1.7242983784444812	100
3.2197248487472527	100
3.560366920063601	100
3.2323459834010593	100
3.416993555887528	100
1.9649190198556217	100
2.382588576693431	100
0.38146290853947507	100
0.2635448154908604	100
2.978030809469876	100
4.130838990232849	100
4.054059832413211	100
4.780118752820496	100
1.6744248541687374	100
2.63885532332768	100
3.5807517441885652	100
1.20982414586341	100
1.9007026841977335	100
4.45703067503988	100
3.701436929732048	100
1.9065067841039955	100
4.14975714285298	100
0.24353079778898956	100
0.4056100519075089	100
0.4443137017925497	100
0.573392611856862	100
0.7564928442135018	100
0.5590236417866247	100
3.1007161427134524	100
1.1611721329761036	100
3.482531867935785	100
4.265344690468929	100
2.5576931072214424	100
2.4561794883077503	100
4.202185019073713	100
1.3537402864372179	100
0.8583839283022814	100
0.03314931486810857	100
1.5139078673043502	100
2.393601621690131	100
3.2753597739998526	100
3.9405894162204573	100
0.4135114753918491	100
0.0	100
2.599877511359319	100
3.368710932820727	100
4.240409144434661	100
3.3638839546520667	100
2.3108317924172312	100
2.5815320293913055	100
3.744338924614626	100
4.098408114726849	100
3.3664598769860627	100
2.0275036452830753	100
3.543102220560148	100
0.5428216734059033	100
3.0377254408349756	100
3.3727114428752323	100
0.1647052341838514	100
0.984814903819661	100
3.633127601466635	100
1.2099905338920487	100
2.291008424905975	100
3.8442209650040424	100
3.2161082325500163	100
2.61847975296351	100
4.47078943138858	100
3.2044642230280704	100
2.7050860765705154	100
3.8823579028171227	100
3.289070090068012	100
3.889274051583532	100
1.2061776983235755	100
1.1661046401094777	100
0.971057354546514	100
4.390507397581931	100
3.500786614873091	100
0.972806191987942	100
2.0792124740853586	100
2.1920716122170947	100
0.7283306514185406	100
2.8999199866578618	100
1.5745051338838083	100
3.510209786346456	100
2.5420194960157634	100
0.0	100
0.5688644516275938	100
0.7088413554961506	100
0.8770576838860775	100
3.2896199830824453	100
3.832085362274181	100
1.0016641828736654	100
1.024306677837896	100
4.31060582840518	100
0.3193181257502564	100
1.4025226782556233	100
3.4614636730691553	100
2.162070490924473	100
3.8682445400177348	100
3.421514663638241	100
0.8829563691629728	100
0.249310612034507	100
0.9560478595432829	100
0.0	100
2.3052515150748794	100
3.389697269803684	100
0.6336144367484544	100
0.28479640297182107	100
0.8542085727793772	100
1.4452064614751625	100
3.404777482829339	100
1.0277204211507596	100
0.0	100
0.3306020399441747	100
0.10557535288013198	100
0.1194734344860724	100
1.1637664523349147	100
3.0076581609442474	100
0.2554186706229642	100
0.7241486293153232	100
0.4272722039912644	100
2.4777631070013952	100
0.0	100
0.9550477014135446	100
0.4706881866108017	100
3.8130008660424584	100
3.5654634981604376	100
0.7977945251951254	100
0.4077937111571299	100
0.17654579292476646	100
0.7057557481910262	100
3.9870357087216144	100
1.6759561828199643	100
1.6531083656379255	100
0.42270517036895383	100
5.0	100
3.31977285007518	100
1.8244549125024612	100
1.7803070794335933	100
1.0876894806608666	100
0.0	100
2.6773487317163283	100
2.2268604666932714	100
3.3801061245473645	100
2.9840549160643954	100
3.893058650177555	100
3.9390056688540622	100
4.728902977447101	100
4.738117917140261	100
4.21162856703247	100
1.045076175490046	100
0.9791140044637785	100
0.09165366013221599	100
4.2968109609853755	100
0.7359276236135908	100
3.66930956303297	100
0.16262461257181882	100
3.055928898645799	100
3.4622090262902923	100
3.071495940442348	100
1.169270915233736	100
0.0	100
3.550334263297962	100
2.6623154092145627	100
0.6801490023570973	100
0.0	100
3.4679989192612353	100
3.1042433574452892	100
0.0	100
0.0	100
3.5386175548866943	100
1.7299606149817237	100
0.0	100
2.7736508694892685	100
0.2840149489178405	100
3.9537891498437348	100
2.0694089781749896	100
3.3293587366894486	100
2.917221030991367	100
3.7355824340053982	100
3.5664366947261095	100
3.0685773099610922	100
1.4342954678718327	100
1.3841107726501503	100
1.8870452964168996	100
0.781820002212219	100
0.0	100
0.0	100
1.0339977262779079	100
0.9767568647315713	100
0.0	100
0.0	100
3.3915095326554385	100
0.0	100
1.8673755545971118	100
3.6576138514260603	100
1.119505039754598	100
3.6198665659074574	100
3.0704068765579557	100
2.102568191368536	100
0.09795560494793187	100
0.0	100
0.5748701843883101	100
0.42107864548083207	100
2.557174707812992	100
2.6250264306194433	100
2.1123819361037386	100
2.7448707915152153	100
5.0	100
1.0857592704437016	100
3.2344815760976506	100
3.779851093835454	100
0.8521508924908322	100
3.3891229446036237	100
3.992685192508025	100
1.052580715876946	100
1.6908304266089311	100
0.0	100
0.3265679625385378	100
3.17692597758935	100
1.391787188989134	100
0.0	100
3.6658780576394507	100
3.3434947194570106	100
3.524199995756502	100
4.181138347361651	100
2.654009217207387	100
2.874306836640211	100
2.7421749780016667	100
2.633180241731733	100
2.409316020234644	100
2.3833982133894054	100
1.8172788991593558	100
0.6645842419255319	100
1.3369827488519186	100
0.9337796487743382	100
2.7598240849628213	100
0.0	100
2.2660603641921075	100
0.0	100
2.3644527431039464	100
3.3305590598701307	100
0.8611739448829593	100
2.5751011632391703	100
3.210043482649223	100
0.8597314761491113	100
0.0	100
0.5548895426364745	100
0.0	100
2.7434883639778147	100
2.700971689170715	100
0.5514713706930567	100
0.0	100
1.2063952399100395	100
3.681312791153909	100
0.18621946989466898	100
2.506822880210335	100
2.408385668965347	100
3.577823027959647	100
2.5976467828813266	100
1.8612796222503438	100
0.0	100
0.0	100
2.9720942323522768	100
2.00027398757532	100
0.0	100
5.0	100
3.3590706235287877	100
0.0	100
3.409807663895299	100
2.4051516440310925	100
1.6088183079223408	100
0.6562627049047399	100
0.7780853536040624	100
0.78369671251077	100
0.0	100
0.0	100
0.0	100
0.0	100
0.0	100
0.10292352063832488	100
3.040885556565665	100
1.568373599440722	100
2.7674992735307735	100
3.2552501349988057	100
3.1462111454708155	100
1.9480986205614612	100
3.458181121745186	100
3.7047356405179985	100
1.301032786954338	100
1.1128502171097236	100
0.0	100
3.8916578221863563	100
1.1139673617171406	100
0.6316364383296866	100
0.46067389092820443	100
3.0080964251072295	100
4.318832022502908	100
3.7722958142078418	100
0.0	100
1.9369705015380259	100
2.3458198166470523	100
1.2695691694740774	100
0.0	100
0.2706219182804007	100
1.1629905561108596	100
0.8819992999578632	100
1.4057452778460564	100
3.385105317836856	100
2.6150767020908883	100
2.094494137103275	100
1.121586445832241	100
0.5023615944240412	100
0.0	100
0.0	100
0.0	100
0.013719170635665079	100
0.8426458035895286	100
0.9752459373977207	100
2.259854250403302	100
3.099870521659645	100
1.3595226729167185	100
1.4172125746980362	100
1.2502800033578922	100
0.0	100
0.0	100
1.5654225986830734	100
3.8779848374791297	100
0.37416431816435275	100
0.8978641587426852	100
0.9791582118337894	100
4.080505189516234	100
3.7248662477358994	100
0.7025802451573906	100
1.533808061590699	100
3.392766385825398	100
0.4839274134776813	100
0.0	100
0.23317778551956891	100
1.3259977888752281	100
1.249363305539477	100
2.581244297676855	100
0.0	100
1.4907362129822421	100
3.7641944281792052	100
0.31697611090478506	100
0.11493457493574388	100
3.060115248980469	100
3.805687495614173	100
3.5478242042366266	100
0.4617941976881448	100
1.6466846868769125	100
0.0	100
0.0	100
3.0942863524653372	100
2.9382912899816263	100
2.2399276424660743	100
3.3773705885382244	100
3.0564228221637895	100
3.4904196312924993	100
1.9862884730727366	100
2.578294670125293	100
0.8628565491112888	100
1.142870631050725	100
1.3323407160496745	100
1.3284806960240552	100
0.6556770592167487	100
1.260525176205096	100
0.0	100
0.0	100
4.5925784986495355	100
2.7929025611512084	100
1.4370648222363318	100
1.615941191882353	100
0.0	100
0.24620808951900341	100
2.374002654454521	100
2.1739428725294823	100
2.2188516342759335	100
3.1290536164524947	100
2.6447850070466403	100
3.7349364613318374	100
0.8473925036348207	100
1.656611248849444	100
2.4226943256422087	100
0.08033283098021027	100
4.278806026975062	100
1.0472503037592467	100
1.3131079080133716	100
0.3075634279373636	100
0.0	100
0.0	100
0.052161303004978454	100
3.524124844805464	100
4.472198635972376	100
0.7043130229688283	100
1.2589600742738625	100
2.6130151610047263	100
0.8721635114756677	100
2.267126664691925	100
2.470663663047665	100
3.175287499408756	100
3.2530786452710294	100
0.8953538525662057	100
0.0	100
0.29602458062944537	100
1.7780992302494392	100
0.773670382655377	100
1.9396501148320184	100
2.29724219949417	100
1.3725724821751437	100
2.8592026536183144	100
0.0	100
0.6996565612527468	100
0.0	100
2.7007756012364323	100
0.4186501438280667	100
0.05575567034349027	100
0.0	100
3.383348976307874	100
3.311130707796313	100
0.35397795956708905	100
0.08074287788382517	100
0.0	100
0.19143366817019203	100
0.9742865579052544	100
2.7021082586325558	100
1.3865687083333293	100
2.029428439463799	100
0.0	100
1.1084341790758527	100
0.0	100
2.474389960716301	100
1.0482296339250006	100
2.3340728421346326	100
0.0	100
2.7041739994742504	100
0.7517271387156688	100
1.4230139198813057	100
1.5417551953842916	100
1.568131691991966	100
0.0	100
0.41175659499149553	100
1.0347229019459667	100
1.4639540370691055	100
3.098697475670422	100
4.1797544682223045	100
1.7073603310864842	100
2.7982442866631145	100
1.1835186255473333	100
0.7618958280201769	100
2.972748636280769	100
2.753297092698998	100
1.4489201928822004	100
1.0062911531195446	100
1.9975685512404815	100
3.2763643966421268	100
2.6599866944715185	100
0.23548300009388012	100
0.06381212072579923	100
0.0	100
1.8858469108163942	100
0.33194681589731545	100
0.9328252679971352	100
0.0	100
2.4260192196730883	100
0.8081368171346641	100
0.6139969947077308	100
2.7283156074690322	100
0.4787611705384358	100
1.3566187695859833	100
0.0	100
0.7392038392276644	100
1.9004147736628458	100
0.21590816546283642	100
1.6996627415612413	100
3.245416330144526	100
0.272477542960334	100
0.0	100
0.4789536220496006	100
0.30962413627053376	100
0.0	100
0.0	100
0.11067127133855259	100
0.23564173685020562	100
0.42133630040945996	100
0.5827396932824314	100
2.5873830101385953	100
1.1773872895408306	100
0.3505478235185321	100
0.10690837678827803	100
2.513880758600385	100
4.225122332635927	100
0.07365710183448537	100
0.962587671824608	100
1.4274547345391526	100
2.72282835071953	100
2.070824381673821	100
2.055266858531889	100
0.7248740673743934	100
2.9781723599195193	100
1.9256881914213273	100
0.0	100
0.0	100
0.0	100
3.1562929248843914	100
2.2082390236240506	100
0.0	100
0.3635384941691109	100
0.0	100
0.7321747010831858	100
0.6596137458077798	100
0.4813970391780149	100
3.950694609378316	100
2.9892380494820627	100
2.158938188863927	100
3.968082106646673	100
1.3179398337150419	100
0.0	100
1.3151651975512428	100
0.35460217415557205	100
0.0	100
0.0	100
0.0	100
1.3417079980453854	100
0.0	100
0.12753222338827053	100
0.0	100
