1.71921	100
4.89214	100
2.13424	100
2.54977	100
5	100
1.65851	100
1.35249	100
5	100
0.819343	100
2.47776	100
0.748468	100
2.22071	100
3.79586	100
1.85944	100
0.919743	100
5	100
1.8753	100
2.21626	100
3.41526	100
3.34251	100
1.67208	100
5	100
1.3505	100
5	100
5	100
2.1721	100
1.94311	100
2.57735	100
0.922098	100
3.05443	100
1.30458	100
4.06345	100
1.49881	100
1.90898	100
2.7746	100
3.1987	100
0.892275	100
2.56672	100
5	100
5	100
0.970025	100
5	100
4.29759	100
1.41389	100
2.3519	100
1.61301	100
3.4504	100
2.39338	100
5	100
4.81511	100
5	100
3.48717	100
2.04787	100
2.26478	100
1.7445	100
2.14012	100
5	100
1.75976	100
4.13048	100
5	100
1.10889	100
3.79803	100
1.4606	100
5	100
2.96248	100
1.26805	100
3.4504	100
3.4504	100
3.31403	100
3.41737	100
4.87057	100
2.50377	100
4.29759	100
0.28009	100
4.05435	100
5	100
1.69286	100
5	100
4.20726	100
1.05972	100
1.4606	100
3.65809	100
2.66518	100
5	100
2.66518	100
5	100
5	100
2.17736	100
3.54117	100
5	100
4.71897	100
1.9894	100
0.720351	100
3.34336	100
0.711271	100
3.45915	100
2.17736	100
3.00046	100
4.13048	100
2.73557	100
0.489409	100
2.24405	100
5	100
1.37277	100
1.9894	100
3.1987	100
1.6584	100
5	100
1.37277	100
0.835813	100
2.88425	100
4.20726	100
5	100
1.69286	100
2.36852	100
5	100
0.761048	100
4.20726	100
0.790313	100
2.17713	100
2.17429	100
4.05435	100
2.54977	100
4.48229	100
5	100
3.34336	100
0.654029	100
2.69903	100
2.66518	100
2.17736	100
4.05435	100
1.20725	100
4.40544	100
1.56343	100
0.749529	100
4.20726	100
2.66518	100
2.17968	100
3.41526	100
3.7512	100
5	100
2.68296	100
1.11945	100
5	100
2.26943	100
4.81511	100
0.926982	100
0.352214	100
0.835813	100
0.00449787	100
1.56343	100
2.79479	100
4.13525	100
2.79479	100
2.6229	100
4.68775	100
0.424851	100
3.9407	100
0.194107	100
5	100
0.791572	100
0.962882	100
0.402445	100
1.9894	100
1.18757	100
2.03392	100
1.47965	100
0.820269	100
5	100
0	100
1.60737	100
1.37277	100
2.81444	100
1.55884	100
2.31146	100
0.964281	100
2.55271	100
1.85066	100
0.901628	100
1.56343	100
5	100
1.37277	100
0.749529	100
2.26943	100
2.73075	100
2.77759	100
4.20726	100
0.892656	100
0.849452	100
4.74115	100
2.26687	100
5	100
5	100
5	100
2.98289	100
2.40596	100
2.82532	100
4.06345	100
4.60061	100
5	100
4.13048	100
5	100
2.87003	100
5	100
5	100
1.18757	100
1.1027	100
2.3519	100
0.922098	100
1.44477	100
5	100
1.69286	100
1.10878	100
2.54571	100
1.02317	100
2.3519	100
5	100
1.05958	100
0.55272	100
1.37277	100
0.266207	100
1.20633	100
1.64574	100
2.17698	100
5	100
2.17736	100
1.1189	100
2.81444	100
3.41526	100
2.00143	100
5	100
1.69286	100
1.26599	100
1.3872	100
5	100
1.80843	100
0.839069	100
1.71823	100
2.44176	100
2.62177	100
0.910457	100
2.18983	100
0.835813	100
4.13048	100
2.26674	100
4.89214	100
1.82075	100
2.37937	100
2.47776	100
1.39936	100
1.18757	100
4.68775	100
1.26599	100
2.59147	100
1.35352	100
0.685366	100
0.922098	100
2.26687	100
1.20725	100
1.85066	100
4.71897	100
2.3519	100
2.66518	100
1.20725	100
3.41526	100
2.73075	100
0.830772	100
0.617219	100
0	100
2.87003	100
0.922098	100
2.82532	100
1.56343	100
1.32491	100
2.66798	100
0	100
5	100
1.52594	100
1.9392	100
2.66518	100
2.81176	100
2.50555	100
1.37277	100
2.47063	100
2.17736	100
3.61219	100
1.9894	100
0.964281	100
0.639368	100
2.66518	100
1.66806	100
4.20726	100
1.50767	100
2.40596	100
0.783175	100
0	100
2.44549	100
3.70329	100
2.87003	100
2.29239	100
4.13048	100
1.75796	100
2.32534	100
2.3519	100
2.54677	100
3.05489	100
2.66518	100
3.70574	100
4.89214	100
3.54117	100
4.74115	100
2.20722	100
1.37277	100
1.20725	100
3.37883	100
2.59948	100
2.69442	100
5	100
1.50913	100
3.50225	100
1.18757	100
2.6229	100
0.979204	100
2.3498	100
4.2709	100
0.748468	100
4.20726	100
4.13048	100
2.26687	100
5	100
5	100
0.790313	100
0.748468	100
4.20726	100
4.85619	100
0	100
1.6408	100
3.48717	100
2.21626	100
1.69424	100
1.67208	100
1.37277	100
5	100
2.48712	100
4.13048	100
1.69286	100
2.17736	100
0.849452	100
3.50225	100
2.47776	100
3.1269	100
5	100
2.66518	100
2.40596	100
0.482922	100
2.60992	100
2.67064	100
0.912518	100
5	100
3.05489	100
5	100
5	100
5	100
2.31316	100
5	100
3.13628	100
2.3519	100
0.783175	100
2.17736	100
5	100
2.66518	100
2.45976	100
0.00449787	100
5	100
1.15928	100
1.76452	100
4.13525	100
5	100
4.74115	100
0.926982	100
2.37354	100
1.85066	100
1.434	100
2.26215	100
3.27146	100
1.56343	100
1.18757	100
0.835813	100
1.88709	100
1.45569	100
2.04758	100
3.97822	100
3.79241	100
5	100
3.54117	100
5	100
2.82532	100
1.97444	100
0.26407	100
2.96422	100
0.892275	100
5	100
2.66518	100
4.71897	100
1.48763	100
1.18757	100
2.29138	100
5	100
5	100
4.81511	100
2.48712	100
3.00046	100
1.88709	100
2.21626	100
4.40013	100
1.93522	100
0.783175	100
2.6229	100
0.783175	100
1.9894	100
4.46012	100
1.9894	100
0.567464	100
1.37277	100
1.56308	100
0.0643797	100
5	100
5	100
1.9894	100
1.59527	100
0.922098	100
4.89214	100
1.32346	100
5	100
2.25592	100
3.01253	100
3.81089	100
3.16243	100
2.01652	100
1.55884	100
4.89214	100
5	100
4.20726	100
1.83073	100
4.20726	100
2.17152	100
2.66518	100
5	100
2.6229	100
2.6229	100
0.910457	100
0.735048	100
1.78461	100
1.53217	100
2.9683	100
1.3974	100
2.17736	100
0.970025	100
2.26687	100
