2.8269
3.6948
4.1927
3.9663
3.7411
3.9132
3.1647
3.4322
3.7788
2.5196
3.4322
3.2286
1.325
2.5844
3.4304
4.0876
4.4569
3.2254
3.6497
3.909
3.8588
3.2413
3.3155
2.0073
2.7229
3.2115
0.95692
4.0968
3.558
4.3123
2.9653
3.5046
4.4996
3.9475
3.0237
4.7252
4.7252
3.3461
3.8361
2.3962
4.0834
4.0834
4.4615
3.8829
3.8532
3.7155
4.448
4.296
4.0834
4.0834
2.3353
0
2.5771
3.3843
2.9061
4.69
3.5718
3.2239
4.3599
3.3325
3.8225
3.8912
2.7571
4.4323
2.3839
4.2833
2.6144
4.604
1.4873
1.3768
2.5084
3.6386
4.0332
4.0332
1.9343
2.4325
3.9958
3.8099
4.615
2.3574
3.7204
2.3794
2.3207
3.9212
4.3748
4.6732
4.0912
1.9631
0.97316
3.8266
3.7819
3.3283
3.8799
2.8305
2.8305
2.6731
2.6731
2.6731
3.3175
3.6713
4.0874
5
3.9051
1.3051
1.3051
3.5373
3.4072
3.6328
1.2404
2.9218
2.3794
2.6685
3.4451
2.1024
4.1768
3.3203
4.0952
3.5497
2.4695
3.4072
2.5173
3.644
2.4208
1.2991
2.2746
4.148
1.1221
2.3962
4.1761
3.4247
2.2335
4.3974
4.1682
4.5054
3.9644
1.412
1.06
2.8078
0.25577
2.4871
2.0706
3.8896
3.5046
1.7078
1.8085
3.0747
2.599
2.579
2.4208
4.4334
0.57128
2.0386
2.1461
4.0516
2.2872
4.2307
3.7808
3.7694
2.2435
3.3346
3.0563
4.0552
4.2145
4.7423
1.5369
3.4948
4.4544
3.8495
3.2126
1.7757
3.8588
1.9256
2.4652
0.67872
2.8658
0.65386
2.9709
0
0.33525
2.3962
2.3962
0.91043
0.81737
3.7805
2.3772
3.9517
3.5568
3.5916
2.331
1.9714
3.2931
0.9526
4.4503
1.9625
2.8382
2.3037
4.3519
1.0397
3.3622
3.9165
3.2175
2.1987
4.3211
2.379
3.2155
0.3365
4.513
3.482
0.81301
3.6124
5
3.0967
2.5528
3.9691
3.4383
3.3576
2.3504
4.9234
4.3591
4.9234
2.9074
3.8085
2.2402
2.9476
3.0535
3.8849
3.7397
3.5682
3.9123
1.5519
1.7016
1.9123
3.8977
3.7257
3.838
1.5998
2.6291
3.407
0.99804
2.2769
4.1492
3.0161
2.9259
4.3405
0.69217
1.0098
0.87699
0.41743
0.4023
2.7289
2.681
2.1812
3.7861
3.6881
0.94429
3.0681
3.9146
2.1987
0.84827
0.38359
1.9909
3.1324
2.4195
3.1824
0.66972
1.1224
3.073
3.2478
3.8275
2.4439
1.5585
2.3107
3.2011
3.8731
3.4443
1.4217
3.492
0.67913
3.7189
3.8455
0
0.99403
2.5729
2.0507
2.9147
4.0016
2.7247
3.2266
3.4621
2.3307
2.5473
4.4746
2.4422
4.0584
0.59313
0
0
4.0025
3.1023
2.8973
0.76645
0.37612
1.5825
2.7598
1.8816
2.9983
3.4932
1.0105
1.3053
0.85614
0.81611
4.3626
2.9624
1.2587
0.018569
4.098
1.011
1.6629
3.1917
2.5771
3.866
3.2214
1.4005
0
2.3682
0.077691
3.1042
3.7541
0.91004
1.0099
1.4019
0.61271
3.0672
1.3841
0
0.53898
1.4744
0.92479
2.0907
3.6782
0.60014
0.98529
0.60512
2.4394
1.4805
0.90338
0.32123
4.2158
2.1865
1.4587
1.2666
0.74832
1.4539
3.9361
2.6374
1.9706
0.91623
4.0689
2.4374
2.3868
2.5843
1.2227
0.048452
3.1253
2.1038
4.6985
2.3291
2.6143
2.7892
4.2778
4.2655
4.7685
3.3401
0.86183
0.82944
3.3003
1.5902
2.4014
0.85324
1.8797
3.5682
3.2679
1.7088
1.4304
2.1856
2.3211
1.4952
1.1987
2.9369
3.432
0.090279
0
4.4375
2.1104
1.4411
2.0546
0.7405
3.7084
2.1454
2.0745
2.8545
3.1041
3.3481
2.5982
2.9826
1.6691
2.1622
2.1976
0.17373
0.74246
1.7117
1.418
0.087178
0.84293
3.645
0.32443
1.9921
4.2836
1.0427
4.2246
4.0964
2.96
0.071411
0.63597
2.2539
0.29338
2.1845
0
3.6512
3.2137
4.0143
0.54906
2.5617
3.0996
0.45521
2.7046
4.0642
0.8418
2.3183
0.47683
1.0261
4.4282
2.7102
0.18947
3.6202
2.1058
2.963
4.2194
2.1867
2.4615
3.4951
2.1286
3.6139
0.8571
0.76793
0.94311
0.9681
1.2665
2.3381
0.4585
1.6439
1.085
1.5973
2.7697
2.0279
2.0779
2.1374
2.8482
0.44657
1.0091
0.019238
2.5613
2.3726
0.24786
0.43013
1.1711
3.3885
0.32741
1.3691
2.0922
2.4802
1.4561
2.3861
0.73791
0.65222
1.6163
1.3787
0.0065228
4.1323
3.1326
0.62492
2.7299
2.3616
0.83608
0.68532
0.65194
0.30524
0.33703
0.48081
0.79737
0
0.34899
0
3.763
1.7626
2.5172
2.5059
2.6748
1.5588
3.9409
4.0661
0.80617
1.2746
0.096261
3.6909
0.87112
1.1085
1.1939
2.5162
4.084
2.0042
0.54447
2.4363
2.3286
2.5742
0.20107
1.0003
1.0165
0.83705
0.43031
2.5118
3.5902
1.026
1.9099
0.51629
0.26596
1.262
0.45482
0.43661
1.623
1.5084
1.4165
3.2815
1.8642
2.0512
1.3064
0.35221
0.63019
0.76651
2.6126
1.1585
0.28465
0.62677
4.2658
3.8284
1.0145
0.8787
2.1545
0.8255
1.3628
0.53451
2.2974
1.0235
3.8013
0.25858
1.3051
3.708
0.5651
0.5244
2.2227
3.5872
3.0993
1.3144
2.8664
0.76725
0.51998
2.8693
4.1664
2.5551
3.8745
2.6887
3.4111
2.256
0.71718
2.5191
1.043
0.73695
0.97631
1.6911
1.2376
0.13512
0
4.062
4.3572
2.0086
1.5536
0
0.28874
2.1559
2.6846
1.9732
2.7553
2.7252
4.2398
1.9139
2.9528
3.3451
1.3028
4.1205
1.5091
1.8428
0.51972
0
0.29516
0.32629
4.4166
3.8918
1.8994
0.63044
2.2908
1.0895
1.1754
2.2288
2.7812
3.4667
0.64961
0
0.58702
1.3754
0.63616
1.4095
2.3184
1.5447
1.9287
0
0.27398
0.72564
3.0612
0.16999
0
1.6177
2.8582
2.7913
0.54612
0.51151
0
0.33899
1.3494
3.3881
2.1353
2.3397
0.48317
1.0875
0
2.3121
1.3155
2.8098
0
3.3215
0.67225
1.1905
1.3039
1.981
0.67786
1.8447
1.1083
2.0298
2.6365
2.7529
0.97046
2.8329
0.76644
1.7554
4.4014
2.1633
1.1807
1.6376
1.2786
2.3924
3.1103
0.31573
0.77604
0.92421
2.0351
0.69116
0.91194
1.1665
3.1182
1.1553
1.5063
3.1779
1.7324
1.6933
0.31102
0.90675
1.2203
1.2543
2.003
2.3919
0.95511
0.17015
1.2892
0.89111
0.4518
0.97769
0.6811
1.1337
1.1411
1.4686
2.7621
1.2552
1.288
0.89037
2.2791
3.7679
0.67573
1.4586
1.4077
2.6715
1.8787
4.4116
0.27345
3.59
2.3096
0.64153
0.65738
0.54734
2.7776
1.9675
0.44772
0.60487
0.73987
1.2401
0.62283
0.88858
3.3197
2.2098
2.141
3.2906
0.66569
0.71413
0.87912
0.86091
1.1261
0
1.299
3.2104
0
0.72758
0
