4.1994845
3.6230051
3.7871771
5.1960355
3.3819832
4.6397766
3.9365733
3.773816
3.854983
3.8375905
3.7466778
3.7064179
0.87968279
2.7268888
3.9906807
4.8848536
4.8418395
4.9908633
4.882588
3.2746327
4.1807343
2.1717272
4.4772188
2.9161126
3.5565383
4.6053968
1.4945496
3.7104204
4.399903
4.398425
3.2285357
3.068362
4.1894358
4.8765089
3.1309069
3.9100243
3.9100243
2.9610128
4.3760304
2.3008536
4.6589097
4.6826515
3.1867847
4.7812737
3.9270002
4.3848592
3.6098333
4.2089721
4.5657134
4.5657134
3.8451015
1.8169472
3.2532372
4.0776505
3.4512545
3.8864701
3.5383401
2.4394055
4.0480699
2.3296571
3.1681653
3.0735388
2.796
2.8748465
3.3843283
4.265357
1.1849754
3.8645979
2.4227773
2.2928244
2.5058115
2.3357779
2.8809565
2.8422138
2.9361648
1.9067616
3.8618193
3.076016
3.9367881
3.1007821
2.4226419
3.0135282
3.0135282
2.58248
4.2657661
3.9034301
3.3268177
0.87887112
1.4064315
4.1774569
3.8995902
2.9912946
2.3636767
2.3292422
2.3292422
2.089645
2.089645
2.089645
3.3264248
3.2948769
4.2555316
2.9405915
3.2855641
1.1660359
1.1470728
3.1453413
3.8420018
2.248224
1.7788179
2.4841421
2.1339271
3.2937082
3.2052231
3.4599045
3.6079934
3.6203895
4.2643414
4.1735895
2.6245397
3.8890982
3.0595181
3.3249708
2.4248416
2.3351914
2.7645514
3.6204296
2.7919081
2.0826996
3.3068476
3.1998666
2.5926986
4.0885547
2.8160816
3.417531
2.7384969
1.713568
2.2564319
2.9422652
0.051469775
0.90646395
1.6264314
3.4129928
1.4872744
2.1611628
2.1954713
3.2631516
2.9937222
3.053676
2.69025
4.5069692
1.1265571
2.5233524
2.7368907
2.8217244
2.5221068
3.6758119
4.0123609
3.9701658
2.752373
3.2374547
3.8854285
3.5847095
2.7716528
4.2235501
2.3270411
2.7536784
4.0655373
2.915493
2.3975792
1.9518191
3.6447072
1.9046823
2.0693639
1.1509652
2.800793
0.65678022
2.3920101
0.8053393
0.5532314
1.7578916
1.7578916
1.3996366
1.1258319
3.7557
2.8550784
3.5011488
4.2096433
3.330924
1.3102545
2.7831224
2.4479793
0.72361158
3.9352144
1.0417583
3.9019942
4.015395
4.5980454
2.557573
3.553175
4.4740713
2.0421276
1.673799
4.7921158
2.6942815
3.235603
0.76404816
4.1077818
3.7597451
0.2208311
4.1548992
0.94568026
4.2644196
2.8670937
3.597248
2.124186
2.9311951
2.9152824
4.1690609
4.1654052
4.176003
3.2836169
4.4197595
1.9772184
2.3461127
4.7748179
2.4075181
3.7307088
3.4194324
2.3507432
1.0498121
0.12128916
3.2259319
4.355769
3.93154
3.7161672
1.6775986
0.8803555
2.3572316
0.5896927
1.9516277
4.0046145
2.1888305
2.9741771
3.2321976
0.48042949
1.0014503
2.1553959
0.7993771
1.1341643
0.35328001
3.2274478
1.7357548
4.2967134
3.9265601
2.354842
2.4967035
3.3632948
2.093367
0.78320668
0.30140884
3.4784359
2.73199
3.326519
2.6729044
0.70690502
0.23587448
3.5529476
2.9763384
4.3722628
3.5327915
3.009584
2.3102472
3.3923107
4.0571146
2.522273
1.8690045
3.762715
0.50004743
3.7881892
2.6734993
0.74220483
0.90812531
3.9960643
1.4889502
2.567925
3.0417466
2.6270334
2.4245144
4.4780235
2.410179
3.4533448
2.1970941
2.8384746
3.7684497
0.22858744
0.59582215
1.6068881
2.8955281
2.7772939
1.4105119
1.1385708
3.3329941
2.1053534
3.7450066
1.8726691
2.8851489
3.5413775
0.14533773
0.31562817
0.13737687
0.30880313
2.1486616
2.877188
0.59010629
0.71773622
4.1810777
0.75591199
1.9525819
3.6530405
3.4133958
3.4337631
3.4272785
1.503139
0.75419531
0.99117655
0.56244859
1.6235981
2.8588787
0.31556443
0.96877844
0.73501794
1.2230674
3.4001399
1.8318681
-0.57505511
0.51798542
0.36641608
1.4056568
1.2407585
3.7184251
0.36978905
0.17432897
0.35611943
3.0068309
1.0745255
0.65946355
0.080278497
2.7812648
2.5706669
-0.026817312
0.81232725
-0.30420084
1.3056633
3.9559885
1.0364034
2.8641693
0.79554251
4.3205644
2.6368827
1.8634523
2.6452599
0.97247497
-0.067143043
1.9668498
3.1930623
3.9865225
2.2132414
2.4929854
4.4888712
4.5736877
5.0296143
4.0583271
1.9718904
0.3428165
1.0503014
3.0415119
0.42922582
2.732864
0.66024622
3.4817388
1.5873603
3.0253955
2.3354778
-0.3251081
4.1513985
1.5302525
0.97537249
0.18269341
2.8289044
1.7738281
0.83522329
0.026690896
3.2993946
1.1423379
0.14430098
2.2576031
1.4417671
3.4521351
2.2327276
3.7942191
3.0361926
3.3832259
3.0019358
2.7347572
0.82819538
1.5713809
2.1764165
1.0306663
-0.22178836
0.47198342
0.89119857
0.84924624
0.80891071
0.84956437
3.6840826
1.1691563
1.7196659
2.2683247
0.27129821
2.8047925
2.8931395
3.0692099
0.046344853
0.59338392
1.362619
0.29421482
2.4634431
2.3050566
1.9856744
2.7477732
4.2837378
2.253952
3.5753473
3.148994
0.87292388
2.9285974
1.7792878
1.460471
2.2835645
-0.53927787
0.40751876
3.5703433
2.1829791
0.34356377
2.8831396
2.8069098
3.1570956
3.8096434
3.4505173
2.9360311
0.76264811
3.5161185
1.9701811
2.3048971
1.3965193
1.4218157
0.94616807
1.5939986
3.2346359
-0.0094635278
0.77793215
-0.59095992
3.1177016
3.1270348
1.7046875
2.885121
2.831826
1.3822307
0.40309571
1.6140667
0.23098718
3.1663796
2.5133535
-0.18962498
0.38951564
1.3857864
3.8690851
1.2532998
3.1658418
2.6265238
3.2606393
3.174063
2.0270777
0.64280658
-0.52664598
2.3703539
1.7830542
0.12010452
4.1731654
2.7996841
0.95551537
3.3527724
2.5951542
2.0837574
0.77952571
0.022443476
1.0580033
0.57542446
-0.67356573
0.17273491
0.30504321
0.052205156
0.50557602
3.2421901
1.6421262
2.059885
2.9089166
3.5836947
1.2342163
2.5193038
2.2835256
2.2231323
1.0198668
-0.45999829
3.3112588
1.2597579
0.58980846
0.82589811
3.7693311
4.6175617
3.6775423
-0.063676557
2.8761254
2.4222083
1.5332609
0.34654657
0.58197661
0.35504661
0.81609523
1.0718961
2.5786033
2.6418348
1.9435615
1.4262361
1.360375
0.20539602
0.95039952
0.2562548
0.6600418
1.7818317
0.48469482
0.67415595
2.1066708
1.3101506
0.46055519
1.6494909
-0.091673861
0.48391866
1.2350451
3.486081
1.1190318
1.1791383
0.70705807
3.3046054
3.4946283
1.3358301
2.8023128
3.4196381
0.93513332
0.075053515
-0.29521124
2.2177267
0.74673413
0.76889162
-0.54713403
1.6608721
3.7859236
0.84812737
-0.050742174
1.9135543
3.5189678
2.9083531
1.7430641
1.5015608
1.2126306
0.01120277
2.3916606
4.0381838
2.6293138
2.7530771
3.4036782
3.1097504
2.7334561
0.83025085
0.72785127
1.1757904
0.70483763
1.2125312
0.72795336
2.3336702
0.21635935
0.39914207
3.3763631
2.3623532
1.4830862
1.5092683
-0.46871815
-0.17187645
1.7857144
1.1335572
2.9261273
1.6690747
2.5577483
3.1415199
0.71680356
-0.0016924445
1.5582566
1.2646004
2.9893742
2.6385595
0.95147183
0.36566992
-0.069126344
-0.16366884
-0.21863114
2.8513331
3.2920067
1.1754633
1.8561265
2.138731
0.91480218
1.0972325
2.5854489
3.244431
3.5377868
1.2360001
0.64520251
-0.25490954
1.7368919
1.7148552
1.8466258
2.0357596
1.6883271
2.2176628
-0.4797296
0.96698197
0.51214817
2.620262
-0.032983526
-0.51337714
0.63039874
4.1090296
1.9053088
0.88150554
-0.82437956
0.43378502
0.67830494
1.9814267
2.5263692
2.5687184
2.9623513
-0.42421
0.27786752
-0.34314883
2.2236115
0.92231649
2.4768591
-0.72084917
1.7171064
0.26340038
1.2295697
0.87914952
1.9020056
0.23976881
2.1600699
0.64951771
2.1626071
1.8872592
3.6510907
0.86499956
3.7933999
0.48283684
0.93066309
2.4128951
2.4264517
2.1172801
2.2842305
2.9529029
1.2305725
3.0527991
0.46383757
-0.24408262
0.17446018
2.2205539
0.36370958
0.83339102
0.5114814
1.4768404
0.20591307
1.1658304
3.2664863
1.3942694
2.8311114
-0.5962337
0.90108005
1.9994023
0.44128197
1.7066861
2.4562751
-0.043066942
-0.16239576
1.2937451
0.23154444
0.02912688
0.95967916
0.26151066
-0.15320113
0.95677975
1.2491136
0.88448008
2.4637135
0.51170246
0.62270965
2.2477589
4.2634253
0.58353161
1.1369788
0.86896744
2.7465824
2.6840246
0.75163064
1.9304023
2.5976813
2.5425671
-0.76533631
0.30523522
-0.17683119
2.853359
2.4734773
-0.50877349
1.0636869
0.3589981
1.7535314
0.96335417
0.21002603
3.5153578
2.5995994
1.8449944
3.0959547
0.83719015
-0.0031325589
1.6072657
0.19889607
0.24580023
-0.54012488
0.18343822
0.77666091
0.16954755
0.3405705
-0.182937
