0.1327162112
2.6328336894
3.6169603725
4.2280896187
3.3315482858
2.4651448742
0.0025924721
0.2086057074
2.6815004448
0.1240412673
0.8714463388
1.5611775277
3.7626766042
1.7092549956
4.4495657148
1.6660322731
2.8527665521
3.8256259722
2.3060765330
0.2420868996
3.0380047267
4.1499574205
3.6423154596
4.6712182380
1.0590963609
4.3120349201
3.1127384566
1.5370663891
4.9446453336
1.2255981292
4.6816302926
2.7564720378
3.1478604116
2.0074537846
1.5604722664
2.0761681242
2.2311472810
4.0182013248
3.6046915253
1.1358626997
4.8964019312
3.5542163413
0.8482628292
4.1021830779
3.9858206158
2.6037348465
0.8087389865
3.6000468802
0.7688718472
2.4643608704
3.2578510402
0.3059535836
2.5664007411
3.0974639702
0.7935701650
1.8216460211
2.3639445768
3.8872496769
0.5038117206
2.9698952698
1.2451447473
1.0774075106
3.5307645494
2.3032598037
2.0851833898
2.0029258017
2.4447469702
0.7011310022
4.2266169918
1.3237929549
4.0497515730
0.4628973972
4.6996132079
3.6338888066
2.8672954156
2.2514597330
0.7198350669
3.9735401690
1.8943171339
0.7705533062
3.6150977631
3.1572293328
0.8837593553
0.7934534706
4.3021113641
1.2561860284
2.9478702251
1.4248499377
4.9034071020
1.6945699409
4.5945033661
3.5502958955
2.8988394992
1.9512951413
2.7517677680
1.7901143189
0.3234004839
2.8590175548
0.0578794982
0.8615464596
3.3216389308
2.5872846420
2.8482223096
0.7019517094
0.8575387864
3.0463406454
3.2832857479
0.6078341194
2.4566851640
0.1877238444
4.8677938031
3.7933241653
4.5649795891
1.3718421006
0.9170660606
3.4145551668
4.8757169932
1.0635523619
1.0511932552
3.1933374238
1.8757971745
2.8749065404
1.5263116775
1.2079699318
3.8541263036
3.7482931062
4.6461025856
3.3073847899
2.8034087433
3.5399586517
3.9022252042
1.5066634453
4.5237000096
1.6782193963
4.1519416075
1.8999920193
3.9360772061
2.0155769256
1.6025603393
2.2971554635
4.1619977745
2.6305682177
1.6989895997
1.3706525053
3.4833999749
0.6527649948
4.0317517664
2.4645155643
0.4260132147
2.2502744849
2.9429955024
0.9381373866
0.0999822413
2.6288905818
3.7177012726
0.5271593442
3.6746803574
3.2193339737
3.7323873343
1.4302105102
0.6860322900
2.4755598793
2.0857877213
4.8595720512
4.3929511811
4.7527854023
2.4624179876
0.5133734908
3.8734054586
4.2867029975
1.9535200689
1.6775263049
1.1295841322
4.1414349509
1.4690611219
2.4912114262
4.4456624173
0.2474039263
4.1733541759
2.8074308669
3.2914475715
3.0038293247
1.0351974415
3.2501051358
4.5119965068
1.8945162714
3.3365457295
3.6647677370
1.5990561701
0.7586162753
0.5826081997
2.5375211042
4.8574239297
2.6968638374
3.2175131513
2.9261451620
2.0012223325
1.5833143095
3.4055193401
2.5207856250
4.5254196609
3.1258329413
1.6860359331
4.0953144591
1.3711187920
3.7866461268
3.8649162443
3.4931949502
3.3542209965
3.3764211554
2.1437153994
0.5355688655
0.3617125805
2.0889731382
4.3075756208
4.6695085654
0.8843097318
4.2943149879
4.1514764636
4.5692629403
0.3854446434
3.7790012332
3.0997376285
0.2443180212
0.7821230134
3.8663268244
4.8064905041
2.9297613559
2.8011934276
4.0948107732
0.0725678951
3.2744790668
2.6838319798
4.8395292648
4.5997510481
0.1919462305
4.0409748354
4.4633966019
1.3650356506
2.4907401400
3.1530663621
3.6486828020
1.9396355185
3.8044824633
0.5894950004
4.4252866773
2.1195607576
4.8438955854
4.2677522824
1.8520606044
4.2621378548
4.0003608483
2.4415864021
4.1694407396
2.7367589869
4.4472372798
2.2037695484
3.7025319715
0.6650583869
4.1718090548
2.9057218993
4.6085132462
2.4278414436
1.5897736617
4.0669238055
2.3137738497
1.3012889014
2.2614808751
1.3962153251
0.8356976109
2.6167006167
3.6636304684
4.1397679696
2.1207376050
2.3454324013
1.3439044511
4.1623813493
2.6217516053
2.3384420840
3.1742428033
0.6560964288
1.9790060611
2.2083486237
2.8494905072
0.7398413735
2.3344365847
3.1570974692
1.4833934618
1.1934745601
1.2994336275
4.8158179442
3.8179719252
1.2773262925
1.2924860190
2.2824808078
0.5728477622
3.7829551752
1.0724701499
4.1903678540
0.1589663137
1.7917410107
0.1023516192
4.5046270443
3.9102804374
1.8751725669
2.5008269319
1.2794077658
1.1444235332
0.8349196720
1.9683581631
1.2839779425
1.4493854561
4.3732938940
3.2296511871
3.9581694596
1.2610404530
2.0174146179
0.3155309352
3.8364572553
2.9025049565
2.0458467030
4.8401329940
4.4025520468
4.1102955277
2.3278261566
3.3192425114
1.3348035620
2.6868087849
3.7662304476
0.3554766381
4.5748218922
4.2595760945
1.2105942832
3.0969584271
0.4110057440
4.3640014470
0.1907589304
1.9974260392
0.3942194955
1.8199416022
4.9208375578
1.3847440846
2.9894126319
1.9687285913
3.6833696528
2.3270417730
3.2748768965
1.0543862994
4.7617384082
1.4948280632
1.1060649195
0.3523004548
1.5226751219
1.2051850096
4.1050507315
3.5050352184
1.4281381877
3.2303998133
4.7770240033
1.5560450164
4.6858202258
1.7161715032
4.4145276297
2.9685276062
0.8294193802
3.2199525231
2.1669489683
4.2725489150
1.7936488515
0.3123165816
2.4311602029
4.1459122648
4.4454164082
2.8258647633
0.2788995029
3.6532394992
2.1229719806
4.9575998931
2.9628434407
3.9466995757
4.4810105607
4.3805473244
4.1373190884
4.0772066932
2.9442685637
4.9754364850
4.5578428904
4.2362852983
0.8282286218
4.0083644757
2.9683793723
3.0088586708
4.8269395320
2.6385485979
0.1942375596
2.2817815407
3.1190788412
0.7026716872
3.1953431950
4.7409506454
3.9692743726
4.2781903720
3.8283420446
0.2733606168
1.9580219540
1.6446946681
0.1613303038
3.6447213940
3.0565787521
2.8354854774
4.4923239474
3.0765378147
3.7598890145
2.9746073868
3.3678463494
2.5303174482
1.6284507383
4.3293954877
2.2728342104
3.8053894145
3.4872218767
3.3550495517
3.6746623240
2.8583801957
3.4449822307
2.6738446352
1.4253195560
4.8975226061
3.9804262126
4.7034568448
0.3451081604
4.8376164481
1.8817012739
0.6407843912
0.0827877852
3.1186842690
4.5047910234
0.4119600093
1.0405707760
1.8933683458
4.9543599901
4.5364891342
3.5031482478
0.3282158906
4.6003426617
1.2222417089
3.8689634084
0.5986437804
4.1772119300
1.3351319769
3.5658513627
2.8961322102
2.3136654452
2.6776228878
2.3741596480
3.9217638291
1.0922117029
4.5966976368
1.2764026263
