1.3268849816
0.2862820837
3.7744875359
3.4732361212
2.6555988816
1.5740310889
3.8342465549
4.9533560886
0.1553536322
0.2475767353
2.0910696733
0.2290005562
2.4011481310
4.5167080270
3.1661260225
0.9819742855
3.6798341152
4.6904837416
3.0451360406
3.6744679677
2.3020026743
4.2702110009
3.8399121249
2.9912482574
1.4261818790
2.0870561144
3.7027730530
2.1955998400
0.8853798670
1.3075768478
0.3353531039
1.9646201678
4.1692500690
0.1328647202
4.0741631401
0.6639873026
1.0439859748
0.4122686744
2.8691270362
2.4508376938
1.0452610016
2.3888453245
3.7710643012
4.3967240017
1.9065286889
4.6768787709
4.4981951250
2.5447185639
4.6758286780
2.9562924939
4.7143089231
1.4526561160
4.0095687905
0.9469199105
1.2919883432
0.0284652134
4.7328620734
4.0179166172
3.7885691781
2.9868417911
3.9348039831
0.3927189525
2.8813192725
4.9056157391
0.4761180003
4.7546381153
2.6082378764
4.9446225818
0.0690419710
4.1473094753
4.9741375488
2.8224126477
4.9289614071
0.2308007275
3.1061252144
0.5925298008
1.1685339282
4.1093529831
0.4917238824
3.2903162029
2.5229300371
0.3297435691
2.4857734199
2.2553189896
3.9650035621
3.0775010364
1.8236441875
1.1985844930
3.2379894324
1.7171794716
4.1885428582
2.1567460330
0.1376210386
1.3562434753
3.3257619163
4.8372876482
4.4929033324
0.1115849268
2.9182247275
1.4462687594
1.5933351014
3.8531707129
0.5928332560
3.5388189531
2.2989335790
0.8488147705
1.4387870314
3.3346781738
1.1473907742
2.4737108889
1.2256864093
3.0899109105
0.4801227006
2.8424125519
4.8149620820
0.7587337882
3.3765241051
3.3117854891
0.7827127417
2.2663596262
1.0847014127
4.5615953498
4.0007353466
1.1481978247
2.6292394669
1.7334598447
2.3563741413
4.1991061956
0.4647023336
0.5756496064
0.1973970161
0.6782333783
1.9207389963
0.9555477411
3.7476574988
1.7930190872
3.8846502755
3.5464823649
4.2006692342
2.8559519408
2.7144878131
1.1322621768
2.5248837801
2.0886668282
1.9352385369
4.2903301072
1.0355234885
1.4119659979
1.3980627246
1.2803871265
1.3480057218
0.2825656137
4.4741896800
1.6751352019
4.5376542297
0.2461227258
3.5978461833
0.5970779729
3.8155047484
0.1028317685
2.2940383443
4.6718577845
4.1821763442
3.6111651239
2.3452913274
3.8542810881
4.7482242670
3.3748643074
3.2253627069
0.8359987048
2.3829656706
2.8088872351
0.5068979973
2.5898958528
3.2629530620
2.9056281499
2.9240302617
3.8598669896
4.6901633114
1.4204204162
1.8207036823
4.7581852198
2.2082990714
4.2653038590
1.1623126574
2.6066330780
2.7987160545
4.4956079342
3.3440074161
0.3505737352
3.5363703918
3.6515150849
2.0462633893
0.2139669048
1.0474267822
3.1859954747
0.1102087007
4.2528547471
0.9660069194
0.7840402086
1.2155412089
4.4380677144
1.1358403060
0.0217854659
0.3170576006
0.2659613432
3.8567825980
2.6968599914
4.7469011737
4.3981503032
2.1153916296
1.4051734277
1.4242762138
1.7848383695
4.5577248073
1.3695883499
3.1788643246
4.2769602003
3.3215952051
2.9208048736
4.1254257860
0.1035856975
0.6206739870
0.3717786879
4.8026160381
1.3346481094
1.8056553086
4.7486616027
2.2770577986
0.6949257174
3.1754331550
3.0812935294
0.1229721671
3.8013417449
2.9967292250
3.8055065315
2.5176014232
1.0981808485
3.4523335407
2.5818705091
4.1832911415
3.8280110115
3.7801764936
1.2380865293
2.4891037966
1.2423296713
0.9075691157
1.0452130901
0.2694992663
1.6957302860
0.9124790300
3.5446130323
1.2868536362
3.1293430958
3.6576293690
4.2593796899
2.3609355170
4.9101993732
4.7101184997
2.9106105237
0.0050827730
1.8078847952
4.9613862334
4.9779402092
4.5795111905
4.6413925220
3.2475488841
2.3110432816
4.0213542466
3.4785929469
3.3018676348
1.9333142698
3.8037188392
2.2074626972
0.8785037401
3.5527011057
1.9679096675
4.3895431324
3.2144766975
4.6829007810
1.5603139716
4.9475361188
1.7552292189
1.7091450499
4.1751626130
0.9041250639
4.3843922008
2.9380537664
3.2840320699
3.8797898890
4.1618354685
2.3350844976
0.7406888873
1.7534486151
2.6931124456
2.6636546942
2.0444925350
4.9992133432
4.9008106129
3.4378772307
1.2764785390
3.0215274478
3.8325812507
0.0299768689
4.8794802335
1.9337115717
4.6758430562
2.4309144549
4.8178785902
4.8538713372
2.8250613638
3.2487327532
2.9450843822
4.9477173717
0.3994494295
4.1969730564
4.3395694953
1.2287511124
1.2878971311
1.4316404005
1.7957135702
4.9592357018
3.6205070547
4.9491876791
0.8170824098
0.3852829404
3.5645348346
3.8725404946
0.2407947780
1.3192525250
0.8146413665
2.7931155208
1.7967784102
3.6636114951
2.9066456677
2.5730408006
0.3900033195
3.5916977352
1.1095202937
4.7654370631
3.9928748726
4.5798543635
4.7369228823
0.4068601479
2.6951596916
0.4676596789
0.1274591647
1.6531562591
3.5170182750
2.9321028571
0.6481012030
2.0494893767
3.0244683814
3.2493065942
0.0193412637
1.0817340177
0.9640667553
0.6136572049
4.2009731664
4.6874819909
4.0635627415
2.0469781001
0.4367107274
1.2014091343
1.7271598167
1.5958069210
2.7726536072
0.5656325760
0.6278591073
4.9471676860
3.1429960341
1.7980311309
4.5958166349
3.2348499486
3.6760700724
3.6304963493
2.7920123940
3.9296249585
4.2001738995
1.8080497812
3.9027184868
4.6566769974
2.5226335118
2.8851485255
2.0948044692
1.2385642206
2.1837849564
2.0268764085
2.2279948786
0.4771303032
2.3322701504
0.5827774910
4.4615856662
1.2459737648
3.6770641574
4.2656523569
1.9442470166
4.5274788494
3.2084720156
