0.0440513533
4.7817383397
1.1947429659
1.5985332876
0.6831949455
2.6003545638
2.2996318801
1.5897918134
2.2041204315
2.2081583136
0.7264647308
0.4132817639
1.2758513670
0.2355013373
1.6721247606
0.5505210352
1.4633461785
3.2269465626
2.2766598003
1.0822611096
2.3596971765
3.1483091684
2.5176354208
4.6072395890
4.3556406834
4.5633299267
4.3823618551
1.6996847624
2.5364126203
4.3032699726
2.7595156184
4.4711728417
3.8592262322
3.4551156005
4.0325130907
2.1969583047
3.0934793547
2.8893644348
4.6908594455
0.3954141733
2.7590067818
0.5445381775
4.5754437718
4.5525523361
1.1246929615
4.5687649232
3.3278566210
3.4056895155
0.0205904743
0.8032535526
4.6763710510
1.3382524882
0.9520146126
3.1706267893
2.8319791334
2.6916720067
0.6051929253
2.3233959425
2.2221643660
2.3236188598
0.0128549019
2.5129819702
3.3088930800
4.3909329470
4.2571900878
1.4843720965
0.3372262928
2.4200574587
0.8700469246
3.2906316228
4.5742141125
1.2603105459
0.9298785512
3.0880745818
4.2221892935
0.4617265511
1.0261797453
0.1280673291
3.5397014566
2.1484232705
4.6800401992
0.5444538420
2.3562303613
2.1925711311
1.7796274618
2.9638332279
2.7182120422
4.7582499122
4.0581972145
4.0848965365
3.7141571273
2.3570990370
1.4465231309
4.9063742375
3.9717128372
4.9201438042
0.2489824772
4.2826154854
4.0410205552
4.9770825503
1.8910908867
0.5812983489
4.0338760443
0.4833439342
4.4748394698
3.8672643527
3.8998609143
2.7371896289
0.4561636436
4.7761137801
1.5272583820
2.9779910082
3.4663048612
2.9352480155
4.1622952822
0.8996192382
2.0663778404
0.8808845950
4.1647922313
0.3998518352
1.1234160078
1.1777073809
0.8470063921
3.3211355532
3.4884507404
2.2218812028
4.5762929958
4.8264007137
0.8453246683
0.6749152191
0.7277942003
2.9554661221
3.4761098710
1.8901849672
3.7329135821
4.0856018151
1.3889872957
4.1388274015
1.9307031162
1.6898493898
3.8016582426
3.0783389648
2.2559534716
2.3676818701
4.5328413290
1.2247917381
4.8188393929
4.4865872953
1.9818230532
2.2555197483
1.9911564165
0.4953777766
0.2676659710
4.6789244257
2.8238447469
0.5787789678
1.8424496458
1.7353377787
3.1056073569
2.5495890627
4.7143650019
3.6394219277
0.5245938302
4.9039818597
2.9347665494
1.3202570059
0.6215657156
1.6850604463
2.4771982393
3.3680839224
2.1965347470
1.0503669671
4.2153614948
0.7427568892
3.7400487926
4.2646650500
3.6810273180
4.0525807643
3.2591933653
2.7370051002
1.3326723620
0.5657429591
1.5267055415
2.8910541399
1.5124305271
1.0905067209
4.5347137388
4.2532414787
0.3247110755
4.0533448401
4.5334975746
0.5208845694
3.6870805025
0.4430180552
4.9969085153
1.3416862416
3.5259025277
1.2781234582
3.7119308036
4.6095304225
0.8995676365
0.2288628395
2.7381447720
2.7251687701
1.0053346738
4.3918419795
0.5370576881
2.1531306637
1.9768911271
3.7188671983
1.2104922783
3.8500740373
2.9143800025
4.5543378279
0.6061966232
3.5700199128
4.1531286557
4.2864504891
3.4079127518
3.4467995098
4.7085626500
1.4886659531
2.1022915643
0.5950347767
2.6103347398
4.6714997435
0.5478702342
0.1926414397
3.3267094884
1.0105663234
0.4190615451
0.7478834825
1.1895068726
1.1229415040
3.9835942761
1.1032396968
3.0598375799
4.1664414363
0.9335663105
3.4807118679
0.9654976246
2.5996070037
4.5323291824
0.2757806035
0.0228944521
3.8064124503
3.3815408477
0.8101940992
0.2010399418
1.2294944472
2.1402541344
1.2604775491
3.8543817127
0.5176553536
3.5418281613
3.0959217971
3.0475919399
2.6542899676
0.8213605631
3.6464194699
4.5120565835
4.8481013976
0.9684661998
3.6395605653
0.2444965566
3.7190166418
4.1054247155
4.4136975971
0.8073199947
1.6617188377
0.3224614046
3.9481882289
2.9829904850
0.2059387629
4.8093149144
2.2257911837
0.6265639475
0.2839758336
3.4500079158
4.8304244003
1.0478858742
3.9573563789
4.8062245762
3.1145132365
0.6246649098
0.8197171755
4.7298880283
1.9754063060
3.3272873469
1.7836829202
0.6090236149
3.9443875921
0.5439740763
2.6555703154
3.3700160585
3.3023611175
2.7894959447
3.0112065503
4.0067724199
0.6341489855
4.2115693863
0.6951289932
3.2715643409
4.1624703425
4.0662906748
3.3881936875
3.6975441611
1.3601280756
0.6981982526
3.3175455621
3.7988366389
0.4249171466
4.8530673947
0.3385009573
3.8460527351
0.8696037017
0.0842540202
3.3987959294
3.2940308142
3.5854527866
2.4388538341
3.2286196464
3.7611852295
0.5917749609
3.7712932351
4.9897638403
1.4582591644
1.2985136492
3.8130086140
2.3970845458
4.4363893445
0.4498260040
4.3020148645
3.4064240466
1.7836713986
1.1528657027
1.9604511891
2.1844368776
2.5249677747
2.1496267657
4.2072866752
0.5547867137
1.0662517844
0.0859484797
2.1535586969
1.0974388166
0.4326831140
0.2489331523
2.4857180357
0.2868982310
4.6548385619
1.5635360234
0.2764047650
1.5429949287
2.6016784122
1.4955205259
0.9394424747
0.4640764058
3.4991402834
2.5390275409
0.4758043866
2.2752436613
2.7325700717
4.7635046348
0.7391873858
4.1896908303
2.2480002991
2.2506258207
1.7236680380
3.8135398317
4.6456713364
3.4141744543
2.2723723355
2.3661820256
1.6188871718
0.1148567834
2.1964572747
0.6095568748
0.7176561877
4.0609817113
3.5398914912
3.3296457799
3.0105653668
0.3313288468
1.7300731053
3.6684954216
1.3465750239
0.5279021821
4.1103997498
2.8201919069
3.8631271248
1.3263261003
0.9922975033
3.6623925929
1.6959850632
4.2562041639
2.9153362083
3.9574194679
3.5830429888
3.8317745945
1.4299474829
2.3127842063
3.0480599716
2.5367298313
3.9735826832
2.2077333104
1.9456150182
2.2213163658
2.4941902218
3.9654799058
0.4558947804
3.7231155052
4.4715690447
4.5538595877
4.7631932850
4.7066711270
2.1250067835
4.8319690363
1.0268237204
4.0159471703
4.4928011972
0.2068007402
0.2647428123
4.1351608688
2.9845810475
4.3299828977
3.0914201621
3.4986678929
2.0902015973
2.2366032288
4.0708246728
2.4232179276
0.4694295225
1.3199968261
0.7169494137
4.8531241009
1.3253162652
0.4406941221
0.8677815337
3.1108923908
4.1023767798
2.8049633617
0.5093966919
1.5859580019
4.3603563070
0.6171754568
1.8858944912
3.1288200184
1.5080203030
3.8373255757
3.4147941415
3.6566237274
1.6822060282
4.1653480961
4.0685046042
1.6318071782
3.8091176187
4.9603674408
3.2784223443
2.1136251029
2.0619437796
4.5968696306
4.3825690976
0.6721345986
2.9463676297
2.5002159433
1.2495633190
0.7176432578
0.9090857431
4.1083336721
1.0658487678
4.5608770596
0.1203471372
2.4203174449
0.7298335751
1.5585425987
2.2666769226
3.8396907088
2.7318996871
1.9969814532
0.2819026025
0.2519686187
1.4547273509
3.3578139869
0.8115176716
0.8228134987
1.1612688648
2.4315409572
0.3560862571
2.8224900927
3.4708517214
0.4888342669
0.8732281493
2.9106427935
4.2957700847
0.6786483797
3.6747647374
2.1168887475
2.2254368308
2.7443916119
4.6665171609
0.1697319953
2.4224427044
1.4844070427
4.9143174789
2.6293624306
4.7200560628
0.5342464600
1.6429358989
2.3176421631
2.7847727598
3.6221228861
3.6873811682
0.9877586558
3.6970925255
2.5050681293
0.1115611660
1.7915215975
0.8909822843
1.0943967882
0.8213856164
0.4671066763
2.1253397917
2.5409075126
1.0524667226
0.9453370433
0.6026693136
2.1917814066
4.2716654752
3.2476001258
3.8302263944
0.7244365643
2.3525054626
4.6906063659
4.6818076081
0.4828621611
1.5632212839
4.9179152390
2.9745051445
3.1175056051
4.5298391869
1.6191153655
2.8500916895
0.2920672883
2.6327423946
3.7765074729
0.2368498947
3.1541397823
1.3818168026
2.2759842082
0.5718393503
2.8592072138
0.9512933885
1.9415371646
1.9586539425
3.0299163355
0.8902158426
2.7875817651
3.7101403551
3.1686887969
1.8481046555
1.1443326721
0.2334258209
1.7187346321
3.1485262596
0.4911689639
1.9256666193
1.3865453182
0.0271968751
3.3518072575
1.8985297935
2.1513112466
3.0378695109
0.5617850664
2.1885357082
1.9498683915
3.3711081962
0.0400037867
2.6556199301
3.6493026715
0.8713100173
3.8867736036
3.0558460677
2.6159232938
2.2597819768
4.0239491276
4.0939682026
1.9247785619
4.2507301350
1.5994775070
0.4309789544
0.1971745198
2.7977120098
4.2382579469
1.2199886021
2.8268387244
3.9361038482
0.7510157905
1.3654886004
4.2836436815
3.5387312177
1.7584334131
1.2066108440
2.5454873775
0.6139184490
3.5726869496
4.0903787077
4.9854671821
3.5253688682
4.6545701293
0.4677587848
1.1674485205
3.0696575341
4.6614270551
4.8707899302
0.6162164112
4.7184904205
4.9771724296
1.8360402431
3.3194265614
1.4186727125
1.2068833330
0.4665995643
1.2814885151
4.1829731753
3.2890589875
1.5758564748
4.1313866670
1.7304354778
1.0710468344
3.9511612314
4.5374711140
0.7164599678
4.6778324944
2.1994911178
0.9057496099
0.5930747625
2.1300206106
1.3913888978
4.6406296454
1.9607721988
0.1101509830
1.5703399829
0.6879662015
4.9082697567
3.7923826229
2.4246161405
2.4223613293
1.4193525677
3.3220451768
1.5752946306
1.3997567103
3.4809816304
3.0197354273
4.0811381286
3.4914050621
0.2191469311
1.1787840673
0.7273942352
4.3183709784
2.7741718675
2.4924174879
4.2960703552
3.2919918561
0.9016237720
4.5832987242
4.4202118011
3.4635452622
4.5355689768
2.7869837853
4.4301347144
3.5271657595
0.0051688294
2.5639321648
4.1970423588
2.8884021356
2.8717094119
3.5619461977
3.7762100809
0.5944004985
2.7098815000
4.1302909141
3.3208123282
0.9613601040
2.7438925914
0.7843969473
3.4669611150
2.9745823989
1.3558386843
0.8502317058
0.1347308034
1.4731898949
0.7913539746
2.9725212130
2.4185855741
0.9656254569
0.2171808152
2.8715245815
3.1890550721
4.8066746977
2.8488742107
4.2776378286
3.9466969780
3.7584297399
1.5169138670
2.2884914616
2.8759442470
3.4659019431
0.5192064417
0.9842897917
3.4725860346
0.6155896123
2.3011102059
0.3369270726
3.3622264479
4.9780345202
1.6851179007
0.6680391272
0.3015807986
4.8322035918
3.4562302066
3.8898669285
0.9390065379
1.5524796460
1.9015060116
4.8180034570
4.7999520946
1.2333329563
0.8495756203
2.1222748739
0.5173929773
4.9106939117
0.1949632571
1.2048044425
1.4227873014
0.1941015334
4.3004247447
1.0144805146
0.8912239212
1.3844333440
3.9163291461
1.6544810789
2.9524821557
3.5561244147
2.8481885048
1.5722046670
1.5605242525
1.7210776315
2.9411816713
4.1750536317
