0.4834511763
4.9096061515
0.4423417886
3.7969158641
3.9764402382
4.0096473973
2.7485323297
0.4264819240
0.7943263091
1.9726546787
4.5284487238
3.7580088083
0.9118256172
2.4340513842
0.6499470378
4.7889350522
1.0364728070
1.8669034779
3.2186951433
2.0606044078
4.1387691701
4.7154254154
3.0071938377
3.1058269715
4.1118294928
4.8465558296
0.8413592347
1.5211298452
0.9255618610
3.5178921437
4.2611873531
0.6042979657
2.3036571045
3.0626727124
2.3128581688
0.8923255418
4.2804952826
1.8877778351
2.6635025112
2.3634149257
2.7482847701
3.3768948479
2.5296026549
1.8699930298
1.9317491719
2.1741902824
3.8641028346
0.0918108876
3.4185075210
0.7083116027
4.3098707586
1.9361199673
1.1086180751
3.8946851058
0.0679020841
2.5658746880
0.0478645814
1.7463930088
3.7829482994
2.7602145731
0.2881701788
4.2290343548
2.0680510985
4.9605769190
4.5275672316
2.5396589748
0.3893847040
2.4402520689
4.5645953895
1.0789941421
0.7460682392
1.5677136759
2.4416341066
3.5527675707
0.2040647536
1.0804560283
1.3229138022
3.7931008498
4.6924084107
0.8152949053
1.5708308549
2.2739620869
1.1228982298
3.0752078472
2.4543797638
0.7229082600
1.4457921904
1.0769994718
4.3923001426
1.3503243732
1.5642810203
0.9966978588
3.4378307988
0.7507107784
1.4755931624
0.4920643756
0.8293070520
4.5300397839
0.7280828145
0.1685019333
3.2293947279
2.8086807271
1.4388081144
3.9036708651
2.7643139864
3.3988868607
3.1277680760
4.8480877115
2.0523823707
3.1954804988
1.4316113184
0.0678355010
4.1186382545
0.0124227028
3.0653585455
1.4383249350
1.8598572899
0.1887931761
4.9252206781
2.4850095402
4.6232345708
4.0458427824
0.9542970880
1.3013946490
1.4542880919
4.0508480304
4.8267800882
2.5630353235
1.7576837714
3.0102517790
2.9118742604
0.5580623655
4.9918528654
3.0289001315
4.6381889153
4.3328036578
3.7182581052
0.4170898169
2.8407305414
1.7211005870
3.8733794011
2.3637561058
4.9992860695
0.6069015035
1.6909725256
4.5117163029
2.2980487224
2.1337164040
2.8295688960
3.6368208995
2.9965227004
1.2967345816
2.1518204691
4.3426613739
2.8114025265
1.9621601906
1.3450649109
1.0097732108
4.4942341144
0.5850548373
4.3939316680
0.4848127779
2.9418290813
4.9262617383
1.4340934113
4.0408600710
3.4028480693
0.7885179991
4.9901786106
4.6928138209
3.3175444354
3.0424604757
2.1798137833
3.7979338639
1.2368431686
2.0388417943
4.4397973214
1.1252058291
2.0658228698
2.4009667393
0.3801847811
4.9307378888
0.5349976386
3.3613306870
1.8188771981
1.5503563854
0.5559123202
0.4020113691
0.1050634216
1.2135793822
1.7164453327
2.3359783228
0.8571137036
3.1219724120
0.1324597850
0.9357112178
1.9624189090
0.8244117264
4.7282823726
2.2890541713
0.4970067761
4.8950049842
4.5667721605
2.7058984744
0.3959577287
0.2874803871
4.4039443965
2.8820261766
4.6567268783
3.2420105732
0.2823395043
2.2703320131
4.3921201184
2.5740699320
1.7963009471
2.0398665317
4.6141596750
1.7255412267
2.0213992909
2.3980292958
3.5613221821
0.3295222980
2.8753900960
4.3922330104
3.1571793856
2.7838940107
0.5109217876
3.0290276635
2.6764819785
4.5745792844
0.8879429617
3.7887136006
2.4039899246
1.7955578457
0.8592482392
1.4627041685
3.4012819749
2.5152350635
4.3643243429
4.9932674946
1.9874120020
3.7019536861
0.8687151138
0.3978534096
2.1212843230
0.2876673125
4.2282422494
2.3631908068
1.1182834220
3.3885718024
2.1849492244
2.1010431462
2.5029294734
2.5634483817
0.7155556769
1.1743807000
1.8956788777
3.4513677365
4.2201201028
4.2893377786
0.6486127092
0.9451207287
3.8407365338
0.2673669136
2.1154446026
1.8082863185
1.0852875652
3.2793000956
4.4904472410
1.9933536586
4.9630181903
2.8575250021
3.7435823044
1.8550409381
0.3460839725
2.5762520012
2.3709865691
3.5442812247
1.5989896840
0.6780809013
3.1673058657
4.5097830836
4.2763222480
0.3560952478
3.5960928790
4.6992539546
3.0043711759
0.1059617546
1.3141333613
4.5430549697
4.4257222811
2.2265635106
1.1133023020
0.4991198813
0.2049328173
2.5582432443
0.7381660037
3.0474258877
3.7407999058
1.2455974574
3.3684519327
1.8312831694
1.0949957466
0.2408889825
2.8127446897
3.7654707279
2.1820642048
0.4216047733
3.8239975578
4.5601714408
3.9416804995
2.2816728331
1.2399638853
3.2652569309
1.7660204568
3.8236874178
2.5843651153
4.2203757150
1.1340446791
0.3856203448
3.1900616472
3.6292639427
0.2270775998
0.9894887017
0.0668429626
3.8666096932
4.2984782928
2.4140007902
1.5174936425
1.4056670573
4.0423106535
0.5341330836
2.6809360972
2.8357679273
1.9652017285
1.7068466171
0.6655380904
3.0601753433
1.3911301004
2.7358018996
0.0347675348
3.2437452259
1.8154379011
4.5441724312
0.0675676118
0.0621211661
3.7322617914
2.4018085511
2.2740261118
4.0133124659
1.1648066671
2.8725109428
2.0806630366
1.0402566257
1.0720425018
2.5036069888
4.7771240434
4.1092267856
1.7457161637
4.3110786196
1.7460332787
4.1517200474
0.6708878283
0.9099876441
0.5796416284
2.4428869519
3.0400022948
1.4958291048
2.9607444542
4.9218934702
1.8888906781
2.0447852682
3.5818005575
1.6012275048
2.3827941457
3.0198477670
4.9665504769
3.3333798946
1.1068601641
2.4487434583
2.8046213408
1.1531780944
4.8095596728
3.5849860663
4.4141564325
3.8690868605
0.1757122854
4.0347509546
4.7035844366
3.7918972407
1.1505125769
1.4923297275
1.6450350906
3.5474107418
4.6449753295
1.2914851119
1.8230287222
3.9821225548
4.1900378296
2.2680400309
0.2479559798
0.7267739528
4.1002745005
3.8125682562
1.8801850132
4.0993622776
4.8035198878
3.0463028362
1.3936755114
1.6022750778
1.3000118365
3.3066629534
1.7046563976
2.2712857997
2.8599341897
3.3125652731
3.9287757010
1.8689697460
4.4430590439
4.6785025273
0.3273212163
4.2615536428
1.3357890934
3.7479353429
2.7184280989
2.9843078852
2.8221324375
3.8616734765
4.9120485811
3.7724601924
1.5244819753
1.2095649867
1.2678986036
0.8265108031
0.3216207388
0.8310367555
2.1542803863
1.4851452857
2.4448597751
4.3320324900
0.2238978946
4.3161793554
3.7039880460
4.6259951920
1.2324478309
3.0047635717
3.5537508301
0.8411854049
0.9594212828
2.7451822724
3.3954758547
3.2753846312
2.3913545316
4.6328833697
1.6494614093
4.4346004849
3.0795108408
3.1398815300
3.5296795660
0.2305867065
2.7610723696
3.5505195701
0.4167069161
1.0017624380
1.3504117359
2.9750094608
0.3366764866
0.2855314483
3.0705602760
0.5625879282
4.4081742945
1.0322586172
1.2508837526
3.9500201171
3.5757338830
1.9905782586
0.5021302223
4.0282009195
3.3838887332
2.2917320817
3.0719680545
4.3414952064
4.6012272189
0.2518340875
4.0510487486
2.9811081331
2.8367843260
4.2330307700
2.2502982939
0.6531927342
1.8242502638
2.1482879621
4.4039764193
0.7307169955
2.2213549109
3.1539358447
3.4100842471
3.8995843031
4.7865003249
0.9962113319
0.5306116637
2.4265124273
3.8719878676
4.8130475758
2.4101852076
1.8792348259
1.7983734177
3.3435940053
4.8948195170
1.1673268500
2.8485602234
4.0718524456
4.5452294394
1.2211362256
3.1098057510
0.8869557640
3.4346898434
2.2417947700
0.9791029716
4.1436904678
2.9335250495
1.8201145084
1.8802494668
4.2686940587
0.2353836837
3.9974589820
2.1828160766
1.1992870297
4.0395467043
1.5166874046
3.7932721363
3.3351984950
0.1242904308
1.6533782450
0.7514431963
3.4037088743
2.2250716763
0.5222575893
3.0216210771
3.7142831388
0.2549326033
2.0947190964
4.6429917186
1.9410491552
2.2005777698
3.1422843037
2.3901951178
2.5050579761
4.1142190448
3.3176972834
1.9990102709
0.2208418087
2.2573047370
3.8080840129
4.0072179999
1.4641811793
3.2870614437
1.7293671021
1.0351124217
1.2541507985
2.2004198574
0.2921685465
3.3380091696
4.3195041422
3.7430331263
3.9491397484
1.1741618586
2.1374751036
2.9750174189
4.2525369822
4.6810992723
0.7454415591
4.3716631432
2.1075445967
1.7925108883
3.6890556298
0.0792208975
2.9280953448
4.2730392284
3.0939691368
0.9861227263
2.8926301339
4.2319106666
2.5448655397
4.9924456972
0.8903860053
3.7961033291
3.1909718377
4.0394752622
0.7555340913
2.7931881287
2.4405108076
3.0119193754
2.2460664771
1.8921883539
0.3797358699
2.8533249842
4.7541351264
1.2725111544
0.9804631187
2.0868453382
1.5800851191
4.3965622746
3.5216979470
3.2456136520
1.4873312221
3.2270400617
2.9274925432
0.4671350553
1.2312590685
0.3967176735
3.8491356572
4.0624785490
3.4523727801
1.5639900896
0.9328627314
1.2424229068
3.1999675375
0.8944365635
2.4053030910
1.2684991895
2.9438112013
1.2356060881
4.6717966843
4.1371168331
1.1019314210
4.8032748635
0.3045861916
0.9303241909
1.3050065553
2.7922772011
4.5489164701
4.2485270279
1.1025579762
3.2490263434
2.1985726018
4.6405838288
1.9417707557
4.2969958862
1.4948055683
3.7676539688
0.6930871446
2.6573274145
3.1435010970
2.6721578545
3.0126054700
4.6365921802
4.8875378348
1.1060061515
0.5027839030
4.9104157067
1.5303760030
1.4272822185
2.1211268038
2.5786506810
1.3019623953
2.2668569470
2.0806788393
3.9341569322
0.8611023133
2.5516424035
0.6536516148
3.0177442793
2.6147290856
1.7456390718
3.7258669637
2.4368061026
0.9323175297
1.4205151363
4.6285531210
4.7305952351
2.9744843707
4.7217142171
1.9971325777
0.1625707236
4.4231665647
2.5721843070
2.0538762816
2.6170007583
0.2843629876
3.8125444503
3.4906758342
0.9458951595
2.9740863565
4.0632709893
3.8258362435
1.8418368127
4.1378458665
2.2013310617
4.8389744388
0.0564869177
2.5907371587
1.6512815166
1.1432059544
1.5131804285
3.5992502020
0.5204755926
3.6543217481
0.8104571677
1.6105377812
2.1715916310
2.2612318601
1.5325673664
4.8265628534
2.4757568444
4.3173403420
0.1895493725
0.5288323682
3.4692487859
0.1635994145
3.0356285444
0.2970235708
3.8299067293
0.0937779499
2.2582814715
1.6975366167
0.7703887447
0.3921029423
0.4048251959
3.3148098514
1.0293068864
2.0521504324
0.4979286159
3.2811816449
1.4337266802
4.8410572088
1.1807292929
3.5553705465
4.4538170506
0.6503043246
0.7866250227
0.8835940393
1.6094970432
2.7971208628
4.3242723306
1.6324006505
1.9972852216
2.6607292664
0.6464650726
1.9430209152
4.4513805287
4.8850847305
2.1896121304
3.0611450159
1.4450787453
4.3124584522
2.5513353429
2.3343291439
0.1763705350
3.8663107523
