1.5579175231
0.5905310616
3.8267965372
1.0106294607
1.3706108643
1.1833353945
4.5511414222
4.1350727845
0.2260735957
2.5255009791
0.3791080858
3.7047275411
3.5537910801
4.6289274915
3.1382960946
4.0263393642
0.7777248112
3.2700981019
4.2119268785
2.2481054909
4.5486090825
0.1577650770
2.1934507894
0.8961030770
1.5901212717
1.2155801538
1.3580904289
4.7072820454
4.2739600836
1.9279588405
0.0178411751
1.4496231032
2.7021084319
2.6998672444
0.3672861716
2.8145813661
3.4033883617
3.5765027729
2.7614491615
4.8954524176
0.5046235741
4.6650139135
4.6666560170
2.5686309130
4.0637247771
4.4836020792
3.4794811911
0.8168273278
2.9428433216
2.8478280336
3.4714201693
0.6712364593
1.3350634361
4.9820894789
1.7576798822
0.7036071295
0.6592119280
0.3365528301
0.1427675245
1.5224665267
1.7161705237
4.1949438088
1.2143608682
3.3768500612
4.6091191401
0.0032860924
0.1568615225
3.0553488270
0.2125823818
0.4388076563
1.4692932432
3.8008070522
2.8147854974
4.4048184591
2.3966618961
0.9074016117
2.7290639784
4.2925335654
1.2330185817
4.1960600705
3.0879519902
3.2338304760
2.3073643152
4.2982931417
0.0037629711
3.4971711679
0.0149300682
0.9427271898
4.7482600638
1.2978959367
3.5666114939
3.5112428031
3.4083086323
1.8274404066
2.5744098319
0.4941018067
0.5917470173
4.3054968261
1.3122308852
3.0603477063
1.5562689682
0.9546188283
2.6465491430
2.4087887537
0.6226709083
0.4462630045
4.6431056540
1.4668389198
4.8117934216
0.1069037377
0.6624526934
2.6533453628
1.3519181374
2.8669075766
4.0628871796
3.0643418005
2.4709326158
3.0256928170
4.1538547440
0.5276308501
3.7865359484
1.6648367082
0.7716089030
4.4065351962
4.6000406550
0.3148596249
4.2827514847
2.9215127026
4.5874711440
3.9481704597
4.2268628950
2.6601746094
2.2588295637
2.7849832055
2.4689805145
0.1242740616
3.2563853776
1.8439190237
2.1940520853
0.8322647201
1.1100595055
2.8056238475
2.4021549131
3.0770114086
3.6274564443
1.0753165627
3.5843326541
4.8022369840
4.2235124880
0.9961198467
4.8190859379
2.7835071738
0.3863640599
1.8748226572
3.7392126506
4.9083083282
0.2188113200
4.8090129385
0.3038049401
3.5765071988
0.8161976735
4.5510591860
4.4623744661
0.2717672842
2.7598096526
3.6900928786
4.0245216598
3.0740282961
3.4788129278
3.9859582732
2.0221403504
2.1337542084
1.8126929949
2.5351844630
0.7603326206
2.9542664644
4.0802024390
0.7026547513
0.5521017232
3.2261725525
1.0105946616
1.1061830906
3.7902199061
1.1278716270
4.3397356340
0.9151643963
0.7627845962
3.6016884592
3.9294446678
1.9174777850
2.2178571646
2.4928000757
2.2856614427
4.1476470112
4.6438249816
4.4073462717
0.0729336532
2.8587834033
3.0879662504
2.2196511143
2.0330567074
4.5940612398
0.8839797270
4.8021478564
3.8888879762
3.4815365730
2.2134444714
2.4343397084
2.7654422327
1.3782758091
3.0653997784
3.5910139529
2.1950161850
0.4433927116
0.9772089779
0.2401522598
0.3375774628
3.2702097103
3.2989444366
1.1758660759
1.9789011317
3.0789942931
0.4986813864
2.2526779389
0.6444838338
0.2153316400
2.8589167326
4.1091378065
1.6552760606
4.4450633412
4.4620622977
3.2088033176
1.6605359144
2.2428568372
3.5484516123
3.8758446247
4.5130370620
1.4740039407
2.5920219305
3.7549033596
0.8424985065
0.9322372622
3.9808901826
3.5274117447
3.2651083481
0.0625833681
3.2321596520
0.2195571385
1.4116769436
4.6380488787
3.6978248326
0.4437797285
4.3261908676
2.0208932609
0.7325617529
2.0325619633
4.8828868855
1.1001376097
0.0611016076
0.8098779667
4.6865888391
0.8116750513
1.3850133739
0.4647149076
3.0917389702
4.8988933535
3.1539177753
1.3583764257
3.0247228464
1.9212267066
0.4578970552
0.5317760472
0.8867727470
2.4547792556
2.5052540850
1.5526963751
0.0066022001
1.5204906296
2.4775369417
1.2312230270
0.5992633779
3.9167512478
1.3122327864
4.6625811196
0.5574433339
3.7985553850
2.2787242395
2.7618518869
1.3810636544
4.3359606756
3.9765940324
4.1190980749
3.2587850647
2.9806867305
0.5043860823
3.0139743931
0.5096329434
0.9791406488
1.1943348581
2.1267638364
3.9238656100
0.5791362427
4.1728365284
4.4119074293
4.7994437335
4.5003345633
3.5416564852
0.7575542044
1.8346903172
1.8673586432
0.6507749708
1.1406453183
3.3302455199
3.9601330532
4.4857172682
1.6548814414
3.0861331223
2.9169017385
1.8711738076
0.8950512553
2.8052048262
4.3583434454
2.0152901590
4.0351913482
0.9755788181
0.7911157046
4.9174237787
4.5525993469
3.9857292237
0.4290236021
4.6342751284
1.8906530612
3.4010272753
4.6509612553
0.1585819418
1.5896440622
1.8148222735
1.9360698479
2.2901185476
0.1684847817
1.7862448200
4.5955790490
3.9652938194
3.6363892163
3.0371053757
3.6030564915
0.9195430935
1.2307789638
0.1384620370
3.0339154996
4.6619378127
3.2971739156
3.3511815770
2.1127822639
0.6855933054
2.0832607986
1.4622813266
0.2635829700
2.7777665414
0.2503882120
1.3888054457
3.3199868085
2.6528534810
4.7022341450
1.9028716110
1.7192651393
4.8482963294
1.6862765200
4.1053621896
4.9349581704
1.6017961660
1.2860393697
0.6721916411
4.0453611469
3.9879226193
4.3410821674
2.4874482518
3.4562600433
3.9185710498
3.4106678724
1.0238974253
0.7461949303
0.2057156626
0.7424317606
2.8358846849
4.0575653481
4.0131456450
3.8787483837
4.2857533575
0.6719989838
3.9685773923
2.7935533585
2.2662836627
3.4665905269
0.5165606903
2.5169404361
0.2327806879
4.0100145809
2.8294169500
1.4928677629
2.4843275556
3.6133827499
4.5871647783
2.2988407207
2.8900410426
0.7674333119
3.0327289001
2.4106875423
3.3392090543
2.9707200449
2.0160442735
4.9488283563
1.1908667578
0.9565376047
0.8859347258
2.5262037231
2.1362198910
3.0611421718
3.4634661460
0.6168454068
3.7845138599
3.8222807055
2.3420747674
0.1656353905
1.1982647705
4.5631378768
3.0810029116
4.3049292987
1.6866275836
0.4886794118
3.6779143213
1.0763627571
4.7061161830
0.8132719735
4.9781104305
2.4733841016
1.3965743840
0.3427756606
1.3712541846
0.1220595673
1.4185148373
1.2715435109
4.4772808771
1.6577979459
4.5676084579
1.3235558878
0.2822124896
4.6902860198
2.4757595111
3.6940241003
1.8684947608
1.9876841672
3.3090048577
3.0380998876
1.0254712377
2.6666987021
3.1242191813
1.3398332858
0.4215474337
2.2133440764
2.7237053377
4.2883637122
4.9839575022
4.7489793434
3.8642393569
0.5287656559
2.7439270912
4.2196195694
4.3406871394
3.1593839668
3.7591558346
2.9487795062
0.2202036019
4.2613922063
0.1822728260
4.0335241009
0.6881789824
3.2933236637
3.9792249683
4.3614236456
1.0590502965
4.4152162753
3.8570428655
3.0173108610
2.3720125923
4.3536626169
3.2933184798
1.6708082845
3.1423337475
3.2384721868
3.0928746803
2.2793573047
4.6728121567
2.9699681649
4.0689856268
4.4008803569
4.3869578228
4.4774125493
2.4612202164
0.3323154968
0.8563881653
2.6460648279
2.7792551466
2.6252730918
0.1309993453
0.4934379688
2.3871910653
3.6812980482
4.1036161513
2.2130543144
0.3169813613
2.7031231178
0.5535775458
4.1531807494
0.2891499496
2.3344397311
4.2092449147
2.4135201055
1.5062584967
2.6217877828
3.2815149356
3.1076619654
4.5174364625
2.1939951737
3.9734928691
4.1143836581
0.8941856870
2.6961269954
3.1305740228
4.3158991032
1.9377165638
3.9082033470
3.5159552180
4.4632620807
1.5009916976
0.6992092077
0.8753433593
3.3138492810
1.8647968972
3.0424698696
3.5782587281
4.0268099479
3.5825049614
3.9807464698
4.9193854662
0.7813308712
4.1943465550
4.3629884678
1.2500649286
3.5794107314
1.6161810881
4.7672588020
3.7460482499
3.4175741570
3.0028204800
3.6167432416
3.4524366307
3.7467161394
4.6603765662
3.6319134393
3.0703805817
2.0003094739
3.5899802570
3.4389037000
4.9432467216
4.1509144676
2.9562839407
0.0721798199
4.6838817790
1.7738090930
0.9237596075
0.9219448402
3.5712222496
1.0532418773
2.1429203132
3.2398864960
4.0863537844
3.9880569199
0.7138234658
2.9403948591
0.9983808825
3.7441333301
0.7377875718
0.1309614642
1.1329139063
2.4942278941
0.8880210740
1.5409333970
2.1350308796
0.0925427193
1.5992993220
2.9610827203
2.0892650438
0.7909167846
1.0750351003
0.5796335270
1.0871697850
0.7333445523
3.9317960506
2.0286611583
2.6846093822
2.8110638940
0.8068803428
1.3164610157
0.5030311064
4.3453623488
4.0199466208
0.0980232452
4.9791306084
0.0412829901
3.5465071474
3.8617146913
4.8236923126
3.3524517352
0.2865607538
4.2233562151
1.1217587563
3.2733046035
3.3186162283
3.2099120721
1.0920715411
0.1661990246
1.4563137197
0.9779238404
4.3639708585
4.4015056351
3.6758931429
3.0936947166
3.6553044698
3.7811788861
0.5776110198
1.2532561485
2.0166696377
2.2010040353
4.9682222373
3.0436480704
1.3074068723
0.1323475205
2.4057974066
1.1494617652
1.3897215386
0.9475551265
0.3990414366
3.8495008988
2.1622924355
2.1290305697
2.1831411493
0.9905068806
3.1375244608
2.0734939539
4.1508508217
4.0839897057
2.8216294829
1.6910978017
0.1645010157
0.1672501417
1.8490146175
1.7932258612
0.9409894937
0.4727438498
4.2076843079
1.4302994238
3.3323100040
1.3362180932
1.1668110043
1.7772753021
0.7291467901
2.6718673854
1.7682128851
2.8433716908
3.6204864190
3.4835510968
0.1977350291
0.5056607087
4.9396754804
3.4494639654
2.6286267903
1.0134022868
0.6241094531
4.5012449733
4.4857319138
4.8893710526
1.4846261301
3.3581714557
1.6660732203
2.8520787707
1.2101729902
0.2167589247
3.3582595404
0.1129775449
0.0775233852
4.7328432252
2.4107330689
1.8578261897
3.6644579175
3.2672556042
1.0284994795
0.4219217359
1.8132564914
3.2508333864
2.1415550763
2.2134727770
0.0105397910
1.8161845178
1.4382839994
4.7547790861
2.7560579255
1.3519135738
3.5368081315
3.8019654609
1.9191752610
4.8726152495
1.4604219163
3.7038048934
0.3253955779
1.5306691622
2.7642478709
2.3797897282
3.1897872307
2.8926723181
3.7441452115
3.2763272742
3.5987054885
3.8862931349
0.9513577779
0.7151311938
0.1304952797
4.4176187837
4.1836873989
1.3250597069
4.2602437005
1.3430161312
2.5630390512
1.9714490437
0.2891144480
1.7345810374
4.7175436950
4.3171634624
3.8169373583
2.6389815067
0.3322875716
0.9970143288
4.8947720395
0.9336025155
4.9247521001
0.3198980534
4.8749667404
2.5221945605
2.0388103602
2.4670989013
