4.4266
3.5699
4.4296
4.742
2.5571
3.398
3.7089
2.7255
3.6215
1.9831
0.86896
3.2546
3.054
3.3379
4.2819
4.1345
3.0576
3.9054
1.4795
4.0916
2.7974
2.9086
4.16
4.1521
4.0895
4.3744
5
4.0138
3.8233
4.9076
3.5971
4.5114
4.5803
3.8467
1.5888
3.3573
3.6709
4.683
1.4717
3.0425
4.8006
4.2868
4.0037
4.0452
4.2135
4.3336
1.2185
3.054
4.1086
3.7298
4.1499
3.9573
3.7448
3.932
3.842
3.7427
3.5275
4.0885
3.7504
3.4827
1.131
3.2283
2.1434
4.0282
3.8413
3.6661
3.6876
4.7159
4.0743
3.9709
3.3251
4.2151
4.8581
4.2764
4.1168
3.4815
4.5167
3.9467
4.2634
3.7084
3.3573
3.9736
4.8763
3.2201
4.2649
3.4038
3.8523
3.9301
4.2685
4.2634
3.911
4.0689
5
3.9749
4.5218
4.1331
3.9046
3.9846
4.1258
0.57271
3.1503
4.5194
3.8882
1.4717
4.2644
3.4762
4.3362
3.0641
4.0037
4.1354
4.1358
5
4.7735
1.7972
3.8882
3.8465
4.2216
4.237
3.3325
3.6357
3.9768
4.4997
2.6836
3.9372
4.2719
4.2136
4.2697
3.8206
1.9485
4.0972
4.2162
4.2565
3.876
3.5161
4.1944
2.3418
0.73602
3.9504
3.1003
3.2007
4.2686
4.0566
3.2225
2.4199
1.7927
1.9831
1.3644
4.1876
4.5879
3.9188
4.3115
4.4623
2.8082
4.2565
4.3419
4.471
3.8132
3.9851
4.0366
3.899
3.6348
0
4.5374
4.2807
4.9513
4.2353
3.9903
4.2515
3.0173
3.2787
3.4039
3.9324
3.967
3.9821
4.4171
3.5351
2.7066
3.9188
4.0323
4.683
3.0425
3.955
3.8219
4.1162
2.8999
3.6875
3.8047
4.0368
4.1204
5
4.354
4.062
4.0841
4.4171
4.0035
3.5538
4.1173
3.899
3.4029
3.3887
4.6449
1.4717
4.1555
4.4044
5
4.1732
4.0453
3.0847
4.4175
3.6806
2.5391
3.6958
5
3.4897
4.1499
1.9644
2.1315
1.1675
4.4269
0.64369
4.4182
4.3336
1.8618
4.1791
4.3479
3.0096
4.5513
4.6449
5
2.1217
3.9301
3.8557
3.8569
2.1996
4.8431
4.5629
4.5533
2.8003
4.3674
3.4177
4.4735
3.5982
4.3252
5
3.1331
2.998
4.4952
3.3266
4.0942
3.471
4.3551
4.6449
2.7319
0.68374
2.9253
3.8483
2.244
4.0217
1.8879
4.0461
3.8899
2.9568
4.5282
2.1996
2.5565
3.9864
4.0819
4.0135
5
2.7624
2.3084
3.899
3.3868
4.4238
4.255
4.3079
3.8911
4.5121
0.99131
4.0234
3.6124
4.2697
3.3332
4.3744
3.3585
3.5876
5
3.9812
1.7972
4.0243
4.6851
4.237
4.1477
4.3117
3.899
3.8595
2.0181
4.5513
2.3456
4.5513
3.9893
2.037
4.2063
3.985
3.377
2.4264
3.8893
3.8882
3.8988
4.2697
3.853
3.9335
3.7548
4.0858
3.1053
5
0.57271
4.3053
1.4968
3.9584
2.7397
3.8882
3.9833
4.0102
3.4074
4.3629
4.6449
5
4.4961
3.6094
3.0673
3.0756
2.1739
4.3801
3.4806
3.1825
4.0075
2.828
4.1059
5
3.5421
4.3336
4.3336
2.7284
3.7835
1.4555
3.1053
3.1352
3.8349
4.6449
2.8831
4.2764
3.062
4.216
4.2768
4.3482
3.849
4.4215
3.8002
1.3297
4.7143
3.6876
3.9216
5
4.1346
4.0318
3.899
4.6922
4.6449
3.6094
4.7735
3.2711
4.0548
3.9349
2.2056
3.817
1.0715
3.4609
1.7972
3.8272
3.7482
4.7574
2.4264
3.8445
3.4849
2.3374
4.0037
3.6876
3.9477
2.0851
4.4797
4.6449
3.3897
4.3098
4.2387
3.8181
3.7289
3.472
3.7402
