2.90162633419
5.0
3.10981651093
3.69108053942
5.0
2.82629527144
2.62324239627
4.87051235459
2.69716264274
1.90589639048
3.21228116184
4.14660920076
5.0
2.66531614962
2.53980604609
5.0
3.70050522823
4.23770296429
4.75049559408
5.0
4.00136077072
5.0
4.08472635813
5.0
5.0
3.24023491035
3.30724834834
1.94604279556
4.10236884039
3.8714565848
3.61296026993
4.6702062304
3.57668113868
4.00136077072
3.5244534862
4.72860599689
1.59121260229
3.89962633844
5.0
5.0
3.60424783042
5.0
4.40173876178
2.93210628382
3.28516045717
1.90589639048
4.04629626569
3.00267818317
5.0
5.0
5.0
4.87036250249
3.1967541076
3.23350268537
3.26961542804
3.53126327469
5.0
2.41995785091
4.29183272264
5.0
3.53866778739
3.98400357558
2.35417693754
5.0
3.65153570802
3.33101590072
4.04629626569
4.04629626569
4.22569181329
3.81506277196
4.8557594933
4.19326491137
4.40173876178
3.97715889777
4.3446358317
5.0
3.57606484983
5.0
5.0
3.53942796282
2.35417693754
3.96468781783
3.44295421234
5.0
3.42609067888
5.0
5.0
3.22787994532
4.71013583357
5.0
5.0
3.84688420184
3.53300614218
4.75049559408
4.03957224761
3.96468781783
3.22787994532
3.28516045717
4.29183272264
3.01364890065
3.63988288763
3.20609182235
5.0
5.0
3.92246116802
3.59581142421
3.42840984562
5.0
5.0
3.92478970849
3.96646801459
4.74775403525
5.0
3.62003325823
4.31217071569
5.0
2.90960223034
4.74775403525
3.48647699568
4.10926041573
3.8787646206
4.29183272264
4.20530200214
4.13002657219
5.0
4.75049559408
2.69775236611
4.60892913056
3.44295421234
3.22787994532
4.3446358317
3.15463175709
4.40173876178
3.62003325823
3.69995545812
4.74775403525
3.44295421234
3.10456448952
4.75049559408
3.50625216947
5.0
4.26108737832
3.195781459
5.0
3.56880587699
5.0
3.97715889777
2.59856008749
4.10236884039
3.18003826135
3.62003325823
3.81777309214
3.86337942707
3.81777309214
4.60892913056
5.0
4.31756491666
4.34914283993
2.30974063126
5.0
4.43528141967
3.97715889777
3.36199274709
3.92246116802
3.12630720256
4.1499627042
3.44525185529
1.61813870007
5.0
0.842321670081
3.70569044191
5.0
4.23081560873
3.04595890835
3.29084246144
4.03012550801
2.85592432865
2.92910709355
3.22252274664
3.62003325823
5.0
5.0
4.10236884039
3.93315353564
4.14108410683
3.48438080886
4.74775403525
3.78610936901
3.82762544416
4.13002657219
4.11842983438
5.0
5.0
5.0
4.0543998908
1.89655797255
3.67630295654
5.0
4.73239627511
5.0
4.29183272264
5.0
3.51982340393
5.0
5.0
3.12630720256
2.61697565238
3.91776191424
2.69272744571
5.0
5.0
3.62003325823
2.30879846106
4.48018488931
2.86412683213
3.91776191424
5.0
2.97830639465
3.27758039473
3.36051237737
2.79528800062
2.71244373928
3.17149452022
3.87979490981
5.0
3.22787994532
2.84654960857
4.45834782269
4.75049559408
4.21818484776
5.0
3.71607147098
3.29531601142
3.2105813534
5.0
3.29250862458
2.66017040973
4.03298011557
4.2657076829
4.28192518462
3.15827720193
3.25799236879
3.01156332703
4.29183272264
3.47269600835
5.0
3.03980518479
4.18137216952
1.90589639048
4.03857984371
3.36199274709
5.0
3.82711429356
3.6596551996
4.40457260035
3.19003791709
3.57043389273
4.11842983438
2.12270090517
3.18892750205
5.0
3.91776191424
3.44295421234
2.12270090517
4.75049559408
3.49468322529
2.98808669629
1.82000373148
2.44213646999
3.51982340393
4.10236884039
3.84093512384
3.62003325823
3.29531601142
3.9193618533
2.69129242504
5.0
3.60424783042
2.8307896685
3.42609067888
3.65605536177
2.65785834954
5.0
4.30114676956
3.22787994532
4.33067025783
3.92246116802
4.03012550801
4.03957224761
3.44295421234
3.04301070766
5.0
3.53833130103
1.89655797255
3.97715889777
2.22858203463
4.2397941628
4.37772185004
3.51982340393
4.31277288474
4.29183272264
3.54667687205
3.65605536177
3.91776191424
4.60892913056
1.84939684788
3.42609067888
5.0
5.0
3.99933775405
4.38562561484
3.37328498958
5.0
3.15463175709
3.89589259969
3.72435337437
4.19883026523
5.0
3.1661787174
3.71607931755
3.36199274709
4.52721236096
2.81168711383
2.70346084684
3.96468781783
3.37929814218
4.74775403525
4.29183272264
4.11842983438
5.0
5.0
3.33101590072
3.29572109627
4.74775403525
4.85867740944
2.92182955996
2.41995785091
4.89035939363
4.31217071569
4.49596776683
4.03298011557
5.0
5.0
3.56599540872
4.3446358317
3.71607147098
3.22787994532
3.82762544416
4.13922164901
1.90589639048
5.0
5.0
3.42609067888
1.89655797255
3.38264770406
4.00951420007
2.09437157969
3.73725872427
5.0
1.84939684788
5.0
5.0
5.0
4.58425203967
5.0
3.50325196512
3.91776191424
3.89776391866
3.22787994532
5.0
3.44295421234
3.16639942719
2.92160495833
5.0
2.67464164108
4.43528141967
3.88376819118
5.0
4.38562561484
3.97715889777
2.95732153788
3.00087789008
3.57606484983
4.09468570972
4.75049559408
3.62371630811
3.36199274709
4.10236884039
3.50929259508
3.94852719124
4.00136077072
4.3446358317
2.01328619215
5.0
4.71013583357
5.0
3.67630295654
4.18582290067
1.99678930025
3.90036286694
4.03012550801
5.0
3.44295421234
5.0
2.87144661793
3.36199274709
3.20247519059
5.0
5.0
5.0
3.8714565848
3.72337394474
3.50929259508
4.01034471151
4.78601723714
2.79332315265
3.89497855353
4.60892913056
3.89497855353
3.92246116802
4.76587554558
4.1558699001
3.96028459023
5.0
3.23981115289
3.97715889777
5.0
5.0
3.92246116802
3.65884362987
4.10236884039
5.0
4.31756491666
5.0
3.30000008827
3.06853317053
3.8873200873
4.46323369881
3.50929259508
3.1661787174
5.0
5.0
4.74775403525
3.29051342047
4.74775403525
3.81683049581
3.42609067888
5.0
4.52721236096
4.60892913056
3.15827720193
3.29531601142
0.908834928359
3.062558054
3.88938679288
2.64206075183
3.22787994532
2.74035220067
4.11842983438
