3.37147130658
2.50828014977
2.79367749136
2.79357500591
2.05408767852
3.10109118079
2.41801003806
0.827399909022
2.13781838116
1.25896720472
2.02219558416
3.31878625199
1.73569128572
2.2268953467
2.13177501623
2.08497799477
2.28152609234
3.6954846357
2.02895358397
2.0203053139
2.06228834264
2.07243221912
2.19669058556
1.88606831188
2.92592358612
0.395804089411
2.58662288275
1.93139156923
2.4237786852
1.65589567515
1.41534034353
2.01652312225
3.42581952753
1.57669802587
1.16915589122
0.788056932488
1.76628741931
2.80537040446
1.92928722039
2.48790445973
2.32866011245
3.80600396555
3.06572564892
1.88662803993
3.2811243741
2.62726643668
3.95348822169
2.80579345904
2.4261620076
1.66511901022
2.2984958061
2.89564497473
2.3808540313
2.50642371813
2.76291398013
3.01924558722
3.16413902191
2.7053389408
1.62854542415
1.13008450191
2.04657339385
3.49933372405
2.58642748074
2.33994202304
0.808307799676
1.53416884877
2.15394679706
0.277822054643
2.20869371061
2.05002347576
3.39183741943
2.64267643383
1.98366586845
2.17199616204
0.857402249112
1.95482808681
1.55228698964
2.6877044762
1.50919321346
1.27994700623
3.9108581584
2.64195249374
1.62890597752
0.796606025542
1.22915181765
0.569711368072
2.24324590862
1.79809948379
1.18295834078
2.64839205156
3.15955826036
2.25425351999
2.13373222617
2.89688471712
2.96512353121
1.9303532526
1.28383504465
2.33100359205
3.11600130474
2.98419915743
3.5338897683
2.20052029179
3.04179948741
1.58991117854
2.08894567806
1.994116863
2.75023590459
2.80482469882
2.752576557
2.37045325882
0.734675907379
2.4054870755
1.57690766567
3.35558195425
0.944099770917
1.42040130703
2.78094930785
2.41938771943
2.86924660066
1.9728045164
2.38745365741
1.96287953686
1.92168924895
2.31496784055
1.28652232687
1.54991490401
3.26070641862
2.19580546263
1.87977682688
2.07260215264
3.1145491106
1.94801854672
1.1596073183
2.46121365648
1.23863714316
2.33482152603
1.59150820761
1.4563389629
2.67880719644
3.68422393418
3.23347450213
1.78796026554
1.72006635148
1.70003875078
1.47035793293
3.16348166044
1.81250519826
1.93882152486
2.62872763803
3.31609994659
1.84179384182
2.06536890601
2.32273455147
1.19670958905
4.23048093867
1.72587158772
1.6257258114
1.67868665945
2.49705711774
2.22835297039
1.13217400784
2.77132150959
2.28048198765
2.69618379878
1.0388347944
1.36241742556
1.67504952386
2.02225184261
3.84779573099
2.0327880091
2.06140421121
1.90661762859
0.915670525706
1.57269763299
2.46778968018
3.86368016232
2.72166563819
3.9896930091
4.10653162561
0.751691082366
2.17101726789
3.26387664518
1.09281644786
2.40699920345
1.12119520441
2.90864054397
0.728241975059
2.2611459324
2.10704421277
0.626374673778
2.1453740947
2.18424469558
3.1151970113
0.936046448368
1.10437382691
2.32104456305
2.52615626306
0.884450152044
2.89301670485
3.1776174872
3.2527795014
1.05121772455
2.15633097397
1.62707101549
2.30350825585
1.36529281523
2.1881361553
3.88812095267
1.59068190988
2.46917263257
1.1669722429
2.64613935568
3.35806671914
1.78796026554
2.14894600185
2.08418059061
2.63578536282
2.68224794705
2.78615066804
2.65494523546
1.9448522653
1.45365510808
1.82032663168
2.82460166305
2.15639736696
1.91342449179
2.0309733389
1.56021130641
0.995084104005
2.87009713845
0.254262311842
2.28352737467
2.69318631264
1.62428933917
1.95728822584
2.05458990131
2.58937417142
2.25157339767
2.97307476587
1.17407742824
3.88882509317
1.27165063907
3.31206663231
1.89802946356
0.916490722309
1.64916867217
3.15898897637
2.89186692114
2.62796142522
1.16708986207
2.89910470267
3.68924460287
2.66139457895
4.12826277109
3.95060001685
3.42853925539
4.36542369371
2.74914142601
3.93303219187
2.82532134484
3.5320015395
1.8715230158
3.87740981155
4.857852593
3.86525836298
3.34114805725
3.73526160893
4.18650219976
2.47559394837
3.27922426947
3.3338169667
3.14374756659
3.92620153671
3.58525879911
3.32589851402
5.0
3.38727119743
3.6305464666
4.55053551428
2.75203929022
3.28393465768
3.53380909346
3.38816730642
3.27741874569
2.95325886986
3.28791422587
2.75583244801
3.75768727917
1.73180168179
4.03823258504
3.20329267872
4.14682605238
3.7446511655
4.16281020164
3.3057171853
3.36655036961
3.6400956799
3.59789722341
2.80101698736
3.26479714414
3.36740772558
3.00989969607
2.79205136012
1.49531702063
4.18583918483
5.0
2.40079167084
3.90676751413
3.00981738675
4.57717496387
3.44927483176
4.94645874051
4.09217203675
3.76042804326
4.07566676221
3.08350040902
4.69660502311
3.94375417251
3.37350453642
4.35489834621
4.10202851029
3.74983914802
3.30419270568
4.74431227793
3.50648127747
2.83418206111
3.02348305984
4.86003278044
4.20222293062
3.35168465358
4.29768373363
3.34784792075
4.38310698647
3.23837502707
4.70504808307
2.69406069922
2.96362176516
4.79061804082
3.50015750467
3.57292445634
3.19219976613
4.27825963053
3.19857347973
3.45696802056
2.33311641011
3.91608478919
5.0
4.53341688546
3.12837886363
2.56015476704
4.11539194258
4.46682620561
4.06244386468
3.40522774129
3.69694844518
3.33372365073
3.30898555347
3.11424805268
3.8495060757
3.43093047902
1.92267335108
4.00559232341
3.20951327574
4.32188948105
5.0
2.66594372576
3.55275694122
3.27081412758
3.33961391487
2.430201502
4.06151004691
4.03150880151
5.0
3.56296762876
3.31717253369
3.78622717466
4.5454444776
3.38682116755
4.36529366006
3.8547250491
4.40636877604
3.05242612459
3.88746495564
2.22569206094
3.72574740324
3.31855798354
4.3831514737
2.64759152961
3.70031871602
3.67857856965
2.88649940884
2.8286105748
3.1265768283
3.72681926243
3.05789579434
2.78838977584
3.79524576018
3.55176747023
3.40230184214
2.49181034004
3.73645286473
3.71698936711
3.12378490441
3.85970806083
4.49249529811
2.33248992989
3.52254514098
4.15641773704
4.18797608162
1.73480360377
4.13548885661
3.64104498398
2.99576436435
5.0
3.03338964699
2.94694097955
4.26058012877
3.38547864046
3.86846889703
3.76045772013
3.49978486732
3.15820126756
3.44535982189
3.3349217583
2.98473420656
4.12417458046
2.3797020861
3.69490989965
2.92774032378
3.36398435618
2.68822851488
4.01943101539
3.8124429991
3.37651513637
3.5166434191
3.143184487
3.28759862018
4.28174408249
3.51022047935
2.9074188932
3.53589973302
2.59951965261
4.67862361426
4.26059723153
3.91106590601
2.92018570216
4.1987482196
3.84802173265
3.09762874964
4.55027679318
4.17624749656
2.91466887385
3.65917260698
4.5728304469
4.11366408115
4.16318922912
4.22049296873
4.12888965585
2.27144562313
3.16950008553
2.74832663248
4.37329513593
2.52795824202
3.97040235759
4.3907509204
3.42363478072
3.2028462155
5.0
3.8563719362
3.67128571678
4.16162051779
3.75914385078
3.21600863502
3.37483752256
3.47822681779
3.19310762932
3.35937362099
3.71922975832
3.25316049851
4.1529113206
4.00267328086
3.80206978513
2.49168580998
3.27634349297
2.62840640469
3.41363159673
4.22958354562
3.45900489858
3.95867887672
4.18844264347
4.25176789015
3.81261841066
3.49515752482
2.84955647538
4.0036789896
3.34611485634
2.6744658055
2.977756443
3.71899630021
3.9919714213
5.0
4.59155032882
4.91217048716
4.75570442564
3.76292239487
3.93498267508
4.23878380746
4.65234947058
4.48923164092
5.0
4.87463222819
3.66150844054
4.16421402196
4.66788916448
4.16588290272
4.56455934538
4.75063537678
3.509706161
4.0358966215
3.98141972904
4.00398569818
4.9107588905
5.0
5.0
4.6943317548
4.7192970348
4.21674571883
4.48816421427
4.30003429263
3.63578899086
4.43585095466
4.68698278614
4.3755498737
5.0
5.0
5.0
3.95507885516
3.7291467218
3.9780929404
4.41357983163
4.12320045148
4.66867234489
4.29115972194
4.16352620223
4.6215347599
4.71820864958
5.0
5.0
4.812176336
4.41017741647
4.43354729519
4.07514776918
4.42508879048
4.76209334593
4.02088272944
5.0
5.0
4.59356924975
4.58183770679
4.32356561093
4.19408325952
4.24988232403
4.47287533302
3.86941329527
4.99179284823
3.9176273992
3.9001798759
5.0
3.66267291541
4.44673641292
4.60902273533
4.55938919426
4.0130720827
4.2946010788
4.61104063432
3.87296272899
4.38879723278
4.27398527259
5.0
4.77547148554
3.97453058304
3.4839463182
4.1443712329
4.15362566988
4.69802839445
4.86852510646
4.55500643105
4.59839152305
4.37738009294
5.0
4.337691946
4.37894083256
4.18842146269
4.74322454709
4.83469117847
3.92097624883
5.0
4.19436528565
4.32683639
3.6876056451
4.12317517607
4.40270631558
5.0
4.38493645874
4.54263176782
4.79969760496
4.50245431382
4.07203568125
4.48471275159
4.22537608892
4.48057648665
3.76110126679
5.0
4.55534937937
4.73363649221
3.9415832358
5.0
4.20778537823
4.30846097292
3.81395847547
5.0
5.0
4.0869476022
4.30177038143
4.41601650856
4.96388520677
2.93394364161
4.71133336882
4.71736826861
4.23485138642
4.09076063629
4.18728341717
4.77295292928
4.84753744455
4.78746645345
4.60708913531
4.60844883602
4.15623365456
4.64508077846
4.24723024131
3.82802371173
3.90398422851
4.25519219143
3.58377707758
4.8601419261
4.80048906896
4.31844011
4.594474626
4.66122593374
4.46848246259
3.64236485822
4.19156902725
3.99862781691
4.1912688416
4.72692432847
5.0
5.0
4.91842963567
5.0
3.71648977718
4.17978424974
4.84063823683
3.93069349932
3.7669503376
3.9864749735
4.57355310873
3.90386314345
4.4460612839
4.9169692696
4.70152969886
4.4090744505
4.07326063882
4.29324201022
4.3621735654
4.34742647908
4.45479066784
4.78947820824
4.46955038288
3.93054908116
4.22219508198
4.03333974144
4.48398630138
5.0
4.12714789038
4.80955481664
4.26492981381
3.96890382292
4.55101659603
4.14855812771
4.41831112781
4.23425004289
5.0
5.0
4.03393248409
4.30315433764
4.5904325116
4.71132124067
5.0
4.40219577686
4.65673314483
4.32957297577
4.28500811776
4.49724452579
4.2122423784
4.32570706254
4.6794447461
4.33329847383
4.07371413753
4.52875151787
4.10830864657
4.17441024127
4.64199671595
4.32634770309
4.59359719881
4.41268956859
4.6132646763
4.86454781635
5.0
4.55169724302
4.81174685166
5.0
5.0
4.16496196619
4.23594208241
4.66681768289
4.61601241123
4.02875385357
4.27945829356
4.02113731891
4.368032709
3.93894661838
4.90555688935
4.46486690404
4.8884986661
4.67259611332
4.20847755393
3.52044783256
3.91646041567
3.36486011243
3.65168624012
4.5190272673
3.99363636288
4.51667406648
4.56258473116
4.67942143386
4.24421249135
3.98865130128
3.64913170115
5.0
4.14249946638
