2.771
3.032
3.369
3.1
2.359
2.555
2.683
0.451
1.007
1.582
2.516
3.023
1.363
0.858
2.093
1.943
2.007
3.639
2.022
1.924
2.64
1.79
1.512
1.781
2.125
0.328
3.242
1.549
1.26
1.737
0.944
1.391
1.777
2.318
2.285
1.328
2.385
3.303
2.595
2.001
2.059
2.927
3.439
2.251
3.224
2.46
2.896
2.635
2.684
1.862
2.76
2.559
2.309
3.693
2.655
2.608
3.443
1.33
2.424
1.2
1.823
2.659
1.898
3.637
1.465
1.149
2.519
1.232
1.697
2.423
3.456
2.388
2.682
2.491
1.542
1.468
2.216
2.379
1.862
1.4
2.425
2.371
1.763
1.538
1.132
1.084
1.711
1.393
2.23
2.356
2.813
2.197
2.17
1.558
2.593
2.156
2.379
1.538
2.836
2.903
2.865
2.362
2.221
2.007
2.151
2.744
3.219
2.704
2.146
2.467
1.011
2.605
1.888
3.975
1.342
1.442
2.796
2.017
2.604
2.858
0.74
2.537
2.332
2.161
1.469
3.209
1.878
1.39
2.316
1.575
2.547
2.046
1.618
1.383
2.098
3.34
0.905
1.698
3.597
2.78
3.417
1.658
1.406
1.478
1.023
3.476
2.136
1.414
2.529
1.396
1.531
1.473
1.504
0.803
3.206
2.164
1.525
0.085
2.699
1.009
2.12
2.488
1.424
2.746
1.208
2.131
1.305
2.286
3.894
2.366
1.859
2.81
1.467
2.047
0.992
3.315
2.232
0
2.511
1.618
0
2.771
1.383
2.52
0.91
1.68
2.028
1.842
2.28
1.191
1.926
2.517
3.229
1.265
1.262
1.805
2.207
1.249
2.773
3.153
2.743
0.924
0.802
2.369
1.446
0.949
1.955
2.914
1.294
2.308
0.747
2.423
3.136
1.797
2.888
1.908
3.243
3.297
3.201
2.222
1.647
1.641
1.349
2.868
2.403
2.772
2.299
1.981
0.662
3.038
0.928
0
2.928
1.206
1.187
1.691
2.038
2.675
0.812
1.862
3.189
1.556
2.139
2.249
0.987
1.165
2.457
3.076
2.586
1.157
3.231
3.383
2.645
3.76
3.452
1.669
2.609
2.367
2.989
2.791
3.611
2.626
3.511
3.844
3.712
3.108
2.768
3.998
2.679
3.037
3.154
2.34
4.187
3.251
3.593
4.361
2.828
3.817
3.313
2.817
2.769
3.577
3.283
3.599
3.274
3.166
3.106
4.04
1.998
3.233
2.851
4.27
3.228
3.243
3.811
3.445
3.775
2.965
3.484
2.887
3.257
3.548
3.267
2.799
4.216
5
1.138
3.743
1.955
3.306
3.011
1.292
4.43
3.005
3.208
2.878
1.414
2.818
2.649
4.072
2.744
3.141
1.735
2.825
2.784
3.021
1.981
4.752
4.377
3.393
3.574
3.102
3.011
3.919
4.17
2.939
3.22
1.761
2.314
2.248
2.854
3.399
2.987
3.591
1.851
3.889
2.605
3.298
3.099
3.487
2.63
4.109
3.675
3.125
3.003
2.89
3.938
1.621
2.941
2.782
2.767
3.517
2.813
2.345
4.831
2.747
3.641
3.432
2.218
1.123
4.176
3.285
3.878
2.996
2.674
3.31
3.907
3.38
3.662
3.692
4.188
3.049
3.43
3.023
3.434
2.509
3.704
1.147
3.207
3.89
3.234
2.525
3.068
3.84
2.438
2.338
2.836
4.052
3.335
2.689
3.034
2.498
3.23
3.657
2.996
3.163
3.682
2.803
3.719
2.639
3.531
2.572
2.316
4.993
2.901
2.702
3.425
3.72
3.479
4.809
2.898
3.076
2.561
2.934
3.071
2.232
2.552
3.905
3.677
3.277
2.963
2.455
3.683
2.977
3.069
2.667
2.95
5
3.589
3.528
3.418
2.859
1.717
3.677
2.484
2.985
3.434
2.031
3.366
3.004
3.148
2.397
3.282
3.191
3.95
2.621
4.02
3.425
2.815
2.011
3.26
2.466
3.084
3.532
4.317
3.689
3.02
4.507
4.139
3.649
2.828
2.784
3.469
2.514
2.956
2.946
3.236
3.002
3.585
3.848
4.046
3.099
2.264
2.744
2.853
3.072
2.699
1.039
1.778
2.368
2.799
3.481
2.741
1.948
2.682
3.031
3.178
3.02
2.954
3.876
2.17
2.548
4.837
3.858
3.327
3.572
2.924
4.074
4.293
4.86
4.664
3.382
4.005
3.343
1.749
4.475
4.463
3.373
4.385
3.707
1.685
4.651
5
4.423
3.186
3.412
0.276
3.408
3.864
2.954
4.615
4.265
3.688
4.806
4.969
4.173
4.315
2.852
3.236
3.809
3.71
3.97
4.823
2.925
4.516
4.336
4.163
5
5
3.945
3.313
3.355
3.883
2.248
4.174
4.844
4.663
3.796
4.366
3.952
3.368
4.396
4.271
4.108
3.58
3.551
3.604
4.981
3.622
4.08
1.945
3.711
3.822
3.824
4.25
3.311
3.321
3.982
4.055
3.941
3.497
3.325
4.009
4.02
3.844
5
3.8
2.098
0.416
4.941
4.085
4.118
3.885
3.755
2.79
3.535
4.934
3.895
4.15
1.407
4.27
4.208
5
4.453
4.535
4.87
3.672
3.685
2.649
3.743
3.948
2.807
4.936
3.91
4.191
4.095
5
3.861
3.663
3.949
5
4.731
2.332
4.347
4.301
4.066
3.558
4.556
4.089
4.049
4.096
3.644
3.723
2.997
4.61
3.564
4.467
4.518
4.269
2.769
4.016
3.722
4.832
3.709
4.492
4.151
3.953
5
4.595
3.254
3.702
2.654
4.651
1.557
5
3.684
4.675
4.618
5
3.824
3.63
4.061
3.373
3.251
2.744
5
4.085
3.267
4.389
4.265
4.587
3.072
4.016
4.658
3.405
4.498
4.354
5
4.052
3.681
0.797
4.104
4.996
3.243
4.352
3.284
2.974
3.854
4.683
4.813
3.02
4.706
5
3.211
4.155
3.141
4.771
5
3.8
4.365
3.718
3.58
4.195
4.092
4.635
4.572
3.932
4.115
3.808
3.291
4.504
4.851
3.387
4.676
4.279
5
4.852
4.848
4.277
3.483
3.857
4.302
3.25
3.974
4.13
4.121
4.157
2.787
3.663
4.25
3.058
3.723
4.081
4.419
4.519
3.021
3.993
3.448
3.963
1.91
4.006
3.693
3.685
3.948
4.635
3.263
3.72
3.637
5
2.275
