3.91
3.315
3.853
4.851
3.744
3.472
3.03
3.064
2.811
3.926
3.312
2.625
1.789
2.806
3.176
4.654
4.933
3.015
4.339
3.626
3.909
2.882
4.155
2.778
2.926
4.813
1.776
3.178
3.605
4.923
3.494
2.871
3.236
4.542
2.637
4.661
4.661
2.579
2.979
2.894
4.563
2.846
2.981
4.109
3.632
3.268
3.829
4.066
4.603
4.603
3.678
1.303
2.787
3.485
2.377
4.676
3.297
1.494
4.694
2.649
3.036
3.577
2.845
3.242
2.738
5
2.9
4.712
1.567
1.659
3.133
3.205
3.05
3.054
2.687
2.195
3.608
3.592
4.836
2.835
1.461
2.804
2.804
2.497
4.799
4.694
3.731
1.732
1.714
4.175
3.19
2.629
3.1
2.844
2.844
2.827
2.827
2.827
2.94
3.228
5
4.916
3.828
1.724
1.715
3.706
3.609
2.416
2.053
3.278
2.795
2.721
2.014
2.767
2.838
2.831
4.965
3.712
2.589
3.598
4.766
3.377
3.038
1.599
2.787
3.17
2.793
2.84
2.938
3.367
2.676
4.392
3.753
3.208
3.753
1.714
1.883
2.574
1.626
1.478
2.83
3.185
1.596
1.453
1.84
3.452
2.996
2.842
3.09
4.956
1.758
2.951
2.892
3.657
3.12
3.32
4.835
3.879
3.082
3.452
3.529
2.847
2.779
4.515
1.743
3.146
4.443
2.417
2.388
1.54
3.289
1.602
1.855
2.151
2.953
1.691
3.16
0
0
2.924
2.924
1.747
1.754
3.505
2.292
3.709
3.992
3.59
1.469
1.812
2.235
1.405
4.372
1.492
2.998
3.042
3.912
1.625
3.58
4.165
1.27
1.628
4.784
3.333
1.255
0
4.5
3.741
1.456
3.429
3.378
3.763
3.095
4.156
3.755
2.463
3.589
4.544
4.391
4.497
2.658
3.932
2.834
3.488
3.471
3.152
4.569
2.976
1.75
1.322
1.72
3.512
3.692
3.814
2.178
2.888
2.071
2.447
1.447
2.594
4.314
2.462
2.512
4.023
1.635
1.427
1.637
0.517
1.379
1.731
3.151
2.44
3.829
4.394
2.113
3.296
3.006
1.533
1.424
0.124
1.572
2.643
2.177
3.17
1.42
0.062
2.666
3.218
3.372
2.137
2.665
1.735
3.164
3.801
3.34
3.092
3.88
1.442
2.688
2.585
0.335
1.508
2.954
1.647
3.52
3.787
2.71
2.969
3.881
2.657
3.11
1.955
2.61
3.043
1.34
1.12
1.049
4.517
3.398
2.566
2.07
1.835
2.473
3.261
2.678
3.119
2.729
0.284
1.5
1.451
1.44
2.528
2.471
1.703
0.093
3.624
1.482
2.155
2.627
2.763
3.359
3.52
1.617
0.864
1.618
0
2.037
3.608
1.42
2.26
1.531
1.401
3.049
1.416
0.804
1.199
1.384
1.243
2.496
3.309
1.505
1.451
1.496
3.137
1.641
1.574
0.024
3.819
2.547
1.469
1.598
0.278
1.811
3.097
1.565
2.699
1.469
3.022
1.252
1.821
2.682
1.84
0.76
1.779
2.511
3.127
3.068
2.294
3.865
4.467
4.772
4.444
2.77
1.474
1.744
2.17
1.962
2.561
1.798
2.272
2.755
2.36
1.52
0.221
3.421
1.747
1.969
0.014
3.422
1.888
0.06
0.034
3.153
2.507
0
2.4
1.396
3.488
2.7
3.163
2.632
3.232
1.657
2.733
1.406
0.694
1.884
1.678
0
0.377
1.661
1.612
0
1.851
3.298
0.446
2.622
2.339
1.718
2.938
3.736
1.478
0
0.138
2.217
0.021
2.434
0.511
3.388
3.188
3.615
1.885
3.229
3.092
1.813
2.561
2.868
1.832
1.367
0.519
0
2.736
1.744
0.073
2.634
2.58
2.985
3.18
2.908
3.196
1.754
2.91
3.974
2.214
1.761
1.445
1.605
1.728
3.121
0.1
2.249
0.282
2.203
2.159
1.112
2.663
3.023
1.783
0.733
1.259
0.378
2.784
2.652
0.549
0.459
1.637
3.964
0.932
2.425
2.435
3.146
1.971
1.795
1.456
0
2.183
2.202
0.1
4.452
3.038
0.121
2.881
2.024
1.458
1.963
1.614
1.557
0.041
0.096
0.028
0.387
0.149
0
3.436
1.869
2.234
2.264
3.255
2.541
2.904
1.729
2.203
1.932
0
3.827
1.636
1.931
1.149
3.921
3.693
2.118
0.71
2.426
2.111
1.645
0.702
1.5
1.777
1.723
1.974
2.792
3.049
1.485
1.819
1.854
0.355
0.039
0.188
0.342
1.887
2.332
1.578
2.836
2.016
1.659
1.841
0.266
0.192
1.956
2.466
1.709
1.855
2.217
4.648
3.803
1.988
1.615
2.765
1.892
0.663
0.303
1.466
1.905
2.361
0
2.156
3.799
0.54
1.594
2.82
3.286
2.809
0.72
2.785
0
0.534
2.312
4.026
2.715
3.13
2.816
2.875
2.665
2.784
1.414
2.44
2.338
1.933
1.566
1.907
0.352
0.031
3.937
3.115
0.572
1.846
0.617
0.412
2.412
1.482
2.536
2.139
2.419
2.91
1.711
1.863
2.138
1.712
2.988
2.007
0.753
0.314
0.079
0.509
1.173
2.966
3.129
1.378
1.791
1.923
2.059
1.568
2.934
3.524
3.716
1.934
0.54
0.786
1.587
2.037
2.04
2.832
2.231
2.041
0.81
1.697
0.379
2.674
0.825
0.737
0.311
2.884
2.591
0.347
0.619
0.444
0.219
2.076
2.362
1.889
2.488
0.05
2.029
0.272
2.436
0.894
2.519
1.155
2.131
1.842
2.088
1.972
2.178
0.375
1.657
2.197
1.701
3.028
3.477
1.805
3.055
0.977
1.791
3.216
2.421
3.043
2.046
2.284
3.277
2.26
0.906
0.393
0.677
2.357
1.07
2.248
0.397
2.264
1.719
0.555
2.558
1.421
2.413
0.341
2.167
1.797
0.105
2.222
2.696
1.706
0.456
1.381
0.259
0.32
0.483
0.223
0.681
1.295
1.946
2.517
1.862
0.571
0.503
3.376
3.833
0.497
1.882
2.051
2.883
1.446
0.035
0.044
2.488
1.639
0.303
0.423
0.236
2.931
2.089
0.853
1.869
0.409
1.898
1.672
1.809
2.699
3.546
2.119
2.575
1.557
0.222
1.865
1.072
0.972
0.652
0
2.077
0.474
0.813
0.11
