0.982
1.696
1.959
0.177
1.696
2.234
1.696
1.445
1.445
0.560
0.766
0.765
0.765
0.000
4.591
2.232
1.446
2.521
0.560
1.958
1.446
1.447
1.447
3.147
2.829
2.522
0.766
1.958
1.447
3.483
1.446
2.829
1.959
2.235
0.765
1.446
2.234
1.209
0.178
1.446
2.233
0.981
2.522
2.823
1.695
1.209
0.363
0.765
1.959
1.696
2.823
2.234
2.235
1.208
1.958
1.957
2.828
2.524
1.697
2.523
1.208
0.765
0.178
2.828
1.446
1.447
1.695
2.524
2.523
1.959
0.560
3.480
0.364
1.959
2.524
1.958
2.827
3.146
0.766
1.207
1.446
2.235
4.590
1.208
3.483
1.695
2.522
3.147
3.480
0.766
1.958
1.695
0.766
2.827
3.147
2.523
2.525
1.958
1.208
0.560
1.445
2.523
0.560
0.178
2.233
1.208
2.235
1.209
2.522
2.234
1.447
2.234
4.202
0.364
0.560
2.233
2.233
1.447
1.441
0.982
2.233
2.827
0.178
0.765
0.981
2.826
1.446
1.957
0.178
2.827
3.146
2.523
1.957
1.208
2.231
1.208
0.765
2.232
0.766
2.524
2.234
2.524
1.697
1.209
0.559
0.560
1.696
3.833
2.827
2.828
1.696
1.695
2.525
2.523
2.524
2.828
3.146
2.826
2.524
0.560
0.981
0.766
0.982
3.147
5.000
3.145
1.959
2.234
1.696
0.765
1.957
1.209
1.446
2.828
1.959
1.958
0.766
2.828
2.827
1.209
1.446
2.525
0.981
2.524
1.209
3.146
3.832
0.178
2.523
2.524
1.960
3.144
3.148
1.959
1.447
1.446
2.522
0.560
1.958
1.696
0.982
0.178
4.201
2.827
3.147
2.232
2.235
0.982
3.148
1.445
0.981
1.446
0.766
2.826
2.823
0.766
1.447
0.981
3.482
0.765
3.146
1.209
0.559
3.480
2.523
1.446
3.147
0.982
0.766
1.445
3.147
2.234
1.959
0.560
4.203
3.481
0.981
1.697
3.147
2.523
3.147
3.481
3.483
0.766
0.559
2.233
2.524
1.208
1.696
1.446
2.828
0.982
1.209
1.696
2.234
1.446
0.980
3.481
1.447
0.981
1.446
0.765
2.827
0.560
0.765
3.833
1.447
3.145
0.766
1.958
0.981
0.560
1.695
3.148
2.524
2.828
0.981
3.480
1.209
1.208
1.446
1.446
2.522
2.828
2.524
1.957
0.766
1.697
0.364
1.696
3.145
1.447
2.522
2.829
0.560
1.695
0.560
3.147
0.766
3.147
2.524
1.696
2.235
1.446
0.981
1.209
2.825
0.560
2.233
1.446
3.144
2.234
1.697
2.234
1.696
2.828
0.560
1.696
2.827
2.524
1.958
0.560
2.828
1.697
1.208
1.447
0.982
0.766
0.766
2.826
1.209
1.696
1.696
2.826
2.827
2.522
3.145
1.958
1.446
2.524
3.146
1.209
1.209
1.696
1.208
1.958
1.696
0.559
0.981
0.982
1.446
1.959
1.696
2.828
2.234
2.235
1.445
1.957
1.696
2.521
1.696
1.957
3.145
0.766
3.146
3.480
0.560
2.828
0.982
2.826
4.202
1.957
2.232
1.697
1.445
1.208
0.177
1.445
0.364
1.446
2.232
0.981
1.209
2.233
1.445
0.982
2.522
1.695
2.234
0.560
2.233
0.982
1.695
2.235
3.145
1.445
0.177
1.695
1.445
