0.805
0.256
0.804
0.805
0.524
1.100
0.257
0.257
0.002
0.002
0.002
1.101
0.257
0.002
0.002
0.524
0.256
1.101
0.002
0.002
0.524
0.257
0.002
0.524
0.801
0.257
1.100
0.257
0.256
0.254
0.518
0.002
0.523
1.409
0.805
0.002
0.257
0.805
0.256
0.255
0.255
0.257
0.524
0.001
0.002
1.098
0.805
1.409
1.408
0.002
0.257
1.406
0.257
0.524
0.525
1.097
1.735
0.257
0.525
0.000
0.257
0.525
0.800
0.804
0.255
0.256
0.806
0.257
0.524
0.257
1.100
0.257
0.524
0.523
0.524
1.097
0.002
0.257
0.804
0.257
0.257
0.524
0.524
0.523
0.002
0.257
0.524
0.524
0.524
0.256
1.406
0.256
0.002
0.255
0.524
0.256
1.099
0.257
1.100
0.525
0.257
1.100
0.525
0.256
0.257
1.409
0.805
0.804
0.806
0.525
0.002
0.257
0.257
2.433
0.002
0.255
0.523
0.002
0.805
1.100
0.256
0.257
0.002
0.002
0.002
0.524
1.100
0.257
0.257
0.002
0.524
0.257
0.256
0.257
0.257
0.805
0.522
0.524
1.733
0.805
0.524
0.255
0.001
0.523
0.257
0.804
1.098
0.255
1.406
1.100
0.002
0.257
0.256
0.002
0.524
0.256
0.524
0.255
0.525
0.525
0.255
1.099
0.524
0.252
0.257
0.524
0.806
0.257
2.078
0.257
0.256
1.100
0.257
0.001
0.002
0.524
1.099
0.257
0.257
0.257
0.001
0.525
0.002
0.257
0.522
0.523
0.257
0.002
0.522
0.257
0.257
0.256
0.523
0.524
0.002
1.097
0.256
0.525
0.257
0.806
0.805
0.257
0.002
0.525
0.002
0.001
1.100
0.257
0.000
0.257
0.001
0.806
1.100
0.000
0.524
0.805
0.805
0.524
0.525
0.525
0.524
0.002
0.001
1.099
0.805
0.523
0.257
0.256
0.257
0.805
0.002
0.002
0.805
0.521
0.256
0.522
0.257
0.805
0.257
0.525
0.256
0.001
0.002
0.002
0.256
0.002
0.002
0.806
0.257
0.002
0.806
0.805
0.524
1.101
0.524
0.524
1.100
1.410
0.805
0.805
1.101
0.805
1.737
2.435
2.076
1.100
0.525
0.806
0.524
0.525
0.524
0.525
1.736
0.805
1.101
0.257
1.100
1.410
1.101
0.525
0.805
1.101
2.430
0.806
1.100
1.410
0.805
2.435
0.257
2.812
0.806
1.735
0.806
0.806
2.433
0.524
1.101
1.410
1.409
1.100
1.411
1.409
1.100
1.101
1.100
0.525
0.257
0.806
0.257
0.806
0.805
1.101
1.411
0.806
1.410
1.101
0.525
0.524
1.100
4.995
0.805
0.257
0.806
0.257
1.100
0.805
1.411
0.257
0.257
1.101
1.735
0.524
1.411
0.806
1.410
0.806
0.805
0.525
0.804
0.257
0.805
2.437
1.410
1.410
0.525
0.806
0.257
0.525
2.073
2.076
1.101
0.805
2.437
1.101
1.100
0.805
1.100
0.525
1.410
0.525
1.737
1.100
2.077
0.257
0.257
0.805
0.525
1.408
0.257
0.524
2.077
1.735
1.411
0.805
0.524
0.805
1.411
1.100
0.805
0.805
1.410
0.805
1.737
0.806
0.805
0.525
3.625
0.257
0.525
0.805
0.805
1.411
1.100
0.525
0.525
0.524
0.525
1.410
1.101
0.524
2.075
0.525
1.101
2.078
0.805
0.805
1.735
0.257
2.813
1.101
1.101
0.525
0.257
0.525
0.806
1.099
0.805
1.411
1.736
2.437
0.806
1.098
0.806
0.524
0.805
0.525
0.257
1.101
1.411
1.101
1.101
0.525
1.736
0.257
0.524
0.525
0.806
2.076
1.410
1.100
0.524
1.101
1.101
0.806
0.257
1.100
1.100
0.257
1.100
0.805
1.101
0.806
0.806
0.524
0.525
0.257
0.806
0.257
0.806
1.736
1.411
0.257
1.410
0.524
2.436
1.735
2.075
0.524
1.410
1.734
1.409
0.524
1.100
1.100
1.101
0.524
2.078
1.100
3.196
0.806
1.101
1.099
1.101
0.525
0.806
1.410
0.524
0.525
0.806
0.806
0.525
1.100
1.101
1.100
0.805
2.078
0.806
0.525
0.806
2.810
0.806
1.411
4.061
0.806
1.410
2.436
1.736
1.101
2.437
1.101
3.210
0.525
1.101
1.411
1.101
2.436
2.078
0.525
1.737
1.101
0.806
2.437
1.410
1.101
0.525
0.806
0.806
1.736
1.101
0.525
1.736
1.101
0.805
0.806
1.411
1.411
2.078
0.806
0.525
1.101
0.806
1.101
1.736
1.736
2.436
4.519
1.736
1.101
1.737
0.806
0.525
1.410
1.411
1.101
3.207
0.525
0.525
2.436
3.208
1.101
0.525
2.435
4.997
4.997
0.806
1.410
2.078
1.737
2.437
2.436
0.525
3.624
1.735
1.101
5.000
0.525
0.806
1.101
4.997
1.736
1.410
0.805
2.435
1.411
2.077
1.410
1.410
0.257
0.525
1.101
2.435
1.101
2.436
2.078
0.525
1.410
1.411
1.101
1.411
0.806
0.806
4.515
1.410
2.436
3.209
2.814
1.410
1.101
1.411
0.806
1.101
1.410
1.101
1.736
3.624
1.410
1.411
1.101
2.078
1.411
1.101
2.437
0.806
2.813
4.058
4.519
1.410
0.806
2.078
2.813
1.411
2.076
2.077
0.805
2.437
1.735
1.411
1.411
1.736
0.525
1.411
0.525
0.806
1.101
1.411
4.519
1.736
2.437
4.997
2.078
2.077
1.411
1.736
0.806
2.814
1.410
1.101
4.061
2.078
2.078
4.515
5.000
3.625
2.813
0.524
2.077
1.735
3.625
3.210
1.736
2.078
0.806
0.805
3.207
1.100
4.997
4.997
1.410
1.101
1.410
1.411
3.207
1.411
1.101
4.997
1.411
0.806
0.806
1.737
1.736
2.437
0.806
4.061
0.806
2.076
1.101
2.813
1.411
4.060
3.623
1.411
1.411
2.078
2.077
1.411
2.078
1.737
1.736
4.997
2.078
3.207
2.813
0.525
1.736
1.101
1.736
0.525
0.806
2.812
4.061
2.814
1.101
4.997
1.101
4.060
3.208
3.623
1.411
1.410
1.101
1.100
2.437
2.813
2.437
2.436
2.077
1.101
0.806
1.411
1.737
3.625
0.806
1.735
3.624
4.997
0.806
3.207
1.101
1.411
0.806
