2.70844995975
2.20606707036
2.32103142738
1.62550170996
1.6
2.4845469445
1.85970282555
0.914506793022
0.0582439042628
0.830568466868
2.68864088058
2.61428215548
1.28157838186
0.646439194679
2.16796867053
1.34491939843
0.855042578777
2.41517344448
0.969760465622
1.98136794567
0.71871496666
0.883308565617
0.586306163243
2.05555555556
1.20833333333
1.09976291656
1.43873822689
0.227634042501
2.45914936066
0.599341630936
0.263460278511
1.72931145132
2.71428571429
1.15710445642
0.518110786166
1.0219108292
1.86350222429
2.23249584436
1.9013787657
0.375232355935
1.31245580722
2.32655914625
2.00988045335
1.18869624819
1.40133571625
1.51373290377
2.59627819061
1.67675179243
1.64204790375
0.966655708849
2.66680299491
0.902162402868
1.49087867567
1.56417516867
1.46105161607
2.02237296104
2.08209013608
2.05698943883
2.0
0.0
1.02652664979
3.39970550934
0.721759452318
1.81639978715
1.32498723931
0.349467078845
1.58667618036
1.14388799667
0.648649644852
0.716001192729
2.72222222222
1.24759791957
1.10655990243
1.53336263895
0.567479292552
1.38461538462
2.16765834888
0.972741889954
0.752199673653
0.736059705416
2.19627964497
2.66666666667
0.438058625907
0.689029604197
0.627976721525
0.245952208837
0.873091375828
0.50423516546
1.02922969205
2.01710540719
2.16666666667
1.66666666667
1.19702535868
1.38362659216
1.73069835844
1.16935522109
0.997300737434
1.6
2.5553563714
1.38130331039
1.7451800108
1.93220984936
1.82006120682
1.44718868732
0.700472797666
1.28245505265
1.49053290114
1.63770505623
1.9921457544
2.5906106631
0.971421432495
2.75236896674
0.904356390238
2.78541756165
1.66830213865
0.888888888889
1.28091594378
1.86170045535
1.83177816868
1.24633006255
1.52460980415
2.44259591897
1.14620034695
1.90902369469
1.17098009586
1.01274844011
2.78
1.11375744475
0.562168216705
1.05639247383
1.38572601477
0.21007771343
1.40259038077
1.75110439459
1.32946300507
1.33012376229
0.61031472683
0.838509440422
2.24040001801
2.03069804333
4.0
1.33333333333
0.325570132051
0.451208613813
1.47438645363
2.41903533876
0.822873466545
1.49019791462
1.13553057398
2.46854911721
0.887060267585
2.0
2.09575203487
0.487280958891
2.66666666667
2.21102597095
0.909024562154
1.0
1.99964225292
0.778210262458
0.689691478387
1.79698147774
1.00513945307
1.64932596378
0.801331390937
1.47402776991
1.5458244125
2.36362724172
3.50154605707
2.0
0.845151742299
1.59969695807
1.16313038554
0.756005816989
0.0
2.55530802409
1.6
2.66666666667
2.66666666667
0.956783294678
0.0
2.6585518837
1.47384238243
2.3456871169
0.0
1.06689254045
0.965393040861
1.69256191121
1.14867561965
1.11687576771
1.68477543195
0.686572000384
0.862460560269
1.19853144884
1.43267310943
1.04083163616
0.552196854353
0.578914920489
1.51884685887
0.886117094755
1.53210919102
0.673903405666
2.0
1.98640374343
0.970808347066
1.50807277362
1.53036649028
2.24287188053
1.07658383846
1.44444444444
0.831768291337
1.6
2.23820646965
0.435380657514
2.15298724572
1.46987609352
1.63192288876
2.25292624368
2.23242681821
1.6
0.38534834981
0.593098512718
1.26380104125
1.4322583278
1.33333333333
1.05321038337
1.09976681736
1.07387643456
0.0
2.61810469627
1.04293859005
1.6
2.39031076431
0.727272727273
1.6
0.8
0.97327978611
1.33794518188
1.89857279509
0.586434427649
2.01950727758
1.33475123346
0.0
1.39533413024
1.14226094882
0.0
3.17447972298
2.65176211704
2.22722826004
0.421712294221
2.57934674919
2.73229097752
1.45043618338
3.07407407407
3.0
2.66666666667
2.3
2.29520633662
2.33333333333
2.68168982863
3.09025291034
2.0
3.9
3.95555555556
3.35416666667
3.55510123571
2.63117799759
4.77777777778
0.872516655922
1.8
1.57926307406
2.06978135705
4.24074074074
3.11111111111
2.66666666667
3.33333333333
2.22222222222
2.54810972015
3.92592592593
2.53654080629
2.38095238095
3.13963857151
1.92200357543
2.66666666667
2.54882832368
1.55555555556
1.73333333333
4.33333333333
0.470169329643
3.88888888889
1.33333333333
3.0303030303
2.5
2.66666666667
2.58251429624
2.0
2.52380952381
2.5
1.97073423101
2.71428571429
2.6877900511
2.80395166516
1.35078460368
2.1832501718
3.41417066256
3.31076833606
2.50772953033
1.98448073467
1.66666666667
2.83333333333
2.71428571429
5.0
2.43984214686
4.22495145268
2.58180801957
2.00303674312
3.8
3.2
2.88888888889
4.00789257383
3.11111111111
2.25
4.35044350227
3.33333333333
2.6808499217
2.67044401169
4.0
3.33333333333
3.33333333333
1.77372631311
2.62459167412
1.58217060566
2.5
2.63161210219
3.8
1.31098766848
1.44569679669
2.5
1.63636363636
4.0
1.80348689026
3.45775620441
2.36564032137
1.96207844643
2.34342041016
4.20121061802
3.33333333333
2.5
2.86361818165
1.77777777778
2.66666666667
3.8
3.65
3.46288294262
2.25
2.70104928811
1.69246567289
3.16666666667
1.53266050087
1.8
2.04134600163
2.0
2.34434232056
2.5
3.33333333333
2.0
3.0
1.73657852953
3.8
2.66666666667
2.40799287387
3.0
4.5
1.6
2.65502441497
3.07346938905
4.14285714286
3.0
3.41312403149
3.47178761164
4.14285714286
1.81058218082
4.0
2.09573765596
3.66666666667
3.16666666667
3.5
1.30479204655
3.16666666667
1.75364763538
1.90991374765
2.71428571429
1.99073594146
2.77375153133
2.35402519703
0.859726689756
2.19423699379
2.87167957379
4.0
1.09244000912
2.42835150927
2.87410004934
2.68684510958
4.08528073629
2.85714285714
2.66666666667
2.67079532588
2.77853927016
3.24920634921
1.94959167639
2.5
0.334604896605
2.66666666667
2.66666666667
2.56076677768
1.5
3.2
2.09440616767
3.375
3.29626857131
3.01629475753
1.19106609623
2.66666666667
2.5
3.15666821268
3.2
3.21991914511
3.04601650313
2.48825860023
2.91666666667
2.28571428571
2.25
1.91241927942
2.5
3.2
3.53333333333
2.35629448891
3.46552318876
3.1877757855
2.23978020085
3.05618722098
2.70793347806
3.8
3.8
3.79611591498
2.28571428571
2.25
4.75
1.88468087713
3.05555555556
3.95238095238
1.75149627328
3.22222222222
3.8
2.34915270805
2.25
2.0
4.75
2.375
2.73897520039
1.72768081725
1.2356496652
2.99759711641
3.6
3.91666666667
3.0094479531
1.96153846154
4.5
3.56666666667
3.31963137344
3.04545454545
2.09162297514
2.0775617626
2.0625
3.52226898405
1.55358413855
3.30303030303
2.47619047619
3.2
3.22222222222
3.32949893815
2.78092622757
2.31643030643
1.18625847499
3.2
2.13888888889
2.5
2.31550774574
3.8
4.0
0.220566868782
2.7619047619
3.24726244255
2.57142857143
2.1059953928
2.98734547032
4.0
3.2340926528
2.66666666667
3.21365122265
5.0
4.19047619048
3.78205128205
3.33333333333
3.54166666667
3.9
3.8
3.05555555556
4.09259259259
5.0
4.43512493869
2.67461037636
2.57508814335
4.19047619048
4.75
4.33333333333
3.64583333333
3.8
3.85714285714
2.25
4.75
3.81481481481
2.5
3.85714285714
4.75
4.75
3.8
3.35852416356
3.11111111111
0.418654829264
3.9
2.94444444444
3.47933594717
3.33333333333
4.04761904762
5.0
3.22222222222
2.5
2.14800955057
2.32271758715
2.66666666667
3.52981751909
3.25
3.39670945207
2.91504066331
4.5641025641
5.0
4.0
3.66666666667
2.5
2.33919185003
4.14285714286
2.91533844812
3.8
3.69444444444
5.0
3.33333333333
4.19047619048
4.01851851852
2.77777777778
2.21676436265
2.83333333333
3.81666666667
3.90388916135
2.5
4.11111111111
2.92592592593
3.93333333333
3.78148690363
3.6804658673
3.38689565659
3.48484848485
3.17677031528
3.46600838502
4.0619047619
4.75
1.5
4.72222222222
4.15789473684
3.16666666667
2.63951109137
3.2
3.76794855522
4.14285714286
4.25454545455
3.2
3.46666666667
2.6469338326
2.0
5.0
3.34848484848
2.41666666667
3.22357789278
4.17473488099
2.05353594199
4.14285714286
3.66666666667
3.86666666667
2.5
3.16666666667
3.0
3.43105530739
3.28267161051
3.96296296296
4.15151515152
4.48484848485
3.6875
2.0
4.04761904762
0.0
4.72222222222
4.14285714286
4.28571428571
3.125
4.33333333333
3.16666666667
3.92857142857
3.46666666667
4.14881207546
3.95238095238
4.0
5.0
3.8
3.56666666667
3.85185185185
4.15
3.0
1.3578970929
3.11111111111
4.37393319607
4.26073741913
2.56666666667
4.37037037037
4.28571428571
4.58333333333
3.20909090909
3.27777777778
3.22222222222
3.88095238095
2.07198067307
2.85024466969
3.8
4.88888888889
4.19047619048
2.83333333333
3.84047619048
3.85
3.99997782707
4.59031198686
3.66666666667
2.28895312548
3.71428571429
2.375
2.25
4.30303030303
4.0
4.0
4.7
3.64285714286
3.9
3.21288515406
4.5641025641
3.92
4.31481481481
4.75
4.19047619048
4.2037037037
4.04761904762
3.9
4.04761904762
4.43055555556
2.0
0.836285134157
4.19259259259
3.23610512416
3.80357142857
4.50833333333
4.75
2.01558360855
4.14285714286
3.2
4.24242424242
2.94444444444
4.14285714286
4.62222222222
2.78571428571
3.8
4.0
3.07254954747
3.33333333333
4.44444444444
3.33333333333
3.80555555556
3.55953688754
3.7
2.66666666667
4.14814814815
3.8
3.37777777778
4.50909090909
4.5
4.17096280058
4.19047619048
3.07407407407
4.23305237293
2.71428571429
4.38888888889
3.6
3.66666666667
3.71428571429
4.13333333333
4.44444444444
2.80715060979
3.74128371698
2.66666666667
3.2
3.33333333333
5.0
4.10868454377
3.65476190476
4.4
5.0
3.95238095238
3.33333333333
3.28787878788
4.27272727273
3.27272727273
4.19047619048
3.42671503623
4.75
3.4
3.0
4.23977018727
4.41666666667
4.24821326733
3.5
3.25275451796
4.75
3.11111111111
3.20833333333
4.25925925926
3.18754258752
2.80555555556
4.44444444444
4.41666666667
3.16666666667
4.24242424242
1.86963487913
5.0
2.0
