2.53432777524
4.66666666667
2.17205073283
4.11428571429
5.0
2.31865827384
1.85536670685
3.62380301456
2.95073335228
4.11428571429
2.87075038751
2.81950302323
5.0
2.28981650857
1.21519099582
5.0
3.14109291207
3.57884561557
3.974352767
3.75757575758
2.00501404703
5.0
2.88616968989
5.0
5.0
2.80031971137
2.60180668367
2.25762504339
3.50558337768
3.65384077231
1.9744918156
4.12821346742
3.8
1.90501404703
3.33161781773
3.875
2.03912592928
3.10046446931
5.0
3.4
2.81864334598
5.0
4.0998202463
2.37442732395
1.95621476173
4.11428571429
3.93902113943
2.6981644375
5.0
5.0
5.0
4.06775848525
2.27162385271
2.4522413583
2.89856321873
3.32321378589
3.4
2.05122226079
3.92348224689
5.0
2.45292638044
3.90721633037
1.41862617234
3.4
2.85441188018
2.14767936014
3.93902113943
3.93902113943
2.57381827491
3.50409712547
3.37222222222
2.96716657139
4.0998202463
1.74506461804
3.97476429817
5.0
2.03866197846
5.0
3.50809209545
3.17417693138
1.41862617234
3.6694066958
2.86197525462
5.0
2.64808636573
5.0
3.4
2.92722312344
4.55555555556
5.0
3.07407407407
2.95548398958
1.97071605921
3.974352767
1.70164122553
3.6828993306
2.92722312344
1.95621476173
3.92348224689
2.66631982557
2.80974084319
1.82584347598
5.0
4.0
2.97348057893
2.75940018892
2.75095258653
5.0
4.0
3.43246239622
2.22495607535
4.86666666667
5.0
2.65504654971
3.57884561557
5.0
2.82383178174
4.86666666667
1.99172758326
3.52235633677
3.7356719176
3.97476429817
1.45238095238
3.8
3.4
4.01006705271
2.06649626626
3.5951937758
2.86197525462
2.92722312344
3.92348224689
2.89616627163
4.0998202463
2.14472258452
3.15266115155
4.86666666667
2.86197525462
3.34950771271
3.974352767
4.18885061145
5.0
3.31817632587
1.8450729526
5.0
2.86236946781
5.0
1.71429538727
0.468760005452
3.50558337768
1.55559523617
2.14472258452
1.45238095238
3.79127345483
1.45238095238
3.82596300657
3.07407407407
2.19462072574
2.62962962963
2.58629384041
5.0
2.17082593342
1.74506461804
1.99424088853
2.97348057893
2.03244004079
3.16679729308
2.54938047131
2.75
5.0
1.6
2.88888888889
4.0
2.63492063492
2.77213136355
2.06475373109
3.8
2.98455559413
2.24166666667
2.46049967679
2.14472258452
5.0
4.0
3.50558337768
2.42657188597
3.38257671125
2.68612378683
4.86666666667
4.01676847147
3.65170639848
4.75
2.62902100339
5.0
5.0
3.4
2.59165180865
2.3186585222
2.88996539652
4.5
4.03319911493
5.0
3.92348224689
5.0
2.63484173555
5.0
3.4
2.03244004079
2.6497500624
2.95621476173
2.29090557676
5.0
3.4
2.65504654971
0.247532039881
3.16691013972
2.70949966567
2.95621476173
5.0
2.58407128851
2.51823132435
2.77993632356
1.94394479394
1.29886902074
2.66240468561
2.61236946781
5.0
2.92722312344
1.72334898491
3.42222222222
3.974352767
2.09595628911
5.0
2.1224686377
3.23976650944
3.05747378956
3.4
3.05139352878
0.93934650146
2.003697126
3.54034373852
3.33333142598
2.88557815552
2.46444173654
2.98720407486
3.92348224689
2.54692982544
4.66666666667
2.2125389455
2.96667941645
4.11428571429
2.02167002581
1.99424088853
4.51851851852
3.23976650944
5.0
3.57498682176
2.32120860707
2.98720407486
2.62902100339
2.31955357834
2.07813832699
4.51851851852
2.95621476173
2.86197525462
2.31955357834
3.974352767
3.139593594
1.42202477764
1.93012539148
2.09536521931
2.63484173555
3.50558337768
3.4656032874
2.14472258452
3.16569243537
2.9715456238
1.67407201032
5.0
2.81864334598
3.45833333333
2.64808636573
3.4731130022
2.89566670524
4.0
3.79617052124
2.92722312344
4.39958992004
2.97348057893
3.8
1.70164122553
2.86197525462
2.54478906702
5.0
2.65240481496
2.3186585222
1.80736656831
0.409768790007
3.32634252004
4.58333333333
2.63484173555
3.5951937758
3.92348224689
2.67534289474
3.4731130022
2.95621476173
3.82596300657
2.15382620692
2.64808636573
0.0
4.66666666667
3.93575160371
4.75
2.82666318119
4.0
2.89616627163
3.25641083552
2.62394314715
2.96871159261
5.0
2.84805960457
2.98735917532
1.99424088853
3.79617052124
1.82686985036
2.10373737812
4.05338447744
2.66666666667
4.86666666667
3.92348224689
2.62902100339
5.0
5.0
2.05738516365
2.86106441418
4.86666666667
3.37222222222
1.03255143532
2.00677781635
4.66666707538
3.57884561557
3.20903699431
1.92962305193
4.0
3.4
3.30920008818
3.92348224689
2.1224686377
2.92722312344
3.65170639848
3.52946124627
4.11428571429
5.0
5.0
2.64808636573
2.3186585222
2.30173585245
2.77084687998
1.9169636744
1.78738901047
5.0
2.15382620692
5.0
3.4
5.0
3.15184527415
5.0
3.15493118402
2.95621476173
1.8094930365
2.92722312344
5.0
2.86197525462
1.96259937187
1.65036619135
3.4
1.89929379799
2.28719701245
3.87251190344
5.0
4.75
1.71429538727
2.03688043356
2.95991214116
1.95210681359
1.25
4.01006705271
2.08411652392
1.99424088853
3.50558337768
2.35919484297
1.77354088227
1.95501404703
3.97476429817
2.04908623695
5.0
4.55555555556
5.0
2.88996539652
2.80453169037
1.96815255555
2.79282894565
3.2
5.0
2.86197525462
3.07407407407
1.00736928814
1.99424088853
2.82638888889
5.0
5.0
5.0
3.65384077231
3.02182664076
2.45919484297
3.29077517277
4.03703703704
1.97514984948
1.96777916182
3.82596300657
1.96777916182
2.97348057893
4.03703703704
3.24379699519
1.94593147011
4.0
2.05284820406
1.83813579908
5.0
5.0
2.97348057893
1.86328836679
3.50558337768
4.66666666667
1.98291275422
5.0
3.26745643066
2.6237941583
3.43609012167
3.42222222222
2.95756540298
2.9313929379
4.66666666667
5.0
4.86666666667
2.52687424201
4.86666666667
2.14969372352
2.64808636573
5.0
3.79617052124
3.82596300657
2.88557815552
3.46198873167
1.52705106139
2.22333278411
2.99263389477
3.6
2.92722312344
2.39305017211
2.62902100339
