4.0
4.75
4.83333333333
5.0
4.83333333333
4.29166666667
3.5
4.28958315319
4.28958315319
4.14285714286
4.28958315319
4.66664425532
2.61848007143
4.26404518551
4.42551819483
5.0
4.625
3.25
4.38888888889
4.83333333333
4.20817774534
3.73679771688
4.06341292063
4.01632252004
3.04426336288
4.28571428571
3.31322824955
3.90476190476
3.80952380952
5.0
4.05279630423
4.1814965672
5.0
4.15167622566
3.5886500246
5.0
5.0
3.9611147907
5.0
4.30110854573
5.0
5.0
4.03416163392
3.42857142857
4.06063759724
4.86665684382
4.44444444444
5.0
5.0
5.0
4.01484222213
2.3773177531
4.14605278439
4.11354371905
3.73889447583
4.0
3.82087567117
2.63055506017
5.0
4.36219908794
4.14827214347
4.83333333333
3.34427436193
3.3409721454
4.42714789179
5.0
4.11182883051
5.0
3.94574745496
3.70180130005
4.26849638091
3.99052018589
4.19723783599
4.19723815388
4.37323350377
3.28684614764
4.83333333333
4.83333333333
5.0
4.12015210258
2.63055506017
4.09135606554
4.09135729737
3.34097190698
5.0
4.0
4.19047619048
2.36824949582
2.75850021839
3.42857142857
3.82385351923
3.31776724756
4.09293880728
3.83066489961
3.83066489961
4.31538457341
4.31538457341
4.31538457341
3.34550787177
3.30847712855
5.0
3.8
4.14285714286
2.6453948617
2.85555866361
4.04761904762
4.19047619048
2.76845211074
2.0145453612
3.52100511392
4.350316551
4.37145466275
3.27777777778
4.30716803339
4.14285714286
2.85484452475
5.0
4.04761904762
3.20031202407
4.19047619048
3.44444444444
4.28958315319
4.30110703574
3.91050585111
4.09994994269
4.28957981533
3.76035485003
4.17579534319
3.28481431802
4.66666666667
4.19375326898
3.6
4.04761904762
4.37910265393
4.04761904762
2.92492294312
2.92643097043
3.2
0.581835508347
2.38537391689
3.61229650842
4.1814965672
3.15474303563
2.81058492925
2.8105880287
3.44444444444
4.37323787477
3.91521949238
3.94160241551
5.0
1.88696793881
4.30110854573
4.54505652852
4.14285714286
3.75428620974
4.44444444444
4.83333333333
3.5216890706
2.72852216164
3.43279682265
2.78194750235
4.15061071184
3.3409721454
5.0
2.15778955486
3.29946619272
5.0
3.07640360296
3.53918712007
3.67124239604
3.6
3.23135582606
1.87964609928
1.84194985628
4.53578212526
2.06706827548
3.93533848392
1.47273516655
1.43073162436
4.47875597742
4.47875581847
2.63215230405
2.6848192662
4.18959504366
3.18182127674
4.14285714286
4.36137032509
3.46914474169
3.28872871399
2.28373685148
3.15297603607
1.99304647446
5.0
2.32519500123
3.33333333333
3.50750502745
3.67273797281
2.65108047591
3.8
4.94444444444
2.05189870596
3.17878186703
5.0
3.20910179615
4.38920317756
1.62326672673
5.0
3.80952380952
1.53783543325
3.72988307476
2.0
3.47647282572
3.09236947695
3.82861847348
3.73333333333
3.55741802851
3.625
5.0
5.0
5.0
3.66158865558
4.47915891806
3.63490093417
3.2
3.70671219627
3.41646981902
4.54166666667
3.48878832327
3.21455878019
2.59403848648
1.56882820196
2.9994317546
4.19047619048
4.83333333333
5.0
2.716748707
2.11108047962
2.38589835167
1.77608666983
3.54380603064
3.76947715878
3.39701804661
3.36361315137
3.37558895018
1.83980119642
1.80181106925
2.1828575929
1.70913580486
2.16403340158
2.11057563292
2.59496503479
3.40223263502
4.14285714286
3.71243784163
2.3507760334
3.70825521813
3.6
3.57239731153
2.12476758824
1.4417175293
3.43437472979
4.26404804654
3.27766436338
3.8
1.51688957132
1.57326964537
3.09673019747
3.8
3.66666666667
4.38128709793
2.73136849399
3.2203528285
3.16666666667
3.80952380952
3.82074434227
2.57646950937
3.90476190476
1.76668639647
4.13612200816
3.80952380952
1.23524903754
1.81784797377
3.58277222845
2.60165601969
4.0
3.18326590922
2.57258854972
4.20305516985
4.77777094311
3.06168971743
3.13815950553
2.0
3.66547475259
4.15061595705
1.77268880275
1.53505068024
1.69919621944
3.73333333333
3.75049988429
2.4310174942
2.67851600647
2.57606665956
3.52712358832
2.84637496471
3.49321578798
3.37237195615
3.20083862543
1.11040065686
1.83230915334
1.60906758077
1.75235740013
2.76845211074
2.637637689
2.69883191586
0.798355062803
3.97003879547
1.93041884899
3.1960319678
3.95236739658
3.34867724445
3.88868143823
3.2
2.10811669827
1.55695855618
2.31978056497
1.29380381107
2.78496128321
4.83333333333
1.83728543586
1.81585527211
2.11141545773
1.48166479005
3.49754810333
2.8475216892
0.154188656807
1.70216600514
2.18109436035
2.2299243927
4.03069149123
4.19047619048
1.8359120306
1.89292549756
1.49221699354
4.26404518551
2.15633363194
2.37383745776
1.73162574768
4.14285714286
1.70167779922
2.21386385626
2.01893709501
0.5976412793
1.80572734939
3.83333333333
3.12630395095
3.33584494818
2.37035833465
2.8713485375
3.8
2.98577437798
2.99808305076
1.88902399606
0.944202295194
2.02854541606
2.80952380952
5.0
3.02744767212
3.50448895494
3.6251816762
5.0
4.58333333333
5.0
3.43279658424
1.94007818566
2.69389079677
3.6
2.32653305928
2.66967063858
1.63584088948
2.78224599361
3.27402641873
3.01869375706
3.2484824998
0.256615996361
3.76143353515
1.94823024273
2.14747803079
1.41638492048
3.6
2.20122367806
1.07222743829
1.27306909859
4.15061071184
3.15847678412
1.18610727787
3.21258382003
1.8656467029
3.16666666667
2.88967069983
3.04889921915
3.66112405724
4.14285714286
3.3409721454
4.26982262399
2.05759932881
1.20033971469
2.2529471053
1.34236376286
1.31847598155
1.56886404753
2.04046704769
2.4841565556
1.55610183875
2.0857417153
3.625
1.2683882316
2.13299746315
2.44740581512
1.56445555886
3.5
4.04761904762
2.01730365223
1.1706204613
1.35068360964
2.7088912487
1.3051096797
3.01320564386
2.79184770584
2.5
3.33332212766
4.0
2.36725989978
2.68290770054
3.13801622391
1.60726009599
1.9785617314
3.8
2.56399350034
2.41717877653
1.0174592038
0.947029409309
2.0
2.85136110253
1.18095759178
3.16666666667
2.54861161113
4.177690453
2.37467663984
2.63545022187
3.09435264711
2.84739952087
2.94758940084
3.02465317363
2.66584979163
2.21056859834
1.75680433001
2.6331723796
2.95287795862
2.45672376332
1.22574419975
2.06096806791
1.20270096759
3.12678246271
2.85549131036
2.62021429009
2.09667615758
3.32594907851
3.4647769928
1.0805435578
2.08016463783
1.1040274178
2.31211587042
2.8181553114
0.978645314773
1.10339176158
1.97438291129
3.71181542873
1.32940173859
1.87824314088
2.31675347686
3.68809811274
2.14553605318
2.28958315319
1.93304414964
1.01244969666
2.30221665473
2.22864139742
1.05949897071
4.03703703704
3.8
1.46485495567
2.59965931234
2.55669987202
2.56394778358
1.76754880519
1.52109400715
1.58009986083
1.47030252715
1.01738207539
0.919658130035
1.51498142878
1.18643820037
1.23702740669
3.318332522
1.39928592954
2.87119798433
2.93009656337
3.23745385806
2.64849376678
3.94715705183
3.85547482967
1.80550731931
1.89630746245
0.734387656053
3.1875
1.57856171472
1.56419951575
2.1133738425
3.70028620778
3.85185185185
2.61002499859
1.02417178452
2.662318483
1.89729360172
2.1661812928
0.825451365539
1.53224696695
1.8995551856
1.91096937656
1.46824705601
2.66666666667
2.51726089418
1.98503329412
2.11141545773
1.52094680639
1.462449193
1.80479955673
0.925952248275
1.7476931413
2.35340918104
1.9616994328
3.0610263745
3.22827644575
1.97922486918
1.32515535504
2.04627298978
0.561968783538
1.15680853526
2.26042351269
3.8
1.96102995053
1.76153288782
1.34936248242
2.77777777778
3.27366518974
1.50560668173
2.20931234625
3.17903381586
1.54360819525
1.42316869895
0.453393355012
3.94574745496
1.86564605719
2.0
0.593496903777
2.11473143597
4.28571428571
1.3527553933
1.35415377393
3.89181310601
2.26994781494
2.57315920648
1.65182711184
2.49236287011
1.7217686971
1.22021420002
2.71428571429
3.55308761199
3.23837870643
2.66053026915
2.49475546678
3.06213127077
3.43525829911
1.56193387177
2.2667992115
1.64070628236
1.96072820028
2.09637638595
1.69445045458
1.33382979298
1.70914572229
0.950378954411
4.19047619048
4.15061595705
2.61448919773
1.64839596408
0.761678359161
0.96410968403
2.70282225098
2.33223411015
2.12449955195
3.07260139783
2.72602327665
3.86309292581
1.72481083586
2.17994309039
2.31822893023
1.98968338966
3.33702345121
2.08546774387
0.880042672157
1.66582649095
1.15021928897
0.293918919563
1.50114120756
2.08534772396
2.66666666667
1.99093870322
1.84713118417
3.19954313172
2.27574584219
2.46037236849
2.34406846265
2.96955766766
4.19047619048
2.30447279082
0.896793981393
1.26305580139
2.35247509347
1.83750013794
1.48260756996
2.239641814
1.683333233
2.13980605867
1.03431893637
1.63820525408
0.680994732039
3.36040090379
0.907810546458
0.691061511636
1.21199574471
3.13622284929
2.34147749628
1.20149940252
0.112574988604
1.58783859866
1.15189502637
1.80420352618
2.37703445554
2.28910523529
2.56342580583
0.967253955702
2.06508367923
0.637535229325
2.99388933182
0.85327886045
2.69898910324
0.574964746088
2.1288532189
1.51788560814
1.95410196781
1.43790255785
2.10768338541
1.36631806691
2.06558806556
1.65825725043
1.73865562677
2.95769350396
2.92173749429
1.7384909732
2.15572199888
1.01438237561
2.07420301437
2.63976015467
1.97130071322
1.31885837946
2.69866653851
2.27033467293
2.5
2.21208462715
0.883583796024
1.01193708181
0.235060459375
1.84092013041
0.919005943196
1.66709489482
0.867643475533
2.11183272089
1.52474958118
1.33725339174
2.60819537441
1.94578388759
1.86038341409
0.699012994766
1.8383039747
2.05350725651
1.72513027191
1.84132843162
2.25828271442
0.965617358685
0.247471415997
2.55420200692
0.582960491379
0.749790838787
1.39128432955
0.906763891379
0.777883165412
0.754976760596
2.23552005632
3.58200911113
1.5535753419
1.74275824002
1.66402922074
3.02115501739
4.66666666667
1.59958359173
2.99176716805
2.19690577189
2.69052301596
2.06528409764
1.62623262405
3.25482851267
3.14814814815
1.74545220534
0.856746971607
1.27151160439
0.998236507177
3.11111111111
2.20845213201
0.505354693958
1.79283572946
0.61927913626
2.05001562834
2.1224822998
1.50588208437
2.87777777778
2.51482895613
1.99007892609
1.94068050385
1.72623760005
1.64758212226
2.04713687833
0.420999924342
1.213396992
0.836711366971
0.929268062115
2.0154369639
0.519759173195
0.622476319472
0.840401818355
