4.00234142939
2.68737686265
2.96151680838
0.0
2.21444818107
2.27788979748
2.26427234305
1.97770454414
2.23687412315
2.27471279038
1.41672637314
2.0497028629
2.04338083267
0.0
3.34362573039
3.44625155987
2.19614953164
2.86142617559
0.25152310729
2.98010733298
2.21992113121
3.12380422865
3.33111125469
4.12593177143
3.64071703755
3.92208196057
3.33333333333
1.80899592349
3.04732586254
4.00181679991
2.38144571582
3.09215002078
4.45833333333
2.74905083312
1.62849187851
3.24042824336
3.36237983108
3.68747425079
0.0
2.0457249499
2.82233120534
2.85204250162
3.76724858284
2.87471280779
3.35555555556
4.00234142939
0.956171959639
2.04338083267
3.25833333333
4.75
2.87471280779
4.26034706555
2.20982881604
2.20648854068
3.46592756907
2.13976282994
2.48999345881
3.53587520123
2.54865062833
3.31192496364
2.0
2.1037475268
0.0
3.44600176016
2.45704963128
3.04463067651
1.8801145941
4.27272727273
2.95930853676
4.625
1.22499184608
2.67264980078
4.0
4.75
3.73622224331
2.7272161596
3.27487615439
3.92153594395
2.66666666667
2.67513252188
3.24042824336
2.9974212533
4.75
3.06666666667
3.71041666667
1.73391960702
2.67293383136
3.63518535007
2.67264980078
2.66666666667
3.77777777778
2.02330316863
4.0
3.71041666667
4.38888888889
2.8201717779
3.25296631314
2.24789849018
2.60132742068
1.38983723521
2.04282582551
3.27487615439
2.51488952637
0.0
2.40831098912
2.09719391222
2.86407609913
2.50864213484
3.76724858284
2.53030753831
3.39581071102
3.55939692259
4.32447200269
1.41161017948
2.51488952637
3.18496095041
3.66666666667
3.17651859919
2.08900354544
1.63385291453
3.2141094151
4.07407407407
0.0
2.07303229065
2.85204250162
2.61342096759
3.00985193253
2.71072848645
0.0
2.94969808942
3.00290780373
2.33149427717
2.88953546241
2.26506928466
2.77865079925
1.80496481749
2.04264067709
2.37193017006
4.75
1.97398712635
4.7
2.66016194423
3.10245991195
2.34575687136
1.41590476036
2.27471279038
1.81165593863
3.79957173285
3.57171578918
3.35799285094
3.3975959142
3.25833333333
1.81165593863
2.34083146399
2.34083146399
3.18089298904
4.26041666667
2.72120788197
2.59905083312
0.0
2.85204250162
3.33333333333
4.0
3.32480050392
5.0
2.20911520322
2.96151680838
2.8720843176
1.54674047232
2.67725759943
1.09150646894
2.30735401313
4.14576130112
3.88638796842
3.2999208985
2.44682790099
2.1714827039
3.51600900809
3.08710024925
3.68747425079
2.26927846836
3.70288890998
3.39332513014
2.95930853676
2.8094641161
3.50451874994
3.21964095434
0.0
4.26034706555
3.68605382515
1.84
3.57219704649
3.88311171653
3.2999208985
2.46531729499
2.52816582609
2.75245862915
0.0
2.79056563422
2.23133531396
4.0
0.0
3.27528647237
3.45247881887
4.0
2.51784874499
2.74905083312
5.0
4.45664336185
2.05779688557
3.4
1.8863645941
3.33333333333
2.9382156531
2.87471280779
2.5
3.27777777778
1.58167839795
4.26041666667
1.42798366149
4.02773374716
4.00234142939
1.76827165816
2.67264980078
0.467483907938
2.70298367937
3.44154282105
5.0
4.0
2.05779688557
3.63518535007
2.70360045036
3.94716628393
2.66666666667
4.07407407407
4.33333333333
3.4
2.72150974804
2.90263198522
3.66666666667
4.64505385842
2.97832260529
4.26041666667
4.0
2.28571428571
2.64849608995
4.03703703704
3.24042824336
2.70022249884
2.39811238249
3.86110503144
4.0
3.125
0.981592965126
4.28204016222
2.29620838888
1.62733131275
4.50444715174
2.81428041912
3.24042824336
4.375
1.77777777778
3.27487615439
2.66666666667
1.98715491367
3.14170829985
4.11111111111
2.77979265792
4.0
2.83882647211
1.15547499855
0.0
2.7874729832
3.70075649912
3.47337520123
3.12534909712
2.66666666667
2.64358836838
1.98094708579
2.75000429153
3.28804729098
3.00985193253
2.31184631454
3.38061740398
2.74623509816
2.70477047736
3.33333333333
2.82495527556
1.41161017948
3.43946430418
3.05172909328
3.17651859919
2.77865079925
4.16307552589
0.0
1.81091346939
1.8591137886
3.44154282105
2.66666666667
3.44154282105
3.36077122568
2.63014535109
2.15708758434
2.24501940827
2.71142857002
2.46892343249
3.25781357105
2.51488952637
3.4572488202
3.00985193253
2.32330325672
3.23796008045
2.26694848835
3.66666666667
3.375
4.18181818182
1.38983723521
4.45833333333
2.60067660809
2.54295528296
3.02555390199
2.51488952637
3.6239311023
2.62038066387
2.49729887644
2.74726877875
4.0
4.0
1.96886610985
3.58973080462
2.19880043632
2.90058191617
2.42947096626
3.19321973202
3.42306413795
3.28352730363
2.9676069078
2.26173095672
4.625
3.21238623559
3.94444444444
4.00234142939
4.00234142939
1.97051584831
2.03851707776
2.32917051554
3.375
2.125
2.85204250162
4.0
1.97770454414
4.75
2.73528030172
4.08626231169
2.61316199404
3.55749665607
2.52140100267
3.32558297662
2.98009225166
2.21954700802
3.40507072752
2.7257508194
2.60007476242
3.33333333333
3.57743816078
2.74731339727
0.0
3.55939692259
5.0
3.58973080462
4.32447200269
2.09084443863
2.80668727115
4.625
3.12025776837
2.30735401313
0.0
2.09727629423
1.41161017948
2.29620838888
1.9023353331
3.4
2.46892343249
2.45167976022
2.09727629423
1.6908760752
3.76724858284
1.8801145941
2.9402272145
1.8591137886
2.21508417875
4.0
1.90012888635
2.57835000555
2.81907517569
2.43311100114
1.19535395077
1.73954447183
3.24042824336
