2.3305
2.7505
2.9721
3.2819
3.3933
2.5706
2.6983
2.702
2.8703
2.8443
2.093
2.3039
1.2769
2.499
2.488
3.393
2.5086
2.8639
3.3573
3.4001
3.3793
2.0728
2.8387
2.2622
1.7472
2.4645
2.0471
1.9578
2.7207
3.2272
2.0611
3.083
2.2749
2.3192
2.3438
2.7305
2.7305
2.7079
2.0584
2.7151
3.5132
3.6149
2.7473
2.5204
2.5858
2.1017
2.6359
2.1578
3.3736
3.3736
2.7945
0.40627
1.9142
2.9314
3.1348
2.2596
2.3862
1.6452
2.4349
2.6306
2.1149
3.5977
2.5215
2.5296
1.996
2.0934
2.8406
2.2188
1.8795
2.1164
2.3544
2.829
3.3056
3.3056
2.5052
2.8028
2.9771
3.3068
2.2918
1.9112
1.2967
2.7678
2.7131
2.7534
2.0614
2.4111
2.6984
2.6903
1.3705
2.485
2.3728
2.6518
2.8657
2.623
2.623
2.9734
2.9734
2.9734
2.3458
2.1257
1.9979
2.1541
3.1148
1.1555
1.1555
3.5431
2.7298
2.3425
0.99299
1.6911
2.6337
2.6562
1.8361
2.4469
1.8723
2.1031
2.1036
2.4349
2.3928
2.622
1.3617
1.6281
2.6148
1.4056
1.9627
1.0717
1.3212
2.7151
2.225
3.3199
2.3168
2.2305
2.8965
2.2591
2.8615
1.3965
1.2694
1.7653
0.55943
1.7912
2.5139
2.7032
2.5426
0.81767
0.94762
2.8417
2.519
2.5752
2.3106
2.2685
1.2267
2.6004
2.3782
2.674
2.0846
2.8208
2.1178
2.1991
1.9451
2.4584
1.8176
3.0483
2.4794
2.483
1.6727
2.6172
2.1592
2.5913
1.6625
1.5543
2.4923
1.9717
1.6882
1.4314
2.5086
1.3919
2.7503
0.41686
0.46813
2.502
2.4847
1.3531
1.2483
3.3855
2.5963
2.7732
1.879
2.3468
2.7846
1.8737
2.0883
1.6595
2.1883
1.7825
2.4323
1.9712
2.2144
1.2808
2.1284
2.276
1.379
2.4301
2.2095
2.4461
2.1154
0.46832
2.1956
2.1845
1.1812
2.8507
1.8864
2.6116
1.6554
2.5058
1.2953
2.5942
3.3209
2.2593
2.0697
2.1904
1.9779
2.2618
2.3901
1.6678
1.6931
1.7741
1.834
2.162
2.3524
2.2283
1.6066
2.2947
2.5519
2.0393
2.2043
1.1524
1.4798
2.3183
1.3008
2.6347
2.1275
2.3129
2.3497
2.2535
1.0804
1.1434
1.625
0.81653
1.0159
2.3294
1.6421
2.3175
3.4169
2.4532
1.572
2.2241
2.567
2.4135
1.579
0.48615
1.0312
1.8928
1.8551
2.1418
1.314
0.97256
2.0194
2.0893
2.1129
2.0811
1.7876
2.0279
2.3066
2.4009
2.0485
1.6162
2.4196
1.2097
2.6071
2.5717
0.73834
1.3002
2.0005
2.3141
2.8959
2.3241
2.3334
2.8874
2.3033
1.8596
1.9329
1.9591
2.644
2.9391
1.0386
0.50744
0.92735
2.2704
2.2233
2.6345
0.95877
0.47384
2.1237
2.4502
2.1005
2.5764
2.1846
0.87874
1.2696
1.2119
1.1963
2.6295
2.1213
1.5796
0.84773
2.3607
1.0344
2.2905
2.1944
2.2766
2.0548
2.0579
1.3636
0.67832
2.0057
0.43131
1.762
2.024
1.3459
1.4463
1.6558
1.7285
2.2295
1.727
0.80661
0.98647
1.6495
1.5883
2.5511
3.0709
1.1695
1.2989
1.1738
1.4083
1.421
1.3302
0.80054
2.0986
1.4247
1.5629
1.6131
0.75492
1.7893
2.0394
2.6409
2.0013
1.5227
2.3351
1.9559
1.5714
2.1251
0.96077
0.74151
1.4154
2.5774
2.1421
1.9947
1.2403
1.8266
1.8834
2.2611
1.9971
1.1014
1.3546
1.1738
1.9726
1.6309
1.7619
1.4385
1.9633
2.1744
2.7867
1.756
1.0061
1.4716
2.1328
1.0896
0.98415
2.1933
1.4694
0.57296
0.64615
1.9276
1.5551
0.9441
1.7068
1.6093
2.8087
2.2295
1.8376
2.5065
2.4926
2.0484
2.2816
2.807
1.0371
1.3653
1.9725
0.74342
1.0511
1.4014
1.1149
0.70191
1.1253
2.7187
0.88375
1.461
2.3909
1.4929
2.0385
1.8333
1.964
0.86705
0.85504
2.3259
0.83121
1.459
0.67865
1.5531
2.6261
1.8277
1.1251
1.7375
2.253
0.81994
1.9632
1.6794
1.1966
1.7378
1.132
0.92962
1.698
2.4051
0.81658
2.4297
1.4441
1.4613
2.3616
1.9389
2.1526
2.0915
1.4385
1.7738
1.1298
0.92149
1.5319
1.4044
1.9042
1.5277
0.46517
1.3666
0.93127
1.7523
1.6896
2.0546
1.5913
1.3497
2.7577
0.39135
0.79985
0.41521
1.7366
2.0006
0.91551
0.76773
1.4322
2.1294
0.99188
1.6195
2.0291
1.6333
1.6915
1.218
1.2323
0.91415
1.6019
1.7257
0.43769
2.0827
2.1983
0.69015
1.4353
2.1632
1.3359
1.53
1.2188
1.225
0.66924
0.76389
0.81441
0.40977
0.67504
0.64315
2.1459
1.1447
1.7046
1.5876
1.4523
0.73868
1.1849
2.2547
1.5035
1.5898
0.72866
1.8808
1.2841
1.5745
1.2524
2.29
1.9352
1.732
0.85962
1.5466
1.8304
2.4883
0.26888
1.1018
1.3359
1.2677
1.0806
1.514
2.0105
1.1782
1.5349
1.0906
0.60161
0.89111
0.76321
0.92534
1.7874
2.1208
1.4132
2.3539
1.3394
1.4541
1.1264
0.69304
0.85432
0.99585
1.4012
1.7659
1.0161
0.81637
1.9668
2.3866
1.0103
0.95801
1.7021
1.0862
0.83076
0.80084
0.80889
0.78437
1.3136
0.6931
1.0139
1.9499
0.87378
1.1334
1.4785
1.6624
2.0126
1.1889
1.5713
0.97763
0.78668
1.8392
2.121
2.6048
1.3894
1.4655
1.7198
2.1906
0.923
2.3317
1.719
1.3657
1.1068
1.3555
1.3922
0.57348
0.22854
1.9561
1.9389
1.2153
1.3561
0.71844
0.85234
1.6787
2.1947
2.0295
2.1591
1.1024
1.3407
1.1878
1.3959
2.4816
1.6882
2.0841
1.2351
1.106
0.87992
0.53166
0.64146
0.49974
1.6631
1.8015
1.8495
1.493
1.2319
1.4377
1.5949
1.5289
1.6859
1.6929
0.74149
0.68233
1.024
1.8311
0.97703
1.5955
1.3819
1.642
1.2299
0.17777
1.0093
0.70641
1.6336
0.32097
0.49737
0.55871
1.4179
1.8784
0.95026
0.8666
0.54442
0.87221
1.4676
2.549
1.6024
1.6784
0.76857
1.0729
0.25822
2.4205
1.1551
2.8844
0.43058
2.2753
1.115
0.73283
1.3969
1.1454
0.91112
1.7168
1.4387
1.4279
1.0325
1.5047
1.3814
1.5859
0.75458
1.5658
2.4145
2.2014
1.1152
2.0832
1.5812
1.1641
1.289
0.99765
0.59564
0.83107
2.016
1.0786
0.85884
0.53954
1.814
0.8098
1.1515
1.3365
1.809
1.532
0.82244
1.0317
1.1329
0.99554
1.3666
1.2375
0.53596
0.70484
1.4156
0.92636
1.144
0.98902
0.89347
1.1735
0.74356
1.1231
1.4012
1.2381
1.2401
0.92979
2.9281
1.9242
0.68782
0.90519
1.4978
1.0773
1.7175
2.1483
0.64612
3.0323
0.86846
1.0459
0.45176
0.88021
1.855
1.2478
0.58144
1.2511
0.76112
1.3767
1.0232
1.1035
1.6248
1.4717
1.4014
1.5406
0.64444
0.95058
0.92934
0.61795
0.56088
0.45624
1.0308
1.4564
0.56818
0.97029
0.78208
