3.2584
2.7575
2.3238
2.9447
2.9856
2.8984
2.7568
2.3149
1.7192
2.4106
1.8055
3.2094
2.8124
2.3326
2.4609
3.2023
2.5403
3.7199
2.4522
2.2708
3.3037
2.8123
2.5311
2.7205
3.4095
2.4099
3.3355
3.4914
3.2331
2.3057
2.1551
2.3045
2.4064
2.9406
2.8699
2.5713
2.749
2.9573
1.5825
2.7178
1.9871
3.1136
2.8212
2.9836
2.074
3.2104
3.6713
3.2201
3.1543
1.354
2.2435
4.0473
3.267
2.8842
2.7599
3.3227
3.5073
2.8528
2.8582
2.1136
2.6252
3.2035
2.4297
2.9907
1.9232
2.437
3.0702
2.3355
1.8594
2.3368
3.1678
3.3866
3.3902
2.5842
3.2795
3.3258
2.8804
3.3492
2.2106
1.8987
2.8266
3.0417
2.992
1.6374
2.0472
2.2399
2.6893
2.6827
2.4717
1.4117
3.5672
2.588
2.4485
2.4424
3.1044
2.7994
2.9489
2.3479
3.1162
3.4768
3.2737
3.0889
3.2833
2.3383
3.4453
3.1181
2.9946
3.5862
3.3146
3.1831
2.2986
2.4889
2.5053
3.6632
2.5605
2.2977
2.6619
2.5633
3.5319
2.9942
2.5131
2.7394
2.8053
2.3099
2.0584
2.6967
3.6085
2.856
3.4478
2.4074
2.8805
2.3113
2.5461
2.2131
3.3379
2.4566
1.8047
2.9528
3.3087
3.4508
2.6744
2.594
2.5229
1.7961
2.6357
3.1059
2.2341
2.7582
2.8229
3.114
2.7503
2.0553
1.686
2.038
3.079
3.0641
2.5286
1.4261
3.1016
3.1282
2.1467
3.1313
2.5049
3.0469
2.1853
3.3985
2.3743
3.4151
3.7843
3.5429
3.1921
3.3811
2.0428
2.2413
1.7082
3.0921
3.3393
2.4695
2.696
2.6451
2.1352
3.4365
1.8258
2.7772
2.0382
2.7428
1.8239
2.4586
3.1848
2.1724
2.4598
2.5772
3.2171
2.7014
2.1758
3.0684
2.9731
2.8447
2.9645
2.3391
3.2583
1.218
2.8067
2.8219
2.8914
1.98
3.3694
2.2141
2.6953
2.8933
2.1577
3.4941
3.5436
2.2861
3.2692
2.4733
3.1254
2.88
3.3451
3.3299
2.4012
2.0189
1.95
3.4437
2.8276
2.6951
3.1622
2.5011
2.6229
2.2233
2.5935
2.5003
3.1733
2.3695
2.2958
2.1095
1.7724
2.5701
1.8703
2.1179
2.6622
2.4393
1.8437
2.4321
2.1047
1.1632
2.7464
3.1099
3.111
1.8405
2.9793
3.6135
3.4034
3.5
3.4881
3.8677
2.6894
3.1504
3.9011
3.1848
3.8758
2.5315
3.7325
3.6154
3.6823
3.6349
2.9936
4.0574
3.2251
3.0694
3.4071
3.0025
3.4248
3.7958
3.3357
3.118
3.5785
3.2442
3.9886
3.2543
2.9751
3.692
3.6998
3.378
2.2389
3.5641
3.0256
3.7031
3.4029
4.475
3.4489
3.8492
3.6595
3.3888
3.3537
3.7776
3.1815
3.2645
3.4966
3.1526
3.7495
3.3959
3.0867
3.2366
3.7297
3.123
2.4765
3.7596
2.6042
3.9028
3.6044
3.0792
3.1901
3.5873
3.8806
2.9627
2.8795
3.6343
3.6806
4.175
3.0325
3.307
3.5521
3.6014
3.2929
2.8449
3.3598
3.4237
3.0481
3.4037
3.294
3.6542
3.5371
3.3074
3.6521
2.9858
3.3463
3.5887
3.7608
3.6523
3.3384
3.98
3.6144
3.7649
2.9333
4.2686
3.4224
3.4176
2.9898
3.7949
3.4407
3.6481
3.7605
3.6418
3.6387
3.1908
3.4794
2.5881
3.1845
3.3337
3.7873
2.951
3.4697
2.5768
3.168
2.6118
3.633
2.7392
3.5208
3.1904
3.5119
3.2696
3.9203
2.7413
3.4108
4.0171
3.6972
2.9333
3.9832
3.8009
3.7867
2.983
3.521
2.8896
3.6072
3.4023
4.1432
2.8
3.4563
3.8418
3.4016
3.3991
3.3995
3.8227
3.2548
2.6163
3.4326
3.1139
3.6369
3.6598
2.9541
3.1834
3.5077
3.7931
3.4519
4.0547
3.32
3.1297
4.0079
3.4914
3.45
2.9376
3.0903
3.1439
3.5058
3.175
3.4771
3.7059
4.165
3.8794
3.4485
3.2159
3.2553
3.5617
3.3753
2.6881
3.317
3.6171
3.956
3.2541
2.8353
3.157
3.5999
2.4753
3.734
3.7296
3.0996
3.8278
3.6366
3.4348
3.6226
3.7824
3.5578
3.8071
2.8527
3.2013
3.0099
2.5242
3.3169
3.6768
3.5913
2.7372
3.8445
3.2031
3.4016
2.4361
3.2531
3.6273
3.5523
3.8877
2.8944
2.9674
3.6028
3.2705
4.3253
3.3944
3.6077
3.4517
3.5588
3.414
3.5483
3.5515
3.8297
3.3901
3.5946
3.4726
3.7249
3.111
3.5518
3.6696
3.8966
3.1705
4.2272
3.7992
3.4555
3.7337
3.6399
3.4935
2.7678
3.8049
3.5475
3.8469
3.4529
3.929
3.3698
3.6686
3.5782
2.959
3.4727
4.2753
3.7871
4.1528
3.968
3.9084
3.9588
3.763
3.7454
4.2853
3.6868
3.6595
3.968
3.9326
3.4087
3.5057
3.3961
3.9832
4.2205
3.6371
3.6761
3.7636
3.5454
4.3446
3.4653
3.9661
3.6802
3.7278
3.4068
3.7877
4.1213
3.4016
4.0094
3.7314
3.5559
3.5867
3.9878
3.8052
3.832
3.4557
3.4282
3.562
3.751
3.7062
4.3779
4.2544
4.3925
4.0019
4.1056
3.8314
3.8452
3.394
3.4254
3.6783
3.9421
3.7887
3.9847
3.9272
3.9065
3.7332
4.023
3.9058
3.5712
4.0675
4.1161
4.2371
4.1405
3.9374
3.6113
4.2485
3.8528
3.9152
3.2297
3.5866
3.3968
3.5781
3.8833
3.7516
4.0558
3.6644
4.2512
3.9392
3.9851
3.4753
4.4522
4.0748
4.163
3.8443
3.7532
3.7015
3.4467
3.5629
4.0878
3.6715
3.8672
4.031
3.3723
3.607
3.8258
3.7733
4.0722
2.8426
3.4373
4.183
4.0063
3.9748
4.1037
3.3324
3.9502
3.6932
3.9573
3.365
4.0738
3.4006
3.6203
3.9673
4.1534
3.9051
4.0751
3.833
3.8781
3.8067
4.2011
4.2577
2.8014
3.8399
3.718
4.0271
3.9992
3.7382
3.9815
3.7402
3.8928
4.3406
4.1148
3.7255
4.9967
4.4213
3.2159
4.0364
4.1787
3.5671
3.6752
4.08
4.062
4.119
3.9464
4.5517
4.059
3.2523
4.9876
4.4004
3.4577
3.4788
3.8981
3.9822
4.0083
3.6786
3.9689
4.4043
3.7895
3.5417
4.0937
4.3032
4.0245
4.0217
3.5842
4.0879
4.1004
3.2305
4.1232
3.8752
3.6371
4.094
3.4957
4.2968
4.0869
4.5256
4.1077
4.1307
4.0303
3.6481
3.5151
3.7232
4.0089
3.5009
4.2378
3.8784
3.7537
4.2378
4.0183
3.9362
3.9074
3.7575
3.8665
3.7566
4.1465
3.8515
4.0075
3.525
3.628
4.282
3.6765
4.1993
3.6095
4.0224
4.1604
3.7279
3.8618
3.8475
3.586
3.6466
4.126
4.0089
3.6532
3.6535
3.8146
3.8216
3.4726
4.1991
4.5315
4.5111
4.2821
3.5544
3.4987
3.6845
4.3183
4.3113
3.1997
4.1867
3.926
3.3906
3.9945
3.5511
3.9683
4.1134
3.8658
3.8295
4.0931
3.1584
4.159
3.4563
4.1712
3.9513
2.9127
3.9392
4.3994
4.1623
3.7816
3.283
3.87
2.8066
