4.0527314
4.9970424
3.9804145
4.6041536
5.1052917
3.7280239
3.8261457
4.762558
4.405099
4.6797314
4.1180982
4.3346443
5.0609176
4.0874208
3.6815262
5.1175611
3.9309832
4.4783465
4.8330092
5.0053212
3.5957018
5.1114298
4.2412556
5.1114298
5.1083642
3.8182424
4.0872489
4.3130897
4.5793557
4.5471057
3.5961397
2.0494895
3.4616523
3.7552088
4.4453331
5.134086
3.0449879
4.0701602
5.1007117
4.8542155
4.2538609
5.1114298
4.8148088
3.8547119
3.9693569
4.59822
4.6205257
3.7528123
5.1114298
5.0281281
5.1175611
4.9206605
4.0991724
3.8090921
4.0996685
4.4215479
4.85808
4.0130771
4.7551649
5.1083642
3.8930342
4.3584515
3.8449604
4.8542155
4.513246
3.9706892
4.6205257
4.6205257
4.1807859
4.5432569
4.4864164
4.4507417
4.8148088
3.4362827
4.7585875
5.1083642
3.7659094
5.1175611
4.7334006
4.1608384
3.8449604
4.6138362
4.6035701
5.1052917
4.6041875
5.1175611
4.8542155
4.2593531
4.7469317
5.1083642
4.9716704
4.4511775
3.4961933
4.8144068
3.5371443
4.5995572
4.2593531
4.0033834
4.7551649
4.325514
4.401939
3.6587668
5.1052917
4.8520787
4.4641972
4.8162277
3.4560582
5.1175611
4.8520787
4.4993147
4.2032522
4.7801494
5.1175611
4.0212288
4.5095851
5.1114298
4.2295274
4.7801494
3.7403886
4.2484853
4.734315
4.7443346
4.8542155
4.4633402
4.85808
4.8127575
3.5824718
4.5353026
4.6035701
4.2593531
4.7583527
3.4097282
4.8249922
3.9782516
4.4197032
4.7801494
4.6035701
4.2140516
4.8330092
5.0228892
5.1175611
4.5864548
3.7314718
5.1052917
4.0692983
5.0281281
3.5666264
3.3807765
4.5474698
3.5378395
3.9782516
4.85808
4.9031833
4.85808
4.5603147
4.5800196
3.4504394
3.9849175
3.3963604
5.1175611
3.5989688
3.5569262
3.7170601
4.4641972
3.6769863
4.5774062
4.2277587
3.3558616
5.1083642
3.3969224
3.8798878
4.8520787
3.8788362
3.6123414
3.7747707
3.4329717
3.9822116
4.0290237
3.3701875
3.9816206
5.1114298
4.8520787
4.5094923
3.8555884
4.4422271
4.5141878
4.7801494
4.2902674
4.4868161
4.5383921
4.0302587
5.1175611
5.1175611
4.8542155
4.6886304
4.6995464
4.5865236
5.1249075
4.8921248
5.1175611
4.7551649
5.1083642
4.5092153
5.1083642
4.8542155
3.6769863
4.0055071
4.0382456
4.0814409
4.3117701
4.85808
4.0212288
3.5115227
4.4810509
3.6176378
4.0382456
5.1052917
4.0974283
3.9079901
4.0805756
3.5158982
3.8573611
4.1532009
4.2353542
5.1175611
4.2593531
3.7830016
4.633789
4.8330092
3.8957636
5.1114298
3.7879177
3.6543896
3.8505886
4.8542155
4.5359996
3.7289613
3.7111882
4.597468
4.6408875
3.9879055
3.6923794
4.1219335
4.7551649
4.2464321
4.9970424
4.2202738
3.7346976
4.6797314
4.1157597
3.8028667
5.0792621
4.43922
4.9178672
4.5356276
4.214121
4.30164
4.0302587
3.5128926
4.0041682
5.2251019
4.0382456
4.6035701
3.5128926
4.8330092
4.3393595
3.0718857
3.3424312
3.471587
4.5092153
4.5793557
4.6800392
3.9782516
3.5650866
4.1005197
3.146843
5.1052917
4.2660979
4.6054273
4.6041875
4.4253315
4.3140612
4.8520787
4.5250946
4.2593531
4.6717224
4.4641972
3.4329717
3.4854401
4.6035701
3.8016119
5.0528408
4.1887415
4.6995464
3.4797422
2.1691184
4.3346967
4.7597768
4.5092153
4.4841342
4.7551649
4.1563514
4.4451396
4.0382456
4.5574163
4.4770142
4.6041875
3.6437863
4.9970424
4.6246793
4.7183837
4.178266
4.8520787
3.4097282
2.2109693
4.5225772
4.7054533
5.1083642
3.8526985
4.3460865
3.8028667
4.5372031
4.0342494
3.8810739
4.7644448
4.318765
4.7801494
4.7551649
4.0302587
5.1114298
5.1007117
3.9798931
4.1743699
4.7801494
3.8593173
3.1140528
4.3130725
4.9206605
4.4553688
4.5147327
3.7266521
4.8520787
4.8542155
4.4543648
4.7695603
3.8198053
4.2593531
4.4868161
4.5111667
4.6797314
5.0553458
5.1175611
4.6041875
4.6995464
3.7788641
3.822059
4.4806277
3.5368307
5.1114298
4.4770142
5.1052917
4.85808
5.1175611
4.5430248
5.1114298
4.4357539
4.0382456
3.3100789
4.2593531
5.1083642
4.6035701
3.9414102
3.5525282
4.85808
3.0387725
4.1051965
4.8605642
5.1052917
4.7183837
3.5666264
4.2711692
3.9417959
3.7074917
3.835932
4.7891707
3.5818907
3.8028667
4.5954086
4.1469165
3.5652702
3.7134179
4.7544955
3.9799416
5.017784
4.7469317
5.1175611
4.5865236
3.9550127
3.138922
4.3693367
4.2844245
5.1175611
4.6035701
4.9716704
3.9411148
3.8028667
4.1434497
5.1114298
5.1083642
5.0281281
4.4878501
4.072296
4.1949418
4.4491347
1.6188145
3.6964646
3.7718248
4.5603147
3.7718248
4.4641972
4.241106
4.4624681
3.5880394
4.8520787
3.7471966
3.3392282
5.1052917
5.1114298
4.4641972
3.7400778
4.5630343
5.0882889
3.7034248
5.1083642
4.566112
4.3573185
4.5991546
4.8851175
4.2403623
3.8625635
4.9970424
5.1052917
4.7801494
4.5381877
4.7801494
3.7887703
4.6041875
5.1052917
4.5354825
4.5603147
3.9879055
3.4801243
4.1844755
3.9890002
4.3568752
4.2926431
4.2593531
3.7723041
4.0302587
