3.0338658
1.6621721
3.5904194
3.521022
1.7293389
3.8477706
3.0523704
3.794196
3.3464507
3.5919761
3.1288267
3.2691985
3.3104799
3.12293
3.0460533
3.3857965
3.2774288
3.412797
2.8396784
3.0636242
2.6753737
3.3280884
4.0878025
3.8807209
3.4474419
3.738505
4.1673516
2.6232304
3.3230075
3.1720457
3.8270181
3.0235885
3.3070727
3.1494057
3.4105295
4.2950189
3.4498563
3.0561399
3.8225666
3.8157807
3.6739993
4.3693574
3.3369539
3.4742379
4.0020101
2.4954723
3.0590068
3.2531774
3.2453114
4.0872428
3.0777909
3.8398237
4.4745833
3.4656404
3.2570169
3.042849
3.1103307
3.4670883
2.9010627
3.1266124
4.1730314
3.465951
3.0021458
3.5877741
3.7922763
3.1771782
3.9577198
3.3613568
2.3485213
3.0470788
4.2257043
3.4677074
1.3973441
3.0038189
2.7624947
2.2200884
3.068366
3.8410044
3.4599235
3.9137839
3.7943999
3.7263444
4.3842363
2.3337139
4.3540746
3.423879
3.3403128
3.9589437
3.1748403
3.1667452
2.910745
3.8980618
3.3191334
2.2170178
3.234274
3.7598377
2.7800863
3.8573765
2.7579497
3.1625899
3.0826908
3.2532579
3.1973625
3.5031983
3.7700364
3.9022435
3.5127035
2.8621922
3.1079308
3.0206886
3.0435365
3.2783027
3.1751678
3.0508135
3.5942663
1.4123593
3.2023187
3.0014082
2.7967828
4.1338861
3.1891239
3.3364088
3.6295513
3.7322768
3.3309115
3.0725925
4.2975722
3.8740533
4.1069755
2.9001598
2.9224949
3.2188784
1.6057857
3.1868991
2.8051791
3.197385
3.855715
2.780302
3.0832332
3.5003292
3.2358016
3.0112609
3.7374459
3.7393905
3.4824234
3.0508607
3.443449
3.9761711
2.7437395
3.8894956
3.4282974
4.0597933
3.2819782
3.7662047
2.9047996
2.9848364
3.8534483
3.6802025
3.7057382
2.0098857
4.3337668
2.179589
3.9273344
4.0124648
3.2662207
2.9502022
3.6832219
3.0990251
3.8585461
2.2757157
3.4812364
3.4131441
4.0015551
3.0742616
3.4693107
3.0241624
3.0864809
3.1956475
3.0870555
1.9658748
3.5660974
3.1229334
3.3777039
3.1361795
3.0959045
2.4427907
3.6207313
3.4664296
3.6198548
3.6920783
3.8300593
4.1894135
3.3368615
3.2577388
3.1789153
2.5960575
3.9922158
3.6191622
2.5036009
2.0801317
3.5397983
3.0817622
1.7593215
3.2660153
3.7285471
3.226376
3.5821319
3.0095251
3.4937399
3.1605714
3.3958885
2.7368868
2.9274868
3.1127908
3.2788455
3.221728
3.0971915
3.2470516
3.1587911
1.5275463
3.3176418
3.5226807
3.7897681
3.5028235
3.4669098
2.6766139
3.2376662
3.4399196
3.5209015
3.3228493
3.7367481
3.2820816
3.590127
3.1292886
1.5678039
3.7130587
3.2013012
2.6216133
3.5388302
3.1296605
3.5106629
3.3992509
3.415414
2.313338
3.3572941
3.1425838
2.9411544
3.3322735
3.6671534
3.5274363
3.1317301
3.2690463
2.751654
3.4438725
3.8244504
3.3797952
3.3482125
1.9084138
2.7691505
4.1010355
3.0695505
3.2076691
3.2665698
2.6872242
3.1911102
4.1282417
4.2146151
3.0118102
3.7372142
2.4227511
3.0111994
3.668696
4.0900763
3.3600036
2.8478581
4.0569652
3.1763417
3.7837521
3.4000255
3.3594974
3.4658373
2.6142067
2.6089612
2.3120599
3.6284512
3.3322413
4.021478
3.2113829
3.194055
3.4393567
3.035679
3.2889775
3.5909751
3.4587946
3.9462811
3.8829714
3.8862779
3.4229336
3.3508922
3.5728106
3.91971
3.1450078
2.7049978
3.3318676
3.1311983
3.3740624
2.6235085
3.293435
3.6647995
3.6934365
2.967158
3.3628828
2.9010388
3.935632
3.2706786
2.576524
2.3603324
3.3524303
2.3116699
3.1779596
3.212054
3.1223589
3.7747306
3.0840344
3.1602981
3.1282054
3.6168412
3.0172226
3.963157
4.0563897
3.2643379
3.498888
3.2450693
3.4632219
3.4266313
3.8333672
3.5078633
4.5819007
3.4504806
2.9760579
3.0027948
3.1760373
3.6326689
3.6841878
3.3809917
3.2682657
3.7579964
3.5270709
3.0080681
2.6580124
3.7084622
2.9123071
2.6137689
3.1163378
3.2978762
3.4066904
3.4530057
3.4796741
3.2239559
2.8533583
3.4490767
2.9179976
2.7828835
3.3720315
3.8367048
3.8328053
3.7551222
2.9786649
1.4439393
2.4298168
3.1886955
3.2548444
3.160661
3.2631063
3.3996876
2.9410153
3.1507716
3.4874526
3.7109076
3.7563064
2.9329556
3.0385867
3.3269343
3.4390437
3.1583925
3.2821013
3.3176805
3.7325681
2.9114994
3.4589647
3.4286274
2.9366068
3.6783855
3.1362976
3.1437674
3.5091073
2.941526
3.1353039
3.2449417
3.4417192
1.4323583
2.855871
3.1580572
3.4367484
3.5327332
3.9043116
3.1986892
3.500752
2.2849013
3.9355922
2.7503137
2.5459131
3.7353201
3.0513132
3.1215341
2.3277319
3.1927429
3.3822863
3.4128081
4.2668181
2.8840733
2.9976384
3.6506879
3.2543267
3.7275708
3.3741622
3.4916954
3.3279172
3.5092236
3.0710526
3.8070485
3.3443508
2.0309051
3.442728
3.8588716
2.8323085
2.4504528
4.381286
3.2773995
3.2067283
3.5643232
3.6193328
2.998825
3.7346903
2.1033263
3.2104253
3.1800081
3.6154659
2.2134259
3.3155734
3.6113179
3.7601525
1.7999214
3.253823
3.6612912
3.3716603
3.2101555
2.9634201
3.3003399
3.4952857
3.6572568
3.9324586
3.0068692
2.0924909
2.0285784
3.6584424
2.4977407
2.7008627
3.8250323
3.1439872
2.4194771
3.5590644
3.8193224
3.423969
4.299149
4.074778
3.4363156
2.8462722
3.8958388
2.4281584
2.968991
3.8302432
3.4643522
3.3305675
3.8433227
3.9511472
3.752893
4.1538642
3.5978102
3.7469147
3.6241248
3.0953023
3.2844042
3.6833696
2.6178817
3.1866974
2.8726341
1.5280652
3.0632918
3.1378492
2.3909542
3.654628
1.6317013
3.1535438
3.2052277
4.1267208
2.9718679
3.7212272
3.2739266
3.4894179
2.5199835
2.9992394
3.7942539
4.0298691
1.8659286
3.256959
3.7097113
2.9882507
3.0195958
3.1824548
3.6155818
4.4161601
3.6927275
3.3133607
3.4049752
3.0297879
3.0721294
3.4840639
3.562841
3.429436
2.6696013
3.0955188
2.6390771
3.893245
2.5227604
3.0055584
4.1460244
3.6193829
1.7000585
3.8843182
3.1740757
2.2472081
4.5031167
3.3286157
3.9181221
3.6189153
3.0301042
3.3808131
3.5238028
3.6897708
2.7953148
3.7260107
3.5938368
3.1678641
3.2383354
3.1343005
1.5598314
2.8286188
3.3507387
3.1674909
3.4682741
3.9464406
3.984794
2.9604945
3.6617429
3.1314949
2.1346144
3.3725189
3.7793069
3.4132911
3.4766373
3.5609573
3.290991
3.0639284
2.4649032
3.4983675
3.5459434
4.1242779
2.9079749
3.0151997
2.899314
3.6240536
3.1764683
3.9626217
3.6287938
3.7697094
3.3775427
3.0203452
3.1060311
3.8128276
2.9854424
2.8868553
3.7512732
4.2851404
3.4612129
3.7713638
3.6662585
3.560592
3.1235541
3.194382
3.2421498
3.0195151
4.371416
3.1712179
3.0834137
3.1888232
3.7726128
4.0852753
4.0826322
3.5957607
3.6227712
2.9916146
3.2536541
3.3681509
3.8379547
2.7900858
3.4970621
2.7357242
3.3940276
4.0151716
3.0509983
3.2624298
3.342802
3.0494125
2.8064277
3.1951604
3.8500949
3.4849331
4.0337055
3.697777
3.1273902
2.7377905
3.3420416
3.0679649
3.1898574
3.1744491
3.0506649
3.3659566
3.2120026
3.3605241
3.1295087
2.7980829
3.816681
4.2465603
3.3773775
2.9752278
2.8553847
3.7385814
3.0048944
3.9612915
3.0408143
3.26497
3.2044731
3.4593413
3.8551381
3.086746
3.1693812
2.8276471
2.1096043
2.9527218
3.8477205
2.105183
3.2805419
1.9893119
2.3902802
4.0454395
3.6218282
2.9388514
4.0999524
3.18843
3.1007124
3.9577623
3.0156935
3.3417852
3.0277635
2.6382207
2.8793527
2.980067
3.4447333
4.2702017
3.2566168
3.3882972
2.0657553
2.0559984
4.1835982
3.4508751
3.5264067
2.8269752
3.3748858
4.1087494
1.6740691
2.384879
3.3421214
3.3087
3.6058503
3.7983231
3.2683073
3.1769104
3.832892
3.5925564
3.1984016
1.9755056
3.0050201
3.408032
3.4168132
3.3307637
2.6419547
2.5322989
3.0558307
3.1138031
3.6667869
3.4349898
3.0063596
4.0342371
2.6248253
2.49168
3.6222174
3.2585961
3.5654588
2.9559087
3.5656653
3.5488112
4.1343559
2.6930818
2.6380505
3.0363336
4.3072461
3.6289408
3.2743898
2.4791052
1.6588116
3.0497014
2.9444784
3.0225056
2.3058636
3.3092096
3.0914516
3.0157342
3.2527075
1.7833608
2.8899395
3.4733221
2.895696
2.9249946
4.1071894
2.7044224
3.1126704
2.9666887
2.9879768
2.4246838
