2.25058
2.34198
2.49638
2.35975
2.49638
2.58064
2.41856
2.4726
3.30368
2.4244
2.42459
2.79522
1.49995
2.56791
2.32252
2.46744
2.30647
2.69025
2.32184
3.22755
2.60737
2.41258
2.51073
2.91448
2.56324
2.36263
1.52791
2.30648
2.35117
2.38718
2.30302
2.60031
2.87045
3.08105
2.79996
2.68558
2.68558
3.39145
2.53104
2.49048
2.48125
2.48125
2.57511
2.47489
2.60685
2.61682
2.30583
2.76538
2.48125
2.48125
2.46227
2.30221
2.56618
2.90547
2.49184
2.68558
2.96156
3.21776
2.33967
3.28289
2.30877
2.66252
2.33023
2.48656
2.53268
2.36725
2.60012
3.87508
3.23847
3.12199
2.37786
2.53168
2.44391
2.44391
2.73925
1.98452
2.66497
2.48743
2.68558
2.31658
1.99229
2.55609
2.55609
2.53758
2.35498
2.68558
2.32257
1.84134
1.49995
2.31303
2.31126
2.41873
2.41652
2.57587
2.57587
2.48369
2.48369
2.48369
2.41708
3.11311
3.99996
2.30577
2.30029
1.49995
1.49995
2.87912
2.3058
2.3072
1.9323
2.37763
2.87774
2.8802
2.35933
2.84305
2.30746
2.31675
2.64459
2.3312
2.32103
2.30866
2.30589
2.76254
2.74904
1.84454
2.60012
2.32186
2.48524
2.60012
2.32507
2.62306
2.39977
2.44535
2.50508
2.67453
2.94775
1.49995
1.49995
2.79033
1.15951
2.0898
2.79996
2.4156
1.50403
2.30648
2.29947
2.34401
2.89816
2.5346
2.09123
2.35528
1.3999
2.87171
2.95229
2.30827
2.38492
2.29716
2.25973
2.64027
2.12901
2.51611
2.30791
2.89385
2.70668
2.31804
2.10749
2.41572
3.51349
2.1489
2.36327
1.27521
2.32034
1.53
2.30027
1.24961
2.96156
2.10471
2.34306
1.23132
1.06736
2.59245
2.59245
1.49995
1.49995
2.81425
2.46035
2.30349
2.36915
2.7788
2.14485
2.32178
2.32762
1.19992
2.36366
1.19992
2.30984
2.39392
2.35547
2.36908
2.30498
2.35456
1.40013
1.70055
2.35706
2.25282
2.31145
1.06736
2.88419
2.30788
1.19992
2.35035
2.28528
2.3075
2.42683
3.03223
2.2964
2.31127
2.32335
3.45358
2.45961
3.45358
2.79996
2.61334
2.60012
2.49624
2.41516
2.43762
2.40683
2.91212
2.36847
1.79817
1.19992
2.31022
2.35527
2.44812
2.30722
2.23713
2.30089
2.3029
1.19992
2.3894
2.31069
2.30526
2.31565
2.37711
1.3999
2.23223
1.3999
2.17633
2.32706
2.17256
2.35836
2.33583
2.31865
2.35978
2.28855
2.71918
2.33467
1.15291
1.19992
0.999456
2.30547
2.69592
2.36711
2.30498
1.80463
1.06402
2.3405
2.30806
2.50312
2.3075
2.32125
2.2464
2.30498
2.31367
2.31224
2.23297
2.67568
1.59983
2.43633
2.31441
0.733982
1.19992
2.31311
2.39193
2.3208
2.2998
2.43724
2.96156
2.30888
2.30651
2.29821
2.62476
2.3688
2.51943
1.74995
2.19899
1.21601
2.42652
2.34111
2.18962
1.24961
2.29116
2.33909
2.38459
2.20889
2.36439
2.4959
1.65164
1.1082
1.19992
1.19992
2.33825
1.9894
2.06618
2.11654
2.4187
2.29047
2.2531
2.30468
2.53696
2.47205
2.34196
1.49994
1.25
2.32449
2.30012
2.0897
2.728
1.1082
1.24961
1.24961
1.5925
2.33554
1.1189
0.999961
1.80008
1.80004
2.38806
2.36794
2.31724
1.19992
1.19992
1.19992
2.60495
1.40007
1.86423
1.06402
2.31849
2.11528
1.50667
1.32904
1.70538
2.35712
2.34975
1.89535
2.2844
1.1082
2.37718
2.30566
2.29888
2.30807
2.19933
1.59681
2.32385
2.31107
2.52386
2.62941
2.44175
2.51144
2.4105
2.36638
2.43283
2.30694
1.19992
2.01684
2.30356
1.67256
2.32308
1.82854
2.08849
2.5
2.30569
2.21279
2.05968
2.42381
2.28124
2.05882
1.06402
2.21812
2.0008
2.09882
1.06402
2.37883
2.28085
1.87035
2.38559
1.6694
2.30843
2.37923
2.14775
2.31916
2.26218
2.37088
2.27663
2.30157
2.2006
2.07875
1.73438
2.19923
2.07385
2.20007
2.19671
2.04949
1.89471
2.34253
2.23382
1.98887
2.30695
2.24299
2.32119
2.3061
2.07266
1.39497
1.77368
2.22886
2.19923
2.23981
2.30805
2.39545
2.30943
2.30567
1.96527
2.31207
2.31542
1.5862
2.30521
2.21643
2.09623
2.04082
1.53478
0.855455
2.30449
2.30497
2.19923
2.30836
2.61068
2.30797
2.31093
2.3504
2.29789
2.12943
2.31606
2.2245
2.27642
2.21846
2.1431
1.90486
2.02471
2.34005
1.82602
2.26345
2.07385
2.10523
2.30299
2.22335
2.2477
2.28365
2.20776
1.99082
2.13309
1.75234
2.22225
2.4899
1.25954
1.08252
1.91762
2.33326
2.03725
2.24161
2.31097
2.28936
2.28757
2.29979
2.19519
1.53512
2.01157
2.20676
1.95379
2.33537
2.31696
1.26378
2.33568
2.30801
2.18744
1.95675
1.69155
2.11965
2.06368
2.13814
1.77368
2.0752
2.06368
2.08789
2.33578
1.48197
1.86201
2.15097
2.3098
2.22694
2.28409
2.32291
2.21642
2.12257
1.7295
2.30568
1.55475
2.10828
1.51956
2.31442
2.35929
2.24752
2.14691
2.30769
2.25454
2.33935
1.93914
1.81301
1.76143
2.20826
2.00819
2.12625
2.60583
1.46992
2.31768
2.24291
1.04317
1.55442
1.39947
1.57112
2.04502
2.18097
2.15098
2.30973
2.25976
2.34813
2.20325
1.51767
2.06368
2.30324
2.31038
1.49331
2.20261
1.51786
2.30604
2.43015
2.28064
1.69231
2.17437
2.13597
2.12796
2.0704
2.29269
1.45551
2.28731
2.28955
1.79926
2.30723
1.76835
1.88278
2.29868
2.27253
2.3112
2.06164
2.3056
2.09487
1.48292
2.3057
2.30568
2.27555
2.30567
2.28082
2.21198
2.28754
2.31265
2.21227
2.30922
1.68537
1.73966
1.65358
1.613
2.19058
1.51663
2.33683
2.30533
2.05913
2.32499
1.89953
2.0704
2.10536
2.28813
2.30576
1.57297
2.30163
2.30568
2.23808
2.40292
2.45491
2.16069
2.33997
2.02101
2.27941
1.83612
1.56595
1.01084
2.18068
2.31309
2.31036
2.26148
2.34659
2.28321
2.27869
2.16437
2.30719
2.30562
2.30578
2.12656
1.16041
1.80519
1.74308
2.05451
2.04432
2.13872
1.94669
2.19042
2.02329
2.02776
1.63086
2.30421
2.2163
2.07039
2.28064
2.2824
2.37586
1.00034
2.2361
1.9982
1.22424
2.30086
2.3078
2.27477
2.30385
0.884483
2.05882
1.51663
2.29626
2.2865
2.30863
2.18674
2.05802
2.34111
2.20096
2.29307
1.46973
1.69354
2.2639
2.29693
2.15746
2.30563
2.30253
1.9561
2.23817
2.30327
2.16501
2.31677
2.14847
2.281
2.22459
2.17203
2.30568
2.28721
1.79796
1.43648
2.13322
1.46305
1.92062
2.13621
1.93582
2.5144
2.09728
1.31956
2.30567
2.19342
2.07403
1.51169
2.30515
2.19091
0.771187
1.97799
1.27362
2.29736
2.24552
1.51147
1.61424
0.9638
1.6302
0.820992
2.14551
1.9121
1.68836
2.30958
2.2392
2.12547
2.00101
2.36947
2.36107
1.16612
1.61882
2.28855
2.2604
2.30824
2.21023
2.30465
2.30576
2.30374
0.999956
1.84426
1.50214
2.3059
2.23817
2.09457
1.90986
2.06624
2.2931
2.0904
1.06113
2.30528
2.30727
2.30743
2.29804
2.29843
1.58494
2.19169
2.16302
1.70757
2.18914
1.99556
2.23015
0.81586
0.988151
1.08222
