2.65797
2.69664
1.55971
2.66717
2.48094
2.69069
2.69857
2.69857
2.66356
2.69855
2.69702
2.70004
2.69792
2.69857
2.68392
2.69119
2.69853
2.34157
2.6929
2.69698
2.69589
2.69276
2.69857
2.69847
2.69857
2.69794
2.69836
2.69857
2.20434
2.69857
2.69857
2.69857
2.69857
2.47011
2.40248
2.69777
1.45887
2.64445
2.5527
2.69849
2.69853
2.6554
2.57979
2.68872
2.69857
2.69853
2.69857
2.67968
2.69171
2.69855
2.69838
2.69857
2.68362
2.69819
2.56572
2.69857
2.59304
2.68306
1.95549
2.69857
2.69428
2.68976
2.69857
2.68942
2.69839
2.69856
2.66203
2.54159
2.68134
2.69724
2.64067
2.63776
1.46678
2.67712
2.47455
2.69857
2.69857
2.69794
2.69674
2.57256
2.68675
1.71742
2.69319
2.68812
2.41735
2.60127
2.67379
2.6895
2.37282
2.69853
2.69849
2.69852
2.69853
2.69738
2.69667
2.69655
2.69857
2.69786
2.52429
2.69729
2.50813
2.6979
2.69368
2.69831
2.69857
2.69816
2.6908
2.6976
2.65476
2.92486
2.69054
2.69845
2.65801
2.69536
2.69856
2.69857
2.69784
2.69813
2.69854
2.68977
2.69857
1.90651
2.50805
2.68914
2.69822
2.69134
2.69857
2.40456
2.65138
2.69835
2.68078
2.70151
2.52821
2.63959
2.04131
2.28549
2.69854
2.43103
2.64642
2.69816
2.69417
2.69857
2.68358
2.69429
2.69858
2.265
2.69833
2.69165
2.69857
2.88866
2.69855
2.69808
2.64382
2.69346
2.67968
2.69794
2.56054
2.69857
2.69051
2.43729
2.69857
2.69718
2.69799
2.69855
2.69857
2.69857
2.69377
2.33993
2.78506
2.69847
2.69857
2.67234
2.60818
2.69606
2.69857
2.68193
2.69857
2.69856
2.69245
2.69823
2.69857
2.69738
2.61884
2.57397
2.69856
2.69857
2.67284
2.69708
2.68804
2.6926
2.63993
2.69814
2.68916
2.68567
2.69755
2.69641
2.69505
2.63392
2.69509
1.27191
2.70058
2.69857
2.69852
2.74818
2.69856
2.69834
2.69857
2.69857
2.69837
2.69854
2.69857
2.69857
2.69757
2.69857
2.55381
2.69185
2.69188
2.51662
2.72018
2.69273
2.60729
2.69849
2.69857
2.69825
2.69759
2.69688
2.68524
2.69607
2.69489
2.69319
2.69803
2.69857
2.56048
2.69857
2.69857
2.69857
2.69357
2.6851
2.52811
2.48771
2.67921
2.69432
2.69857
2.6615
2.69857
2.69857
2.69856
2.6595
2.69542
2.69857
2.55372
2.87075
2.69859
2.67949
2.69945
2.69188
2.70503
2.69965
2.70079
2.8037
2.70273
2.86068
2.70553
2.82705
2.65378
2.69773
2.72383
2.71875
2.55395
2.7125
2.68822
2.67954
2.92946
2.70715
2.69995
2.69858
2.69857
2.72207
2.7113
2.65441
2.75234
2.54911
2.69857
2.64063
2.68241
2.69858
2.69719
2.71376
2.69857
2.82192
2.69857
2.80453
2.69866
2.70024
2.68871
2.69857
2.71507
2.69947
2.69935
2.69854
2.80007
2.6021
2.70703
2.35552
2.73957
2.84078
2.71292
2.56854
2.69857
2.69979
2.69857
2.70204
2.81083
2.71463
2.69948
2.53435
2.69859
2.715
2.65472
2.74323
2.7047
2.69857
2.69806
2.69543
2.71131
2.69863
2.70009
2.69918
2.69857
2.69878
2.70254
2.70275
2.69859
2.80241
2.71366
2.64752
2.48082
2.69841
2.69857
2.76713
2.64659
3.00451
2.66027
2.69891
2.71636
2.67104
2.69863
2.69853
2.69077
2.69794
2.69857
2.82872
2.7853
2.60866
2.69857
2.54848
2.71202
2.69857
2.70449
2.69874
2.72317
2.70575
2.77436
2.69943
2.48007
1.01774
2.72222
2.69858
2.69592
3.02609
2.70284
2.76947
2.70983
2.67428
3.09131
2.68074
2.69905
2.71499
3.29077
2.75667
2.72561
2.67735
2.70023
2.69342
2.7416
2.71259
2.73527
3.01341
2.69603
2.57758
2.73655
2.69909
2.70105
2.66948
2.48523
2.37616
2.68852
2.90545
2.70517
2.66399
2.69873
2.86266
2.63909
2.70714
2.69857
2.69008
3.09211
2.66191
2.72182
2.60147
2.69848
2.66636
2.69998
2.81107
2.68613
2.69858
2.69857
2.76633
2.70029
2.74336
2.74635
2.69854
2.68864
2.69868
2.65987
2.69875
2.65719
2.71865
3.11525
2.71647
2.67939
2.69857
2.71243
2.69857
3.02201
2.69748
2.70082
2.70983
2.75323
2.75434
2.69835
2.26482
2.69978
2.69939
2.69701
2.66859
2.69857
2.69873
2.68287
2.69858
2.69858
2.43934
2.6986
2.69761
2.69057
2.69863
2.67435
2.70535
2.69857
2.7044
2.69936
2.70549
2.7338
2.69788
2.71954
2.71155
2.69857
2.67274
2.69851
2.73558
2.70234
2.6986
2.74306
2.69857
2.39203
2.62361
2.7046
2.72355
2.69871
2.69953
2.74014
2.67056
2.73791
2.65447
2.71013
2.69853
2.69857
2.7059
2.69859
2.69864
2.64893
2.69857
2.75323
2.69857
2.70487
2.72144
2.48497
2.78044
2.80362
2.69888
2.69857
2.70418
2.75869
2.70879
2.69858
2.70061
2.69881
2.69859
2.6986
2.69858
2.78237
2.86905
2.70027
2.71695
2.70104
2.70543
2.70498
2.70097
2.76932
2.69757
2.69882
2.7178
2.70053
2.45802
2.81819
2.69869
2.70076
2.79972
2.69857
2.86114
2.92725
2.69877
2.7365
2.70882
2.69865
2.80297
2.93307
2.699
2.68931
2.70672
2.70599
2.84123
2.72322
2.75723
2.7058
2.83213
2.7102
2.79092
2.73927
2.69858
2.69131
2.69791
2.70707
2.69857
2.6998
2.69512
2.70098
2.70819
2.77851
2.72886
2.48623
2.69869
2.73452
2.7076
2.69977
2.70265
2.70193
2.69889
2.72344
2.73826
2.69857
2.75324
2.72528
2.71843
2.90784
2.67018
2.69619
2.75318
2.73085
2.71959
2.69939
2.69865
2.79861
2.75561
2.70772
2.70148
2.7164
2.69858
2.69934
3.29395
2.69873
2.69897
2.70004
2.71038
2.69917
2.7148
2.71564
2.6074
2.70539
2.69857
2.6987
2.73709
2.79183
2.76047
2.70599
2.73944
2.69866
2.5089
2.71808
2.69985
3.19011
2.67416
2.93485
2.69869
2.71218
2.69904
2.70052
2.70273
2.78541
2.6998
2.7135
2.69919
2.69858
2.83165
2.70015
3.50348
2.72821
2.67478
2.70062
2.83584
2.72166
2.70023
2.70387
2.83967
2.6986
2.74144
2.69864
2.70765
2.70783
2.77083
3.14505
2.93349
2.86186
2.78957
2.6988
2.81142
2.70666
2.69979
2.86113
2.70942
2.69982
2.69862
2.72011
2.69865
2.82232
2.78065
3.25709
3.01648
2.74137
2.7541
2.73506
2.74717
2.7067
2.75429
2.69857
2.7013
2.6813
2.76536
2.72876
2.93583
2.72118
2.69979
2.69865
2.71883
2.69942
2.77409
2.87537
2.70551
2.81832
2.7086
2.69871
2.71245
2.69981
2.69868
2.70338
2.70637
2.94467
2.76372
2.69945
2.69866
2.7055
2.71365
2.6992
3.05823
2.71914
2.6987
2.70406
2.74704
2.69885
2.70135
2.80102
3.07644
2.71148
2.6986
2.84148
2.71353
2.89277
2.73605
2.80416
2.69919
2.71016
2.69945
2.70294
2.70332
2.70041
3.05717
2.69868
2.70749
2.73774
3.10803
2.7202
2.70855
2.72818
2.61076
2.78719
2.69864
2.70495
2.78027
2.72047
2.70293
2.72036
2.78562
3.24705
2.70087
3.06044
2.72868
2.70384
2.70449
2.89596
2.69891
3.01991
2.70212
2.70739
2.67572
2.75645
2.69858
2.70072
2.77267
2.69859
2.6985
