3.20703
2.77849
3.17749
3.26896
3.10424
3.23846
3.05182
3.26018
3.20296
3.22219
3.19043
3.26936
3.20107
3.14481
3.20652
3.18668
3.19962
3.15816
3.20449
3.15792
3.18021
3.07277
3.20931
3.27493
3.21113
3.20118
3.2334
3.19696
3.16721
3.23684
3.21428
2.94922
3.18996
3.16506
3.21743
3.21189
3.14987
3.15053
3.29793
3.21828
3.20116
3.23483
3.20043
3.17446
3.20336
2.99846
3.23643
3.17003
3.02218
3.30554
3.31535
3.38888
3.20042
3.23501
3.20743
3.00845
3.1661
3.23467
3.1237
3.15734
3.20358
3.1509
3.20579
3.20105
3.2697
3.20239
3.17623
3.08995
3.20283
3.21531
3.27263
3.21138
2.2782
3.18548
3.14317
3.15002
3.12952
3.20645
3.19935
3.2618
3.2281
3.20102
3.55296
2.91483
3.2026
3.19227
3.20283
3.23133
3.1974
3.17522
3.1343
3.20195
3.14662
3.19612
3.2091
3.43224
3.08751
3.21906
3.18475
3.19694
3.40906
3.20201
3.18221
3.18001
3.27904
3.22825
3.20364
2.66136
3.20919
3.19866
3.19519
3.10635
3.11469
3.24623
3.20062
3.20949
3.26583
3.20821
3.17384
3.36225
3.15368
3.17459
3.24482
3.23487
3.20645
3.20575
3.20524
3.21694
3.445
3.12712
3.19557
3.20165
2.75134
3.03045
3.16041
2.80997
3.21072
3.20114
3.14382
2.89408
3.20065
3.19709
3.22131
3.14416
3.18801
3.19557
3.21979
3.37298
3.07221
3.20452
3.19762
3.20283
3.2118
3.43919
2.93176
3.1919
3.20188
3.20852
3.19493
3.27404
3.21318
3.12615
3.37481
3.2253
2.85614
3.03351
3.20893
3.11074
3.20098
3.10182
3.28932
3.31774
3.41425
3.18765
2.99461
3.13091
3.1354
3.06013
3.16269
2.98432
3.23737
3.24469
3.20643
3.13809
3.18527
3.15906
3.22986
3.16473
3.19056
3.26029
3.17631
3.22341
3.31647
3.09388
3.19753
3.19427
3.2001
3.21117
3.14076
3.2346
3.20104
3.03973
3.20843
3.15086
3.40711
3.1937
3.20146
3.06271
3.19123
3.19838
3.19047
3.18527
3.21557
2.99977
3.19553
3.20095
3.20043
3.2108
3.19041
2.71613
3.18772
3.20072
3.2226
3.29794
3.29214
3.13297
3.20029
3.19852
3.44991
3.19208
3.20762
2.78874
3.22914
3.19208
2.70929
3.26329
3.2057
3.20176
3.2068
3.19389
3.20381
3.20956
3.20089
3.19759
3.21473
3.19834
2.92816
3.21385
3.20716
3.42638
2.99372
3.19593
3.10533
3.20021
3.2016
3.18741
3.21034
3.15395
2.90886
3.24931
3.1009
3.13462
3.13093
3.17352
3.20919
3.28411
3.28168
3.02039
3.14693
3.21059
3.09377
3.19478
3.27679
3.1991
3.17695
3.21842
2.9474
3.20506
3.19457
3.22908
3.2414
3.19664
3.2523
3.1491
3.19711
3.1505
3.2133
3.23117
3.10708
3.20553
3.02846
3.38095
3.20242
3.23821
3.26637
3.23459
3.27177
3.20326
3.2641
3.22748
3.24705
3.12588
3.27881
3.30707
3.14094
3.22467
3.20223
3.18422
3.24284
3.2566
3.0614
3.21412
3.22267
3.53393
3.14603
3.19813
3.11955
3.22229
3.15295
3.21499
3.01314
3.11781
3.26191
3.2002
3.14993
3.19729
3.20161
3.14466
3.20662
3.24536
3.21832
3.20073
3.11352
3.206
3.19458
3.21916
3.26187
3.24923
3.2079
3.11759
3.17411
3.19777
3.3125
3.38946
3.20762
3.10453
3.2038
3.31442
3.19939
3.2239
3.19859
3.16269
3.04717
3.20343
3.09081
3.20959
3.10431
2.98119
3.16424
3.20873
3.20069
3.17181
2.79098
3.13087
3.3097
3.24347
3.2037
3.07415
2.32747
3.19369
2.98616
3.20815
3.02583
3.14237
3.20752
3.12605
3.20539
3.23883
3.23397
3.18869
3.20235
2.91449
3.19406
3.35718
3.19323
3.19169
3.23709
3.20886
3.16713
3.20293
3.27683
3.18882
3.28543
3.08173
3.14106
3.20036
3.07797
3.19335
3.19881
3.16307
3.24988
3.19164
3.17336
3.23351
3.20131
3.21096
3.16018
3.2286
2.78633
3.20306
2.61559
3.16281
3.20043
2.88918
3.18907
3.11471
3.25671
3.38948
3.20521
3.24393
3.16445
2.5956
3.45254
3.0396
3.21082
3.34436
3.28453
3.19167
3.24807
3.17717
3.21637
3.31684
3.19272
3.37443
3.32419
2.64535
3.19819
3.25646
3.04939
3.21954
3.42222
3.20161
2.67115
3.23389
3.20682
3.16023
3.13824
3.20043
3.04253
3.18304
3.21121
3.28214
3.18721
3.30047
3.34368
3.08265
2.86999
3.08823
3.21014
3.2041
3.20047
3.20134
3.09515
2.9074
3.33921
3.27473
3.18933
3.17942
3.20315
3.19589
3.20009
3.25577
3.20974
3.19842
3.21163
3.24132
3.21007
3.19647
3.22341
3.02101
3.19601
3.25983
3.24528
3.20984
3.20028
3.20753
3.38668
3.2076
3.20164
3.25717
3.21484
2.98766
3.12176
3.24812
3.1931
3.20133
2.9477
2.56989
3.20321
3.24287
3.19446
3.20237
2.83214
3.20096
3.20386
3.20084
3.20068
3.40847
3.19597
3.20368
3.19451
3.13348
3.26077
3.40823
3.16533
3.01589
3.41323
3.19983
3.16121
2.96239
3.12035
3.4498
3.20351
3.24237
3.19757
2.59721
3.19404
3.22175
3.29301
3.18709
2.80724
3.27077
3.20721
3.17264
3.19125
3.2667
3.20893
3.23431
2.7996
3.30926
3.20193
3.15919
3.23041
3.18922
3.39222
3.21032
3.19724
3.02708
3.20187
3.41314
3.20497
3.20616
3.24952
2.89893
3.20321
3.19533
2.82148
3.1563
3.07983
3.20264
3.19858
3.41747
3.20851
3.16634
3.21039
3.1792
3.11587
3.16175
3.21716
3.2077
3.28274
3.19953
3.10264
3.17739
3.07236
3.19614
3.21492
3.32555
2.78904
3.15441
3.36402
3.3278
2.74404
3.20411
3.22478
3.20114
3.20163
3.1845
3.19912
3.34616
3.32435
3.14035
3.24667
3.19987
3.20561
3.20624
3.11507
3.20029
2.91183
3.04455
3.17067
3.08524
3.20387
3.31048
3.20399
3.2079
3.21375
3.22649
3.21995
3.20796
3.22471
3.2794
3.20816
3.20518
3.20225
3.19378
3.20103
3.18477
3.1975
3.29187
3.22373
3.20758
3.24005
3.18669
3.18343
3.18121
3.4039
3.1874
3.4149
3.23994
3.06472
3.19741
3.20258
3.20192
3.20278
3.20026
3.19984
3.24956
3.2007
3.1936
3.19334
3.18074
3.20185
3.30958
3.30211
3.14938
3.19536
3.24792
3.21113
3.26742
2.73555
3.13821
3.20452
3.39359
3.60842
3.17802
3.18872
3.11967
3.19936
3.23034
3.2474
3.06031
3.20017
3.13505
3.19462
3.24024
3.17345
3.17647
3.23972
3.17089
2.96156
3.20686
3.1947
3.23159
2.90498
3.16548
3.09329
3.23667
3.21606
3.21206
3.20027
3.13963
2.21833
3.16485
3.20059
3.22834
3.20584
3.13206
3.2013
3.26359
3.19871
3.23111
3.23912
3.19689
3.23262
3.27326
3.11992
3.12019
3.35305
3.14869
2.99373
3.19776
3.17089
3.08818
3.05579
3.13479
3.23074
2.97448
2.95602
3.12779
3.28601
3.20973
3.01624
3.29059
3.39775
3.15188
3.20597
3.18772
3.2003
3.19505
3.24123
3.22958
3.26623
3.17819
2.94405
3.19531
3.20034
3.20069
3.17864
3.17867
3.17654
3.20427
3.19839
3.23339
3.1367
3.1507
3.18911
2.95941
3.21822
3.15618
3.19552
3.21553
3.20403
3.01687
3.2364
3.20273
3.1998
2.51064
3.05454
3.19957
