2.92959277567
5.0
2.84451707413
3.63636363636
5.0
3.30274333556
2.67852047272
3.85267043486
2.58141113321
3.0
1.44132848829
2.07180807491
5.0
2.80480504036
1.65455472221
5.0
2.83257095516
3.44829064927
3.92613766391
4.66666666667
1.54718218744
5.0
2.21979436598
5.0
5.0
2.92661633756
3.09409816232
2.25762504339
2.97738875998
3.54392370111
2.11800337697
4.04276847839
4.0
1.45048330072
3.0432668191
3.33333333333
0.604839458247
3.30975906551
5.0
3.33333333333
2.70254419185
5.0
4.36732984641
2.72266985739
2.04684563478
3.0
3.77114490978
2.94818324478
5.0
5.0
5.0
4.17889846997
3.30975906551
2.79675881068
3.31624910235
3.29155016521
3.33333333333
2.50847227044
4.28060241721
5.0
2.72426485483
4.36791224778
1.7982859404
3.33333333333
3.4214398108
2.56899032938
3.77114490978
3.77114490978
3.33333333333
3.79818456328
3.07692307692
2.38925310473
4.36732984641
1.8023771442
4.28060241721
5.0
2.30717134507
5.0
2.79776899144
2.93493654331
1.7982859404
4.09506116621
2.95861832798
5.0
2.95861832798
5.0
3.33333333333
3.74271467328
4.375
5.0
3.33333333333
2.80385842218
2.1511688327
3.76254859458
1.73723145492
3.25795912233
3.74271467328
2.71351230145
4.28060241721
3.01338993944
2.82624606239
2.00016217073
5.0
2.5
2.81973776572
2.78822243214
2.18809536658
5.0
2.5
2.88117694227
2.99120890908
4.54545454545
5.0
3.26199000532
3.43380614893
5.0
2.69048928338
4.54545454545
2.54305847381
3.20696840161
3.64766035229
4.28060241721
2.72727272727
4.0
3.33333333333
3.76254859458
2.3748630711
3.50970217515
2.95861832798
3.74271467328
4.09448926863
2.96198823235
4.64028796181
2.30717134507
2.61984769255
4.54545454545
2.95861832798
3.67007293738
3.92613766391
4.14231326431
5.0
3.08443382848
2.32806262217
5.0
2.66461132612
5.0
1.8023771442
1.48208529853
2.97738875998
2.21788107565
2.30717134507
2.72727272727
4.0620084852
2.72727272727
3.85342375508
3.33333333333
1.82166457549
2.5
2.69405608376
5.0
1.70387596752
1.8023771442
2.2352483703
2.81973776572
2.67910293843
3.21506570347
2.5435710041
2.22222222222
5.0
1.11111111111
2.5
2.5
3.33333333333
2.496029865
2.22931688385
2.85714285714
3.61958338155
2.63157894737
2.50629773507
2.30717134507
5.0
2.5
2.82851932198
2.21090896366
3.85354001583
3.09558840025
4.54545454545
2.65488916077
2.73943449644
4.0
2.14604703089
5.0
5.0
3.33333333333
3.16509075928
2.22353275865
3.42107022802
5.0
4.22525334008
5.0
4.28060241721
5.0
3.25036782026
5.0
3.33333333333
2.67910293843
1.85030343011
2.71351230145
2.16044620464
2.5
3.33333333333
3.26199000532
0.893571036557
3.00658023228
1.99720813831
2.71351230145
5.0
2.76087788865
2.24805947859
1.35619030334
2.1827221054
1.29884382089
2.91621556177
2.66590904807
5.0
3.74271467328
2.3645677692
5.0
3.92613766391
1.53969078511
5.0
2.24016525783
3.23763999072
2.91413321215
3.33333333333
2.75440356135
1.35941935813
1.56799158281
4.03534953296
3.84615384615
2.1385753856
2.99824347622
2.29692644626
4.28060241721
3.24345531873
5.0
2.85714285714
2.71681490697
3.0
1.57815346228
2.64391950871
5.0
3.23763999072
5.0
3.62041674058
2.36185023934
2.63731802765
2.14604703089
2.29651312936
2.72033760422
5.0
2.71351230145
2.95861832798
2.29651312936
3.92613766391
3.62556869503
1.39185904215
2.00761190305
2.04378321456
3.25036782026
2.97738875998
3.42107022802
2.30717134507
3.23763999072
3.12359195948
1.82659698142
5.0
3.32754419185
2.72727272727
2.95861832798
3.48838141747
3.25762504339
2.5
3.65626231683
3.74271467328
3.94682884216
2.81973776572
2.85714285714
1.64579822045
2.95861832798
2.25596602667
3.82932053879
3.38646524228
2.22353275865
1.61265323429
0.399523805827
3.460745422
4.44444444444
3.25036782026
3.48687659062
4.28060241721
2.78283891082
3.48838141747
2.71351230145
3.67826812985
1.79943748646
2.95861832798
5.0
5.0
4.01528796181
4.0
2.10391951834
2.5
2.96198823235
2.88539167494
3.04507293738
3.46469482746
5.0
2.16552525759
3.66627865217
2.64391950871
3.8303700462
2.10792675041
2.06157160156
4.15763968771
1.25
4.54545454545
4.28060241721
2.14604703089
5.0
5.0
2.56899032938
1.4322478883
4.54545454545
3.07692307692
1.15071013132
2.25762504339
4.54545454545
3.27772405126
3.54609494284
1.56371095351
2.5
3.33333333333
3.55874174127
4.28060241721
2.48909676109
3.74271467328
2.73943449644
4.00155624205
3.0
4.44444444444
5.0
2.95861832798
2.22353275865
2.53260851734
3.14730106129
1.82325080037
1.87162339687
5.0
1.79943748646
5.0
3.33333333333
5.0
2.2053518572
5.0
3.62580128861
2.71351230145
1.66663674845
3.74271467328
5.0
2.95861832798
2.04062964271
2.14045249318
3.33333333333
1.95224812627
1.56371095351
4.16355654597
5.0
4.0
1.8023771442
2.22933313499
3.18696992265
2.12969662622
2.5
3.6120466508
2.35321975624
2.64391950871
2.97738875998
2.74066022038
1.71202158849
1.54718218744
4.09448926863
2.3620466888
5.0
4.375
5.0
3.42107022802
2.24779159296
1.85490964697
3.38843916745
2.5
5.0
2.95861832798
3.33333333333
1.37132358244
2.64391950871
3.13055271611
5.0
5.0
5.0
3.54392370111
3.54596664508
2.74066022038
3.18366993057
4.0
2.6980448274
2.11338706315
3.85342375508
2.11338706315
2.81973776572
4.0
2.81973776572
1.68289193884
2.5
2.67910293843
1.61265323429
5.0
5.0
2.81973776572
1.86255663633
2.97738875998
4.70588235294
2.14313479469
5.0
3.24807779988
2.91989421303
3.89007703463
5.0
3.82995194859
2.92587058619
5.0
5.0
4.54545454545
2.28127289902
4.54545454545
1.84157650652
2.95861832798
5.0
3.8303700462
3.85342375508
2.1385753856
3.56140398979
1.69672340155
2.31820128466
3.48090403754
2.5
3.74271467328
2.52379058038
2.14604703089
