2.2682612052	45.3652241038
1.2152044433	24.3040888652
3.2422576958	64.845153916
4.2489514303	84.979028607
0.1236705769	2.4734115383
3.2557782479	65.1155649583
1.3471237173	26.9424743466
4.3340610498	86.6812209963
4.3774091026	87.5481820512
4.1694429007	83.3888580149
2.7123023853	54.2460477054
3.8242437585	76.4848751704
4.4119492114	88.2389842287
1.8689291324	37.3785826476
1.9952649282	39.9052985642
4.0453328483	80.9066569658
2.2062190255	44.1243805097
2.6647232989	53.2944659778
2.8480005708	56.960011415
1.7737327076	35.474654152
2.5511780132	51.0235602643
3.1938732333	63.8774646669
4.7127005389	94.2540107783
4.8908521324	97.8170426485
3.1133884516	62.2677690312
4.6303794231	92.6075884622
4.7206957329	94.4139146582
0.4126676735	8.2533534696
1.80147426	36.0294851998
3.6851649008	73.7032980156
4.3656618179	87.3132363575
2.5458100043	50.9162000856
2.8246218074	56.4924361486
2.3309220102	46.6184402044
2.8524195837	57.0483916747
4.7915600716	95.831201433
3.6899732701	73.7994654012
1.5487717523	30.9754350461
3.7553425758	75.1068515166
4.3048293521	86.0965870416
4.3125337442	86.2506748839
4.9725432213	99.4508644263
3.3844631908	67.6892638156
2.9084835993	58.1696719858
4.8016156425	96.0323128498
0.7481693363	14.9633867269
2.1420192714	42.840385429
2.2834626018	45.6692520358
2.3525269353	47.0505387059
4.9501263278	99.0025265558
3.9096888711	78.1937774218
4.8416062549	96.8321250973
4.8484183427	96.9683668543
3.2287558733	64.5751174656
3.6599877581	73.1997551628
2.3953309117	47.9066182341
3.6004933723	72.0098674451
3.5796465549	71.5929310986
1.0826027303	21.652054606
0.676154303	13.5230860593
4.815718807	96.3143761391
2.7316602076	54.633204152
1.8434423449	36.868846899
4.4551543066	89.1030861326
4.5254312559	90.5086251176
1.0941485976	21.8829719514
4.3657273429	87.3145468579
1.5828380414	31.6567608272
1.1798313167	23.596626333
3.4215581941	68.4311638819
4.7576078857	95.1521577147
1.801210102	36.0242020409
0.2228007317	4.4560146342
1.4958556228	29.9171124552
2.363935266	47.278705319
0.6863599317	13.7271986335
1.0496513356	20.9930267128
4.3126959882	86.2539197633
3.1752096567	63.5041931336
4.4777996305	89.5559926099
2.7371514135	54.74302827
4.8406502	96.8130040005
4.9556526117	99.1130522334
1.1180046984	22.3600939685
4.9526636531	99.0532730612
3.7945603458	75.8912069156
3.4303555042	68.6071100849
4.6203777715	92.4075554296
2.6266155162	52.5323103233
2.8022622202	56.0452444034
1.7389428794	34.778857588
4.3413578626	86.8271572522
2.3009407009	46.0188140186
1.2043189428	24.0863788559
2.8618297166	57.2365943318
4.764756175	95.2951234992
1.2115980058	24.2319601158
4.6139580765	92.2791615304
2.1057999669	42.1159993382
0.788440916	15.7688183209
1.3237326509	26.4746530186
2.8329720134	56.6594402688
3.3053087154	66.1061743084
3.5369071584	70.7381431676
4.3598572869	87.1971457379
4.3807204497	87.6144089938
4.2323901569	84.6478031383
1.6373923792	32.7478475836
2.0447404282	40.8948085647
2.6114416061	52.228832123
1.9336325074	38.6726501488
2.9417533064	58.8350661282
2.0857442764	41.7148855284
3.4034682192	68.0693643849
4.7413257853	94.8265157053
0.3622651311	7.2453026216
2.4272486932	48.5449738649
2.2143350695	44.2867013896
1.8309558582	36.6191171648
4.6080855161	92.1617103215
1.681642554	33.6328510801
2.6030006234	52.0600124687
2.5792398198	51.5847963967
3.8197822526	76.3956450522
3.2005297896	64.0105957915
3.6135361784	72.2707235688
4.9618475817	99.2369516343
3.9981575482	79.9631509633
4.9432153193	98.8643063852
1.0716250246	21.4325004919
0.9246196783	18.4923935661
1.7797967293	35.595934586
0.9066345205	18.1326904106
2.2638504237	45.2770084742
0.6152964112	12.305928225
3.4489038121	68.9780762412
3.9094672857	78.1893457138
3.4966549636	69.9330992716
3.5684422176	71.3688443513
3.60098774	72.0197548007
3.1566049534	63.1320990682
1.3564519271	27.1290385417
4.1391850965	82.7837019291
3.7720436108	75.4408722152
4.7203173927	94.406347853
3.8236191835	76.4723836701
3.2215591892	64.4311837832
4.6515123563	93.0302471262
1.716204076	34.324081519
4.4302915922	88.6058318437
3.8271264836	76.5425296718
4.9068008743	98.136017486
1.8552088035	37.1041760703
3.616651805	72.3330360991
0.2261823719	4.523647438
0.9854529547	19.7090590944
4.5405460632	90.8109212645
3.7636518906	75.2730378117
4.8066495716	96.132991431
3.5314036493	70.6280729863
4.8902282694	97.8045653889
0.4672881592	9.3457631842
4.6990104234	93.980208468
4.567489886	91.3497977195
2.186567885	43.7313577008
2.6713134677	53.4262693534
4.6972545356	93.945090713
3.6165594349	72.3311886988
4.137182521	82.7436504204
3.0646098076	61.2921961511
4.4770871829	89.5417436575
3.6975101425	73.9502028498
4.8939080669	97.8781613383
2.9317856509	58.6357130181
2.0305832374	40.6116647471
0.8740572098	17.4811441963
1.8168498249	36.3369964972
3.2215775077	64.4315501549
2.485588249	49.7117649796
0.7292273743	14.5845474864
4.2421292088	84.8425841758
2.7343981111	54.6879622222
2.5271277578	50.5425551564
2.6934059712	53.8681194243
0.9472570349	18.945140698
0.0858973699	1.7179473977
4.8605449106	97.2108982125
1.8880363009	37.7607260178
3.6159018643	72.3180372854
4.0975981102	81.9519622043
4.6071902137	92.1438042733
5	100
3.9303179892	78.6063597845
1.6141376188	32.2827523766
2.7369750989	54.7395019776
1.6204607106	32.4092142129
3.9037028803	78.0740576068
4.8518272674	97.0365453485
0.332315955	6.6463190998
1.0437128871	20.8742577414
4.7119199459	94.2383989179
3.2208250911	64.416501823
2.5863811059	51.7276221173
2.8941965329	57.8839306573
4.1887749513	83.7754990267
3.9222191417	78.4443828331
4.2061819288	84.1236385751
1.7803463584	35.6069271678
3.3826278717	67.6525574339
2.4049979213	48.0999584253
3.9989052176	79.9781043521
2.9104407325	58.2088146509
3.7224409561	74.4488191215
1.263348991	25.2669798195
2.2238905404	44.4778108082
3.9996701288	79.9934025755
1.472822676	29.4564535209
2.6147408777	52.2948175532
2.6910287161	53.8205743228
0.7006100126	14.0122002523
2.9822535312	59.6450706231
2.1701808287	43.4036165744
3.9958772503	79.9175450052
4.2063146694	84.1262933871
3.6974910835	73.9498216707
1.5008755182	30.0175103633
2.4770685946	49.541371891
3.5946462391	71.8929247825
4.4551978897	89.1039577935
3.6201623135	72.4032462693
2.6130770504	52.2615410086
2.1255874287	42.5117485745
4.25375214	85.0750428
3.8452435812	76.9048716231
0.5585788789	11.1715775775
4.7470236876	94.9404737525
1.689410812	33.7882162399
2.0348815517	40.6976310334
4.6167529327	92.3350586545
2.5505807326	51.0116146526
3.8636073981	77.2721479611
3.4615798306	69.2315966123
2.712623501	54.2524700207
0.6643453021	13.2869060412
3.9197735306	78.3954706113
2.1018850769	42.0377015379
0.6123177858	12.2463557158
4.4775390844	89.5507816887
3.4008020697	68.0160413938
2.6894766655	53.7895333102
1.4503511091	29.0070221818
3.3844405369	67.6888107377
1.0351676006	20.7033520118
4.4413268808	88.8265376165
3.7148441399	74.2968827989
2.9104605447	58.2092108942
1.9823721812	39.6474436236
0.8308510923	16.6170218468
0.6012366173	12.0247323465
4.719963699	94.3992739795
2.5161396659	50.3227933176
2.531550987	50.6310197398
1.8672780752	37.3455615032
3.1169424549	62.3388490971
3.9368436631	78.7368732624
4.8840946953	97.681893907
4.9473496373	98.9469927452
1.0331424612	20.6628492233
3.0220104525	60.4402090496
2.2998668535	45.9973370705
1.1634699779	23.2693995574
4.3585708498	87.1714169961
4.784200867	95.6840173405
4.4841171143	89.6823422854
1.7749205162	35.4984103246
4.0341669956	80.6833399116
1.4738011226	29.4760224529
4.5136123585	90.2722471693
2.4437582406	48.8751648127
3.3537815453	67.0756309052
3.2442207605	64.8844152097
2.877816202	57.5563240405
2.6268538026	52.5370760527
1.8057663325	36.1153266501
3.9844137901	79.6882758019
2.7967228636	55.9344572729
4.7435766916	94.8715338318
2.7915524456	55.8310489121
3.8253350633	76.5067012655
3.984650445	79.6930088994
1.6180276315	32.3605526305
3.5385512788	70.7710255766
4.3087120133	86.1742402667
3.0433218292	60.8664365836
4.5732347708	91.4646954157
4.024574198	80.4914839607
4.2207635787	84.4152715737
3.1922887167	63.8457743337
4.3855074147	87.7101482948
4.7275419991	94.5508399827
4.8775502504	97.5510050076
1.8367487478	36.7349749559
3.6453958511	72.9079170216
3.6037186327	72.0743726541
1.5393637732	30.7872754641
2.1111384157	42.2227683135
0.8293364512	16.586729024
3.8086038176	76.1720763528
4.5146272936	90.2925458722
3.8087642966	76.1752859327
2.4400135911	48.8002718217
3.1088810184	62.1776203686
2.4355674922	48.7113498443
4.6972770348	93.9455406968
2.1724452337	43.4489046742
3.1735995691	63.4719913828
1.5959662297	31.9193245948
3.6127342139	72.2546842789
0.9169486335	18.338972669
1.9458339058	38.9166781163
1.6307117946	32.6142358923
2.225563984	44.5112796793
4.1426823237	82.853646475
2.3833875141	47.667750282
1.4466526864	28.9330537285
2.1144552069	42.2891041385
4.1894018143	83.7880362866
1.3050655693	26.1013113853
4.2306207626	84.6124152513
4.8589863388	97.1797267754
4.315227924	86.3045584803
4.23381331	84.6762662009
1.5264488468	30.5289769356
4.5789192359	91.5783847186
3.1710457636	63.420915271
4.4902568304	89.805136608
4.6379964274	92.7599285473
4.9485508141	98.9710162825
4.0375646434	80.7512928671
0.6669927654	13.3398553089
1.7375996523	34.7519930457
2.1078053977	42.1561079546
3.6437458861	72.8749177215
4.5921524967	91.8430499334
3.3745638659	67.4912773176
1.9601982436	39.2039648724
4.6489260026	92.978520052
3.2409376473	64.8187529452
1.3450209422	26.900418844
2.157735069	43.1547013804
4.5965990722	91.9319814437
0.4817660663	9.6353213266
1.1102646542	22.2052930839
3.3102808259	66.2056165181
4.1931381272	83.8627625435
3.7477723122	74.9554462442
3.6059701601	72.1194032027
2.006004191	40.1200838192
2.1930650541	43.8613010813
1.2835523504	25.6710470071
3.5254746035	70.5094920705
0.3986450161	7.9729003216
1.4698624286	29.397248572
2.1397699213	42.7953984263
4.8345962621	96.6919252413
4.0950504463	81.9010089256
4.4177987859	88.3559757175
1.4319473664	28.6389473289
0.5205039713	10.4100794266
1.5362682834	30.725365667
2.1835767457	43.6715349143
3.6384640168	72.7692803351
3.5566380652	71.1327613035
1.8983399268	37.9667985355
3.742928122	74.85856244
1.7178833996	34.3576679923
1.7386602691	34.7732053823
3.1667468257	63.3349365147
4.1592182824	83.184365647
4.4661290637	89.3225812749
0.9662773134	19.3255462672
2.8375555887	56.7511117746
4.0674876111	81.3497522223
4.0397427758	80.7948555161
1.5739850773	31.4797015453
1.8951229723	37.902459446
3.614646684	72.2929336798
4.3435584959	86.8711699182
1.5432822271	30.865644541
3.6435459097	72.8709181939
2.9825521826	59.6510436512
1.1881594155	23.7631883091
4.2017758878	84.0355177559
2.7222736405	54.4454728109
2.6619083017	53.2381660337
4.3455076606	86.9101532118
2.1424851921	42.8497038427
2.5710425638	51.4208512769
2.9453616358	58.9072327159
3.4652305686	69.3046113727
0.3536281285	7.0725625704
1.225723975	24.5144795005
1.9527006408	39.0540128158
2.6968039558	53.9360791162
2.3034929065	46.0698581301
4.4206349679	88.4126993587
3.0419498483	60.8389969661
3.7302271192	74.6045423848
1.6300589972	32.6011799435
4.5855589193	91.7111783866
1.4623354865	29.2467097308
0.3460667957	6.9213359145
4.540135989	90.8027197809
1.6131872225	32.26374445
2.963126379	59.2625275795
1.774634713	35.4926942601
1.7268535706	34.5370714117
3.235784917	64.7156983396
2.5259184937	50.5183698735
4.7817364615	95.6347292292
1.8145213954	36.2904279084
0.9328415789	18.656831579
3.1675059757	63.3501195147
2.2262964177	44.5259283549
3.9741210198	79.4824203962
3.3659060921	67.3181218422
4.1168956248	82.3379124968
2.6357962923	52.7159258463
3.6363754939	72.7275098784
3.2657278247	65.3145564931
4.5455881854	90.9117637077
3.1114347335	62.2286946696
1.3588302653	27.1766053052
3.9422213982	78.8444279644
4.3477731787	86.9554635742
1.1987801359	23.9756027179
2.65032023	53.0064045997
4.8811302905	97.6226058098
3.0926552317	61.8531046348
3.5905387392	71.8107747843
3.5269687658	70.5393753161
3.4814468623	69.6289372459
1.5411434547	30.8228690932
4.7450603781	94.901207562
0.4251663771	8.5033275417
2.7690994128	55.381988257
2.720967856	54.4193571199
4.5048058922	90.0961178446
1.3361217312	26.7224346239
2.6901533702	53.8030674031
4.1564595066	83.1291901312
4.3269817871	86.5396357424
0.7097862024	14.1957240482
3.5531810708	71.0636214162
3.114415209	62.2883041808
1.0107689704	20.2153794071
3.4624263861	69.2485277224
3.0284831102	60.5696622043
2.5572489719	51.1449794386
4.1229026365	82.4580527302
4.9137750024	98.2755000478
4.9171830831	98.3436616627
2.5520305249	51.040610497
1.1953755737	23.907511473
3.4850063944	69.700127888
3.8933084836	77.8661696728
1.4067487146	28.1349742925
2.1262822905	42.5256458108
4.5061508052	90.1230161048
2.2407829126	44.8156582528
2.7615859614	55.2317192284
3.5167393061	70.3347861212
3.5275186852	70.5503737041
3.1431710524	62.8634210475
4.8986320287	97.9726405743
4.7801523316	95.6030466311
3.3999666033	67.9993320664
1.1105720032	22.2114400634
4.5740292908	91.4805858154
1.2882962863	25.7659257264
0.5290668861	10.5813377222
3.6560167345	73.1203346892
3.5521631325	71.0432626493
3.0851234223	61.7024684465
4.4746013516	89.4920270325
4.8724555063	97.4491101252
1.9530263199	39.0605263972
4.89192634	97.8385268003
3.8211598726	76.423197452
4.450750123	89.0150024603
4.0996101227	81.9922024545
1.1174814243	22.349628486
3.459695991	69.1939198191
3.3749428591	67.4988571824
1.7701707712	35.4034154244
2.1211603716	42.4232074328
3.8043177008	76.0863540165
0.760860263	15.217205259
2.8665193138	57.3303862765
2.703958233	54.0791646601
0.0480775577	0.9615511539
3.3222701043	66.4454020858
0.3589696273	7.1793925462
2.6478095316	52.9561906324
2.2782963146	45.5659262927
4.846277295	96.9255458998
3.709653768	74.1930753607
4.239779931	84.7955986204
2.5169457749	50.338915498
3.5282689243	70.5653784859
1.413918121	28.2783624199
1.594331131	31.8866226203
4.2726860389	85.4537207789
4.4365192411	88.7303848216
1.0024163518	20.0483270356
2.9423990863	58.8479817259
4.5268978591	90.537957181
2.7389785891	54.7795717829
2.2966573103	45.9331462067
3.9866499158	79.7329983168
4.7449243611	94.8984872218
4.9086555734	98.1731114687
4.8028474599	96.0569491971
3.194596997	63.8919399399
4.0599073642	81.1981472834
1.9089428387	38.1788567744
1.8041102899	36.0822057982
3.2898466074	65.7969321488
3.1130972327	62.2619446544
3.0916385519	61.8327710375
1.0123077401	20.2461548027
1.8997334528	37.9946690568
2.7324792507	54.6495850147
4.6480705235	92.9614104695
1.9560794929	39.1215898582
1.8194945143	36.3898902868
4.9473200197	98.9464003948
3.67775755	73.5551509994
0.89281882	17.8563764002
4.3546419303	87.092838605
3.3339943426	66.6798868523
0.7018253971	14.0365079423
4.7654239263	95.3084785265
3.2200823404	64.4016468076
4.6369221877	92.7384437533
3.8152502118	76.3050042367
1.5751603944	31.5032078886
3.8000388012	76.000776024
3.1804496084	63.6089921683
4.7143451262	94.2869025247
2.637504386	52.7500877207
4.277026434	85.5405286797
4.4979683609	89.9593672176
1.449109342	28.9821868399
2.6857319763	53.7146395267
2.8056576332	56.1131526633
0.6354485834	12.7089716671
1.1880380525	23.7607610503
2.8443401822	56.8868036437
3.2021258174	64.0425163479
2.8895145281	57.790290562
4.7652310296	95.3046205922
4.0845199225	81.6903984507
1.2669621183	25.339242365
2.5905586351	51.8111727027
1.961561792	39.2312358408
0.5369444522	10.7388890435
2.9709379339	59.4187586776
4.7951568035	95.9031360705
4.1843691123	83.687382245
4.2852803631	85.7056072628
2.7386307725	54.77261545
1.5530759732	31.0615194634
1.4939264233	29.8785284668
0.998422657	19.9684531394
2.0419444777	40.8388895532
4.5901515456	91.8030309116
4.899146157	97.9829231399
0.5150437705	10.3008754103
0.7289407997	14.5788159932
4.1873235285	83.7464705691
2.9680055124	59.360110248
2.1341830364	42.6836607284
4.5725932794	91.4518655879
4.7741911807	95.4838236139
3.9004503132	78.0090062634
3.6694182662	73.3883653246
2.3938982438	47.8779648758
1.2302744559	24.6054891177
4.1189389388	82.3787787757
3.2355549891	64.7110997813
0.7246523211	14.4930464226
4.520020081	90.400401621
4.939533576	98.7906715191
4.0649546349	81.2990926985
4.2629382648	85.2587652962
3.7050140466	74.1002809315
3.8633479425	77.266958851
3.5910882788	71.8217655768
2.4856128085	49.712256171
3.1502233739	63.0044674776
1.0512103178	21.0242063556
4.837777632	96.755552639
3.7829958834	75.6599176671
3.2897287186	65.7945743713
2.5100436193	50.2008723865
3.7147744489	74.2954889781
4.3201827231	86.4036544627
4.6089730168	92.1794603365
4.0008354667	80.0167093339
4.6745779247	93.4915584931
2.7255595804	54.5111916086
2.4427232109	48.8544642185
4.353828126	87.0765625209
4.73194705	94.6389410007
2.3422579437	46.8451588741
3.7053759394	74.1075187875
1.666272553	33.3254510606
2.9620479657	59.2409593135
4.1975766783	83.951533565
2.8057963268	56.1159265357
2.6700816354	53.4016327075
4.4960715958	89.9214319151
1.8970170912	37.9403418244
2.6411337518	52.8226750351
3.5206208863	70.4124177269
4.3587742658	87.1754853155
3.6396546687	72.7930933736
4.8729706376	97.4594127511
4.3984089323	87.9681786459
1.7230917987	34.4618359738
0.5674854235	11.3497084697
3.3299610978	66.5992219564
2.5167969409	50.3359388181
2.944656946	58.8931389191
3.8907083549	77.8141670975
1.828070111	36.56140222
4.618337244	92.3667448805
2.0706293574	41.4125871471
3.3030273027	66.0605460546
2.5298899142	50.5977982847
0.9052335082	18.1046701643
4.5634985788	91.2699715752
4.8343072016	96.6861440325
4.4967129798	89.934259596
1.4504820805	29.0096416098
0.61273696	12.2547392
4.4857089414	89.7141788274
2.0206544189	40.4130883782
4.4279852335	88.5597046701
1.5554715011	31.1094300225
3.3664522459	67.329044919
1.8234270992	36.4685419832
4.63833086	92.7666172002
4.7175751025	94.3515020504
2.2511398963	45.0227979254
1.8120138189	36.2402763786
0.9554432986	19.1088659726
1.3498390391	26.9967807825
2.5008003493	50.0160069859
3.7623519639	75.2470392782
2.1616509806	43.233019612
1.8764185843	37.5283716859
1.35418209	27.0836417995
0.6038951538	12.0779030765
4.8884664789	97.7693295776
2.2368361093	44.7367221868
1.3645754583	27.2915091657
4.8298015335	96.5960306705
1.3677579488	27.3551589768
2.222980424	44.4596084802
4.6591945043	93.1838900862
2.7765391103	55.5307822065
4.2736431821	85.4728636415
1.9522974526	39.0459490522
1.7918851099	35.8377021989
0.3579233415	7.1584668293
1.6557110037	33.1142200749
3.1831130288	63.6622605754
4.9506790096	99.013580191
3.511386003	70.2277200594
3.3840415522	67.680831045
0.2138010837	4.2760216741
0.4767261815	9.5345236302
4.8806425767	97.6128515349
3.5251357634	70.5027152685
3.2812619656	65.6252393127
3.274941992	65.4988398409
1.4870851042	29.7417020835
4.9612481753	99.2249635056
1.2182462204	24.3649244082
2.8115714314	56.2314286274
2.6753819032	53.5076380644
4.2970136614	85.9402732272
4.161692958	83.2338591599
4.3515674346	87.0313486915
2.6584919393	53.1698387852
2.3512236558	47.0244731166
4.6868521387	93.7370427745
3.3679588598	67.3591771963
2.1682942551	43.3658851018
1.5874151819	31.7483036381
1.6318177427	32.636354853
4.0327119971	80.6542399424
4.4293057781	88.5861155628
2.4538062265	49.07612453
1.916663061	38.3332612192
1.5436906115	30.873812229
2.0641512919	41.2830258372
2.269727506	45.3945501207
4.8132040661	96.264081322
2.9683306236	59.3666124718
0.5474357621	10.9487152425
4.85849396	97.1698791995
3.4071017898	68.1420357964
2.3737404323	47.4748086466
4.1502283352	83.0045667048
4.0390527472	80.7810549438
4.3694241613	87.3884832261
2.0818714458	41.6374289169
4.4288472539	88.5769450783
3.9326973987	78.6539479731
3.6264743761	72.5294875227
1.473295188	29.4659037607
1.1857818542	23.7156370843
2.2227703731	44.4554074628
4.8401825783	96.8036515655
4.6883263579	93.766527158
2.8666174463	57.3323489266
0.4393229951	8.7864599026
1.6911169279	33.8223385584
1.5620123469	31.2402469382
3.3073702259	66.1474045174
2.9208655781	58.417311563
1.8279929572	36.5598591439
1.518111102	30.3622220397
2.1926204209	43.8524084172
2.9070545871	58.1410917413
3.3735629089	67.4712581789
0.1217077237	2.4341544739
1.9154486217	38.3089724331
3.2725426981	65.4508539611
2.6441595262	52.8831905231
1.2269138937	24.5382778736
4.7398546951	94.797093902
2.3186636626	46.3732732522
2.3677684078	47.3553681567
0.8182307025	16.3646140501
2.02927808	40.5855616004
0.5667448045	11.3348960892

