1.3494448821
4.6602064189
1.8775794936
3.6559059208
1.6461545561
0.4422695247
1.2163887250
0.6471664693
2.6975377288
3.5320266234
2.2582689522
3.9153939101
0.1283398109
0.8863437075
2.1988474290
1.1025666112
4.1563083451
1.6769418697
2.8611658750
2.6659457215
4.5532494403
1.2678973589
0.4950629246
2.5700210628
2.3176140719
3.9526176572
1.6473990963
0.9508028074
3.7361485903
3.7110827335
3.2321452090
1.2555595731
3.1753861183
1.2505400747
2.4701915124
0.7556233752
2.2725862391
1.9881248401
3.7026009111
1.7583982641
2.9489385366
1.6300503441
1.3807771354
0.6480427579
0.4948452121
1.8852118550
2.4911240833
0.6063916684
0.6679282358
3.2355262232
2.7343374125
3.5036109308
1.4797313468
1.7634739221
0.4202203443
4.7020348849
2.9481957706
3.8296265257
3.9932041227
1.0399394450
1.2717948245
1.9980642554
0.6225562188
4.9111020335
1.4902557049
0.4522728325
1.3911777302
3.4404603706
3.9792407496
3.2332392731
1.3301520825
4.2887025030
0.9659944106
2.7980502768
0.1706616320
3.5650201448
3.4242001178
3.5524673027
1.0340136822
4.8564817989
4.1241722262
0.3939671024
2.9334143034
4.1166015429
2.5846963801
3.7299782130
3.5125237656
1.4198891106
2.1416159607
1.5550205034
2.7560729042
2.6617872930
1.1525568681
2.7037991367
1.8528919154
0.6458790287
1.4745267927
1.3967740690
4.1132034738
3.5871491763
0.1496824126
2.2902042634
2.9971872460
3.5091101576
3.7231176748
1.8921599664
4.3234844042
2.9145667595
0.6945025469
0.9456394944
2.5329551841
4.2586486794
2.3128334181
4.0739768109
1.1887314423
1.3955502263
1.6911077501
1.0745655610
3.4181461164
4.2573802384
4.1166956929
1.0050619813
3.7308240376
3.4579620793
3.4254642479
2.9802960243
2.0810602486
4.4027788280
0.4958542436
0.0648749546
2.4481944096
4.3881028038
0.7962809522
1.0607893841
0.8682395865
0.3503766738
0.6192146812
4.4342360431
3.3113922778
0.5969458910
1.1825121794
4.2624873377
2.1267145073
0.4302244201
0.3380522739
1.3992227322
0.7963397522
2.9413779357
2.7551438555
3.1226740427
1.3017389563
1.9718262378
2.3378102264
4.2407336281
4.6142424531
0.8496198322
4.3778249734
4.9544640495
4.3071248631
2.7344797872
2.7668199920
0.0279878385
2.4387244833
0.4345754074
3.1090701339
1.8584093819
3.0825129374
0.2776462779
1.0504702336
2.5922354199
1.8536064443
2.8696741414
4.7181730615
3.2808490570
2.6903935625
3.3999211837
3.1393901029
3.3212123397
3.9488472487
0.0488449375
1.5576350517
0.7815071480
3.5254180725
1.2253714811
4.0115015782
2.1853812126
3.4775220416
2.9555782182
0.5968263663
2.5214783061
3.2095172569
2.1224505933
2.8503346562
2.5837568831
1.2533101089
4.2256039344
2.4147626572
3.7376224688
4.5285705015
1.4033975335
3.9557882618
1.1801237394
3.5158182128
0.1035333887
4.4742925606
2.1305232975
3.3298455368
3.6709720548
3.1085587976
2.8897094564
0.3201663546
3.3658830850
4.0556566682
3.6605476962
3.6441553260
2.7545729249
2.8057473217
1.5718876761
0.6176145308
2.8112191300
2.8142921412
4.7201765790
1.4226551891
4.4092317580
0.5126953996
3.7862399492
0.5856106089
1.6027310254
1.0459212985
1.0306598629
3.1854298213
4.3386701479
1.8348887449
1.1773150717
3.9384910118
1.0893639998
0.3913765708
1.8971814784
1.5674964262
1.6475531585
0.3038068202
1.6676817644
3.4041674641
3.7287093438
3.8942782762
0.6491030017
1.2175767463
0.5282675415
2.2918856354
0.6593784541
1.2874846131
3.3881725244
2.0365957351
3.1904873227
0.7559673385
0.8439983624
4.4243000421
0.8706217306
4.0575349032
3.6105091650
2.6202863033
1.5909865791
4.5300640003
1.2825730292
1.7390608857
3.2676428614
1.1940686414
4.3956392932
1.1376209673
3.5583113968
1.7195728193
1.9244870303
2.7619614388
1.7907795652
2.1072387575
0.6727205675
1.5784692062
1.4508812905
4.9381668783
1.3937210012
2.6091966020
1.2194580494
1.8052713217
0.9147815100
0.4597298879
1.2128888899
0.8543242119
2.2414040509
2.2080174215
0.5724581386
1.1262544486
2.2827860819
4.2302590289
2.2438934706
1.5113091732
1.8500735924
0.7345725340
3.8978621247
0.7730897751
4.2768212521
2.1040593120
3.7511920806
1.9647359303
4.9402272344
4.4081272137
1.1713457889
0.0947522657
1.1191695225
2.8051603157
1.5755993657
2.5758793768
2.7110576032
2.8521397571
4.2919778536
1.5423556583
3.9973486854
4.6695324723
1.8299000099
2.7998753017
2.7537062752
4.3352140048
1.8414519372
4.9951224285
2.8547713995
4.0425418371
3.9441205198
2.5901782269
3.1380683164
3.3387358607
1.3556828967
2.6992087117
3.6324974873
1.9348668086
0.8728998927
2.6041218822
3.4931242337
3.0630407337
4.3469572544
0.3914361845
0.7376221642
3.4554620063
3.2876215239
0.2391538532
0.4759714576
1.6802478880
2.2103352197
3.2903344694
1.0421637267
3.6270685740
2.5496015173
0.1552924948
4.7561727887
4.3694367495
0.4497596277
2.0284991921
4.9008845361
1.8079342368
4.1405113789
0.3465807709
1.5297345507
3.4286292817
4.3673349290
3.2731223775
1.5172994500
0.0928205071
4.0123458838
3.0127882401
1.6209725082
1.0480816028
1.4734971789
2.7356534388
0.4841961617
3.7470384920
0.0116297210
3.4523389707
0.4307189172
3.6506770824
4.3963037844
4.5069005739
3.4783122257
3.9391688214
4.1311893302
4.9484197302
2.3457693905
3.0577522148
2.9948295831
0.1704839441
4.8983838555
4.7812852762
3.8476991615
3.1524493583
3.7371635715
3.1224756315
0.7146636366
3.9454035778
2.7016018945
2.9599157597
2.2143443968
4.7825667942
