0.0679799173
2.9688416670
4.2221786375
4.3304632120
0.8695720946
3.8576654274
1.3775466657
2.0498057655
0.0423365389
4.4344031767
0.0802032883
3.7074044859
2.3094197306
0.9866179670
4.7646263525
3.2529016589
4.4254010682
2.6103711390
2.9107532153
4.5103196408
1.7889606304
2.0883571440
1.3875526459
2.0616571418
0.3803580553
4.3751706360
3.2619704974
3.1067375438
2.5137568762
3.5129949912
3.5147700770
1.8649098858
0.5576709972
2.8034008546
4.6456244787
4.4787229573
4.1056407102
4.4562260606
4.4836842614
0.8082093258
0.8324538119
1.9326821304
0.8195913222
4.3077494103
0.0982270501
4.0830303375
1.4290151915
4.8995811980
1.0534933521
4.5636498506
4.1203528289
4.3959492143
3.7337651537
0.0964645407
1.0799838791
2.2758421955
4.2331526945
2.9260114741
3.7427618351
1.1455728978
3.2254224511
2.4345557246
0.9342241950
3.8615509230
4.7099240031
0.7203407422
1.1309230652
0.3780606482
3.1422576232
2.0331939131
2.3985383142
4.9153766449
2.9491888282
0.1282909644
1.1918898796
2.9899486612
3.5985540706
4.7540533054
2.5500907361
1.3776126329
3.8127827643
3.8731670765
2.8729789201
4.8149036109
3.4848489770
4.6439544076
2.0163624139
4.5077562330
1.3242504552
0.3083039801
0.7538562161
0.5894987652
3.0649072351
3.6657122550
3.0981630889
2.0325230832
1.1842159919
3.8124564875
0.6961498798
1.1049155851
4.8810535651
1.9203987060
4.6672264874
3.9123582258
2.5490828178
3.4794140048
2.2661960790
4.4675749585
0.0596902173
3.1670795957
3.5583896011
0.8784521716
2.8763163129
0.2033109014
3.6006265398
1.8887725302
4.7894917162
0.1384703552
1.1460838346
4.0924652842
3.9608512943
0.7816113264
0.6198573935
0.5767129051
3.9566821613
2.7495865109
3.5458423649
4.6376091667
3.6397057318
2.5845050424
2.0111407453
1.1139078110
0.6649646659
4.8013482936
4.4137546220
2.0624290454
1.0256710392
3.6724586629
4.2006919026
4.1687236225
1.6420865764
1.1922313971
0.6302753607
1.8675764555
3.5459883665
0.9829244901
1.6135067673
1.5119339582
4.3406881765
2.9684387414
3.2495223568
2.6510568498
1.5082093774
3.3527169630
1.8798354541
4.0874533770
1.8779966453
1.7667009046
3.9711733237
4.6088820609
0.3929790633
1.6943245371
3.2888797635
0.3209985112
1.8270910976
3.3336957038
1.0492992077
2.2257528614
2.5822672024
0.6024326330
2.7131336981
0.9412432864
4.2718786003
1.8422102155
2.9909475822
0.2843421786
3.7716141405
4.0311910974
1.4308877744
2.3351051924
3.4685851194
2.6665513375
3.6170164243
3.7719448334
4.8862456277
2.4532674399
3.7597694445
3.8621198788
0.9184794151
1.1283438111
3.0589351196
3.8697049838
2.9234505110
0.0884849156
4.1807935048
0.6124316643
0.6497119659
3.4787374300
1.0468961034
3.9723277685
3.7774041433
3.3728523391
2.6802479307
1.8087478596
0.0305650629
4.0441779771
1.4088571086
1.6051269567
1.7676594338
0.8280503273
0.3658421401
1.4246751175
1.4920742807
4.0302792438
0.0442605539
4.1804557228
4.2888165248
4.8869464795
3.0238962491
1.6201763345
2.1248955915
2.9519662967
2.7623931681
3.7670129785
0.7264211445
3.0324698197
4.1759514479
1.2794569422
4.2334564534
3.0379429714
4.2825355081
3.4332130054
2.5429307474
3.8151826326
1.3660331854
1.2774097402
0.5798432643
0.2436693826
0.3815275924
0.2697514462
1.2276266148
2.9291456433
4.8639004150
0.0978177304
3.2305416378
2.6994180561
1.6441034318
2.8966960216
2.6256391535
0.5461802988
1.7049657163
3.0798347319
4.6310600178
3.5186100971
4.5223238042
4.1168756572
0.0137926902
3.5353897244
0.0041726689
0.8788338608
3.7766312118
4.8965156242
3.4426631814
2.3900370113
4.1747651237
0.0278077391
3.7789684183
2.6935342779
4.1216004860
4.3405355101
1.5127832785
3.9711827137
1.6360968578
4.0253031281
2.0956109356
2.4333869157
3.1757729276
1.6906642816
1.9747522588
0.8817009313
2.1868725027
4.3983741817
3.2134020357
1.2785202110
1.5729068403
2.3123668462
2.9274451908
3.3633411957
3.7624378920
0.6692263225
4.5430387810
3.0191171800
1.7647040048
2.4739845230
3.9980879142
4.1027867327
1.7963040282
2.4345334561
2.6581274593
4.1519154873
3.3930616963
2.4569186690
0.5813830371
0.3085188548
1.1784286295
0.1465414931
4.3030058889
3.9585924714
3.8240154136
1.3892230047
3.9843833462
3.6718642824
2.0303550143
2.2416803011
4.3253713651
0.6941174016
3.2887153377
0.1418685546
4.3162544767
2.3505615768
0.6102271231
2.2826081590
4.7288131236
3.5727235543
4.5699436004
4.8818279311
2.2442952497
3.3758781796
3.7944885382
4.8626206001
0.5881997633
1.4549730103
2.1970935050
4.0372585032
0.8010606477
3.3032548636
4.7481124249
0.5106133385
3.3999736271
3.0114573839
0.6681959039
0.4974468033
4.2721589616
4.5016497163
3.5914983817
2.7302967912
0.5497557074
4.6669980111
0.3044920020
3.8438093382
2.8202712050
4.2081990853
0.0997112473
4.6091175165
0.9712662024
1.8137794335
2.9612159136
4.2881277823
3.9081674538
3.3625082326
0.7285259757
3.1403497038
1.7434174130
0.6226703294
2.9676643683
0.7803293449
4.7719713315
2.2788297514
4.5517817541
1.5160776626
3.3265372314
2.2790563536
1.3502950187
0.4405059145
4.1656504243
0.4145831169
2.0158375991
3.1692980701
2.3740330376
3.6228296625
3.6045088680
0.0684983963
1.3486869710
2.8501140515
1.7694607300
1.2701285494
0.5724073782
2.9817502125
3.0239363990
2.9892554712
0.8211097357
1.6072876995
4.2112680815
3.7141169635
0.7603883699
2.4532142302
2.8704610448
0.9033088180
2.6235445349
0.6034549160
0.8118803785
1.3799036222
2.6570393272
3.0115355701
1.4738777075
0.7290896509
0.1146674514
3.8625262922
0.7142372599
1.5789964116
4.8890636797
1.5961659825
4.6869980937
0.6474442407
0.0144213307
2.5863338457
0.5930609999
4.1721766690
2.6491228067
4.7708506321
4.9901786934
2.6885888949
3.1585827192
2.8271556215
0.2632454390
4.7850614362
1.2398359771
1.6345355147
0.9386612993
1.2378776916
3.8487429631
1.7962237611
0.0669857969
2.9196055417
4.9622331478
4.4119137378
4.5767800174
2.7791390666
0.9014937531
2.2932319063
1.6407541057
2.5288347678
3.2927829335
3.5548179389
2.9050027899
2.0429701737
4.5015839588
1.3483031220
1.2657640602
3.7988591780
2.0597196278
0.2452364291
2.4789395081
3.4822607434
4.7460411626
0.9305748305
4.6393581478
2.4652234871
1.3772447108
