4.62675607204
2.46628048165
2.9355263263
3.33333333333
3.6665229614
3.39655898119
3.02898168564
3.29854817595
2.73099232092
2.87562383546
2.01861825127
1.82567215392
2.54171233911
4.0
3.82958935499
3.58321294188
2.54383733762
2.99066862334
1.60823079092
3.05844222506
3.30042640514
3.33711700006
3.5132570139
4.3453374356
4.08780477764
3.82112801075
4.0
2.676206137
3.71053129435
4.48974181712
2.92170238215
3.38139040768
3.84615384615
3.1268286109
1.36700062798
3.92531226079
3.43821067076
4.3906056881
1.9152108479
2.30450807073
3.77292964019
2.54443365492
3.13578036427
3.79212822426
3.5210684647
4.62675607204
1.22260747477
2.54171233911
3.81393439669
4.16666666667
3.79212822426
3.75233101348
3.38172428748
2.80731407159
3.47598508
3.27654808164
3.22837979533
4.35410475731
2.54343806101
2.86970160769
2.22222222222
1.99969204573
1.9152108479
3.38342587863
2.8946876945
3.79184125923
3.07540842372
4.60962341891
3.32013126835
4.54545454545
1.276033173
3.48998696584
5.0
3.84615384615
4.3001462127
2.47513066815
3.47007897767
4.54360188544
3.09641611576
2.92912963778
3.92531226079
3.49487501932
4.5
2.14285714286
4.49641495943
2.25104882071
3.54541334121
3.93532562173
3.48998696584
3.09641611576
3.57142857143
3.00031990597
5.0
4.49641495943
4.18706034395
3.40037959204
4.68191346952
2.85290375352
2.46010199314
1.38983723521
1.79804087562
3.15913035756
2.89361190796
1.9152108479
2.5791329772
2.26763817615
3.62291829394
3.0142767842
3.13578036427
2.72411209886
3.71053129435
3.96762775523
4.03059000336
1.76451272435
2.89361190796
4.12629662702
3.84615384615
3.91548618674
2.41540559568
2.44761190812
3.22415823489
3.57142857143
1.63548395038
1.80977839231
2.54443365492
2.89917233845
3.91548618674
2.98204687069
1.63548395038
3.013857577
3.61197123925
3.09737789445
2.38313880335
2.87024319172
2.85341991679
2.58190787584
1.6406669525
2.62934067327
4.0
1.53846153846
4.28571428571
3.55640182272
3.22308949195
2.71821569313
1.89092843578
2.87562383546
1.66666666667
3.76863178142
3.99795854837
3.90296980739
3.28601000564
4.00463111652
2.0
3.10540203936
3.10540203936
4.11744994919
4.81247449915
3.16298606219
3.79349527756
4.0
2.91721197218
5.0
5.0
3.75718264353
5.0
3.1377397757
2.84704794983
3.14595406985
1.91466064325
3.57142857143
1.50689057568
2.87114417728
3.3652737966
3.83215317672
3.45129825175
2.73058313256
2.9027534773
4.04405566198
3.38713183999
4.3906056881
2.54402969764
3.98348766896
2.57940090754
3.49487501932
3.49346222786
4.02525302544
3.8363711212
4.0
4.03631596741
4.42744549583
3.0433509455
3.7037037037
3.59748518893
3.45129825175
2.54343806101
2.68859785316
2.85341991679
4.0
2.78360707375
3.36622302979
5.0
1.9152108479
4.05565503985
3.3254803134
4.11651020249
2.38911356963
3.35017351168
5.0
4.03631596741
2.82863934835
2.30769230769
2.76065426117
4.0
3.37977006618
3.79212822426
2.5
3.57142857143
2.17298316268
4.60517175185
2.34465032816
4.19262719899
4.62675607204
2.4915116032
3.48998696584
2.18871982502
2.68907035568
3.63532083375
5.0
5.0
2.64062581503
3.93532562173
3.1203499337
2.46397701177
3.33333333333
4.73684210526
4.44444444444
2.30769230769
3.25248996913
3.57711064674
3.33333333333
4.18706034395
2.5
4.81247449915
5.0
1.85263035678
3.06473291583
4.70588235294
3.92531226079
3.08766687413
2.92170238215
5.0
5.0
3.63636363636
0.985538320882
3.63551922143
2.86212933414
1.96654395565
4.54360188544
3.09323998789
3.37306792086
3.33333333333
2.7535217007
3.47007897767
3.33333333333
3.34598841575
3.91257200552
4.54545454545
3.27381378886
5.0
3.84615384615
2.34119791538
4.0
3.38480923325
3.969005052
3.95082652569
3.61197123925
3.6881160262
3.64698128605
2.42802609097
2.14285714286
3.37306792086
3.91548618674
2.80126819244
4.06930945422
2.30815581977
3.3899874116
4.0
2.83762236436
1.76451272435
3.05057541529
3.20318444886
3.91548618674
2.85341991679
4.08277544108
4.0
3.08515617624
2.04150301218
3.63532083375
3.05692762882
3.63532083375
2.95914912862
3.09891334602
3.06674289517
3.20083980635
3.32260991518
2.87300727584
3.18756568432
2.89361190796
3.49745616317
3.91548618674
3.37132462611
3.80830304697
2.31428680409
3.33333333333
3.57142857143
4.28571428571
1.38983723521
4.16666666667
2.92561803352
3.22735798986
3.11805407916
2.89361190796
3.78000481143
2.84752810995
2.60347397377
2.92020768921
5.0
5.0
3.73054131866
3.20188743111
2.77252427701
2.77450564661
2.95557449971
3.98216153681
3.37977006618
3.29023196147
3.81238289855
2.42858616145
4.54545454545
4.43404869309
3.68421052632
4.62675607204
4.62675607204
1.71663534961
1.62777700594
2.46584997409
3.57142857143
1.85263035678
3.05929603428
5.0
3.10451593031
3.84615384615
3.29854817595
4.19938842456
3.06473291583
3.45129825175
3.041050752
4.0
3.70238528483
2.41911196283
3.07097277471
3.16752217865
3.80656819277
4.0
4.3453374356
3.64698128605
4.0
4.68191346952
5.0
3.20188743111
4.03059000336
2.51143302236
3.35741533116
4.54545454545
2.59660543874
2.87114417728
1.29424483826
3.01096097699
1.76451272435
3.25867770447
3.27654808164
2.30769230769
2.87300727584
3.66178027391
3.47689691186
2.25410596891
3.13578036427
3.07540842372
3.70656849308
2.55187876523
2.52336242181
5.0
2.79762172983
3.1290562989
3.74787101691
2.41571349757
1.04593470693
2.84754531831
2.46397701177
