2.6468955593881542
4.5596734510551045
3.6685759549029915
2.7831658115922853
3.76458300786443
1.778142105931612
3.2460477487559234
2.9122404842698395
2.633149847194385
2.7465007339979604
2.918115914808742
2.4758126486864804
4.06782196908933
1.1237385731772873
3.592430067137191
3.1409697737355624
2.632431324151118
2.827183206334891
3.4636576612244565
4.089925823009909
2.2541425159755573
3.5181554786372216
2.264610266945533
3.5181554786372216
4.5596734510551045
3.6723910844825043
3.652525005128925
2.0766166397275323
2.746526804598451
3.5037196044999064
2.9371371449182386
0.46027543209787286
3.3225064647607727
2.2682713035287008
3.0583262949164496
4.336154156003402
0.42306669856349804
2.432459589111788
4.5596734510551045
3.0560165977252938
2.3313719543660185
3.5181554786372216
2.653834627510736
1.8212927068043527
3.1146360824439
2.7465007339979604
2.6904517807425004
3.1667554421934807
3.5181554786372216
4.06782196908933
3.1409697737355624
3.4766112179496815
2.7536916608935047
1.3102242422737767
2.692235251565178
2.837420477929966
3.271220738448272
1.7675186116378567
3.7320825220941196
4.5596734510551045
2.3955701135639935
3.9139222182566247
3.542166264768146
3.0560165977252938
3.6633515565113774
3.4239032773940297
2.6904517807425004
2.6904517807425004
3.2131644483685613
3.7056922184104786
3.1555508596287245
3.2755172008730042
2.653834627510736
1.3978846703278591
3.9745321447544644
4.5596734510551045
3.146191449361164
3.1409697737355624
3.8308025476180445
3.3116503878239705
3.542166264768146
2.056180199516513
2.1405383810291596
3.76458300786443
2.1411478919038167
3.1409697737355624
3.0560165977252938
2.432903580179843
2.6065778388765586
4.5596734510551045
3.9225835650730687
3.168114309731912
2.481091771528187
3.4636576612244565
1.3206211672209518
2.056180199516513
2.432903580179843
3.0836527899520214
3.7320825220941196
2.083106721446788
2.6751970682350827
1.0940515349003352
3.76458300786443
3.5357443245603126
3.1644507993872706
2.4150736001865503
1.8990702092828917
3.1409697737355624
3.5357443245603126
2.8853518083500416
1.8669280795207857
4.45148228658716
3.1409697737355624
3.2102293485843676
2.82803818415587
3.5181554786372216
3.4126959866989695
4.45148228658716
3.4915253168667153
2.0004626020629095
3.918626461787669
3.8364195385469793
3.0560165977252938
3.5730254962340133
3.271220738448272
3.4636576612244565
0.619246329642491
3.3133960279696035
2.1405383810291596
2.432903580179843
4.222644826415766
2.7346639817895726
2.653834627510736
3.160909547493534
2.9505738447027574
4.45148228658716
2.1405383810291596
1.2082525984817094
3.4636576612244565
4.155809932534103
3.1409697737355624
3.3167268410651336
2.9207805963082265
3.76458300786443
3.0859498318219907
4.06782196908933
1.3182411484719472
0.7679084641070562
2.746526804598451
2.814812316108138
3.160909547493534
3.271220738448272
2.199049582726319
3.271220738448272
3.640178728476298
3.3042102097789297
2.3835252749454874
3.239687530104263
2.4078966342806822
3.1409697737355624
3.2393943377009733
0.855848706949982
3.116503539321626
3.1644507993872706
3.0977755742017314
3.5984589617318314
1.6796924945567056
1.1774379128759334
4.5596734510551045
1.1549815033868582
2.8638177585789726
3.5357443245603126
3.3008923863079347
3.1187238697934796
2.4793707777268845
2.347096910185476
2.029153030579657
1.6620667733869547
2.2324448053915966
3.160909547493534
3.5181554786372216
3.5357443245603126
2.746526804598451
2.9322495373433806
3.6266982617406884
1.966051044115549
4.45148228658716
2.870526014421698
2.9070852925403994
3.5730254962340133
2.4267609322411516
3.1409697737355624
3.1409697737355624
3.0560165977252938
3.129422825787633
2.555509450438444
2.9998765138943377
2.7002963182759063
4.018785011626635
3.1409697737355624
3.7320825220941196
4.5596734510551045
3.6573062244569985
4.5596734510551045
3.0560165977252938
3.0977755742017314
3.1444239868959394
3.0928471560269166
3.285806342100051
2.845678252993002
3.271220738448272
3.2102293485843676
0.9099163833572222
3.0648891020326086
3.162024344039529
3.0928471560269166
3.76458300786443
3.2729766368292332
2.2195840666270716
2.886231387518904
3.479048802528373
0.6854158191876449
2.651972763707921
3.5982081206509884
3.1409697737355624
2.432903580179843
3.2980523502318695
4.344846514876357
3.4636576612244565
2.2630236027979604
3.1409697737355624
3.0923283291887773
3.091531941389296
3.6575264471294986
3.0560165977252938
2.641292454069186
0.3062275237390462
3.1047357083633256
2.9462850413763375
2.023648842799825
3.2590069073161647
3.662850467009661
2.66097116758801
3.7320825220941196
3.6466817812821026
4.5596734510551045
1.2913083647973018
2.6978560751930494
2.7465007339979604
2.239468022800259
3.116503539321626
4.269318996542967
3.091531941389296
4.06782196908933
2.542891464562623
2.9524793893797554
2.6946937595452467
2.4267609322411516
0.8319631244027272
3.659984811678549
4.269318996542967
3.0928471560269166
2.1405383810291596
0.8319631244027272
3.4636576612244565
2.6791733970038685
0.5608872536564028
0.848070299714719
0.9789889591173503
3.6573062244569985
2.746526804598451
3.003377218700576
3.160909547493534
2.740948582246056
2.6963551679883744
0.5655271409212678
3.76458300786443
2.3313719543660185
2.7177127190191053
2.1411478919038167
3.2977387700221144
1.798685522039203
3.5357443245603126
3.849302699083653
2.432903580179843
3.003790166283786
3.1644507993872706
2.347096910185476
1.3206211672209518
2.1405383810291596
1.953619279248539
3.76458300786443
2.6621055541571006
2.555509450438444
1.3182411484719472
0.11704038157506563
3.6435046638832014
4.0449343880772535
3.6573062244569985
3.305736915901771
3.7320825220941196
3.4042001040025807
2.689685916412876
3.0928471560269166
3.640178728476298
2.5768380848561243
2.1411478919038167
4.269318996542967
4.5596734510551045
2.6656153224806496
3.1050046867728884
3.7230698516380536
3.5357443245603126
2.7346639817895726
0.6618485633238592
2.878468533706077
3.316952248773096
4.5596734510551045
2.835596255221908
3.149392159407381
3.116503539321626
3.8432657645617976
1.475560129215774
3.132182016225907
2.133231467868717
2.551639513112246
4.45148228658716
3.7320825220941196
2.4267609322411516
3.5181554786372216
4.5596734510551045
3.4239032773940297
2.6676696025609345
4.45148228658716
2.9754318474513934
0.19511315426141035
2.096918832684152
3.4829367399281157
2.8271809036972244
3.7973049705697126
3.1047357083633256
3.5357443245603126
3.0560165977252938
3.0206789598515087
3.7397521581235633
3.0923283291887773
2.432903580179843
2.9070852925403994
3.6171147484962893
2.7465007339979604
4.5596734510551045
3.1409697737355624
2.1411478919038167
2.555509450438444
3.5644465318515834
2.7545264129814364
2.6266436813336957
1.214259030310648
3.5181554786372216
2.5768380848561243
3.76458300786443
3.271220738448272
3.1409697737355624
2.532504930755799
3.5181554786372216
2.729395593542341
3.0928471560269166
1.2416893590290843
2.432903580179843
4.5596734510551045
2.1405383810291596
3.1191410962811346
2.807490413990952
3.271220738448272
3.0353594011570912
2.2594888208993273
2.234097680739519
3.76458300786443
3.1050046867728884
1.3182411484719472
0.8490160746676598
3.654727208455206
3.146191449361164
3.313853337947248
3.4636576612244565
2.179671798529135
3.116503539321626
2.746526804598451
3.2083337892044645
1.3201977213556035
2.2541425159755573
3.7528605886308064
2.974059715258822
3.1409697737355624
2.6065778388765586
3.1409697737355624
2.9998765138943377
3.020144461195186
0.09364814370962883
3.019425653796426
2.5881605915665267
3.1409697737355624
2.1405383810291596
3.9225835650730687
0.45373038630113827
3.116503539321626
2.9312252148909343
3.5181554786372216
4.5596734510551045
4.06782196908933
3.0419656124614556
3.0834785415469055
3.2083337892044645
3.3710258067875922
4.095774357102858
3.654977780416669
1.345439582171107
3.640178728476298
1.345439582171107
3.1644507993872706
3.5821738810936057
3.1645689901996747
1.3910790414265066
3.5357443245603126
3.4733126382080246
1.3182411484719472
3.76458300786443
3.5181554786372216
3.1644507993872706
0.6739735147825302
2.746526804598451
4.5596734510551045
2.458469435373288
4.5596734510551045
3.0693230895058212
2.8381493781389326
2.546372229840485
4.355712439459799
3.2275094458840172
3.673512342501932
4.5596734510551045
3.76458300786443
4.45148228658716
2.3659534269860814
4.45148228658716
3.139100874929122
2.1411478919038167
3.76458300786443
3.8432657645617976
3.640178728476298
3.2590069073161647
2.855820268232818
2.001312401347586
3.0353515620176252
2.9045477936961355
2.7078282087951724
2.432903580179843
2.9998814211758122
2.4267609322411516
