2.987
1.344
3.798
3.502
2.099
3.772
1.981
3.416
4.279
4.037
2.848
3.732
3.319
2.915
3.599
3.512
3.041
2.748
1.664
2.743
3.98
3.813
4.242
4.588
3.184
4.094
3.424
3.172
3.1
3.58
3.687
2.917
3.314
2.929
3.84
4.937
3.813
2.284
3.812
3.645
3.85
4.46
3.615
3.325
3.999
2.354
3.768
3.117
3.864
4.164
3.772
3.983
4.204
3.67
3.934
2.919
3.158
3.447
2.44
2.285
4.174
3.914
2.995
4.313
3.732
2.982
3.67
3.301
2.493
2.184
3.552
3.793
0.748
2.87
3.601
2.757
3.587
3.74
2.899
3.89
3.812
3.972
4.79
2.535
4.348
3.697
3.19
3.95
2.878
3.52
3.307
3.986
3.928
3.025
3.614
3.487
2.459
3.619
3.18
2.892
2.659
3.167
3.443
3.707
4.176
3.889
4.094
3.218
3.572
3.056
2.996
3.197
3.634
3.683
3.683
1.274
3.087
3.057
3.576
3.621
3.748
3.895
3.674
3.424
3.327
3.729
4.925
3.456
4.896
3.784
3.077
3.493
2.718
3.41
3.474
3.446
3.599
3.853
3.573
3.663
3.407
3.244
3.957
3.962
4.006
3.024
3.335
4.24
3.334
3.767
3.727
3.965
3.605
2.731
3.373
3.234
3.348
3.584
4.184
3.33
3.304
2.44
3.832
3.985
3.151
2.825
3.151
2.388
3.754
3.292
3.814
3.942
4.786
3.43
3.184
3.183
2.779
3.625
3.277
2.03
3.915
2.73
3.365
3.217
3.743
2.781
4.965
3.522
4.198
3.924
3.301
4.075
3.885
2.359
2.677
3.318
3.874
3.814
2.748
2.68
3.743
3.5
2.91
3.57
4.203
3.619
4.012
3.385
2.554
3.54
3.869
2.248
3.517
2.283
3.129
3.298
3.177
3.284
3.645
0.868
3.174
3.415
3.966
3.108
3.699
1.139
3.154
4.497
3.948
3.512
3.524
3.089
3.445
2.831
0.955
4.052
3.142
2.537
3.775
2.694
3.249
2.76
3.47
2.314
3.363
4.133
2.533
3.188
3.739
4.175
3.052
3.28
2.648
3.804
4.19
2.997
3.369
1.172
3.24
3.847
2.856
3.762
3.188
3.461
2.825
3.297
4.44
2.533
3.044
2.613
2.838
3.891
4.147
4.339
2.751
3.757
3.459
4.378
3.112
3.711
3.97
2.693
2.087
1.845
2.959
3.46
3.943
3.468
2.856
4.019
2.82
3.934
3.443
4.137
4.101
3.794
2.929
3.373
3.873
3.419
4
3.122
3.051
3.881
3.135
3.506
2.751
3.607
3.758
3.365
3.421
3.011
2.969
4.179
3.074
3.419
3.244
3.23
1.822
1.727
3.575
3.632
3.97
3.114
3.431
3.165
2.63
2.735
3.947
3.778
3.344
3.757
3.093
3.379
3.348
3.619
4.201
4.743
3.43
2.439
2.913
4.108
3.24
4.052
3.549
2.926
3.478
3.675
3.086
3.719
3.828
2.401
3.01
2.07
3.72
2.879
3.393
4.256
2.996
2.83
3.309
2.027
2.251
2.918
3.427
3.173
3.655
1.768
0.72
3.454
3.551
3.971
3.494
2.878
3.557
3.206
3.867
3.206
3.597
3.444
1.794
2.779
3.666
3.817
2.456
2.609
3.688
3.823
2.743
3.722
3.502
3.213
3.617
3.911
3.018
3.629
2.802
3.091
3.716
3.13
1.021
3.527
3.461
3.135
2.924
2.913
3.199
2.922
2.248
3.526
3.068
2.378
3.801
1.829
3.045
3.281
4.092
3.69
3.763
3.831
3.399
1.904
3.789
3.286
3.729
3.14
3.528
3.981
3.595
3.439
2.885
3.631
2.044
3.592
3.786
2.961
2.858
3.672
2.837
2.969
3.52
3.964
2.421
3.33
2.305
3.543
2.875
4.145
2.44
3.558
3.75
3.714
1.671
3.988
3.195
3.381
2.658
2.887
3.705
3.471
4.547
4.084
4.169
1.838
3.346
3.606
2.535
2.977
3.502
3.096
3.918
2.788
4.151
3.735
4.582
4.053
2.903
2.613
3.586
2.704
2.801
4.114
4.03
3.583
3.69
3.97
3.818
3.844
3.5
3.885
3.55
2.391
3.721
3.455
2.901
4.034
2.886
0.874
3.135
3.026
1.581
3.695
2.599
3.622
3.941
4.21
3.478
3.371
2.972
3.525
2.092
3.526
3.839
3.304
2.518
3.477
3.08
2.911
2.867
3.244
3.436
4.066
3.872
3.614
2.62
2.825
3.631
3.445
3.416
3.455
1.925
2.568
3.122
4.119
3.242
1.304
4.245
3.723
0.873
3.559
3.915
2.536
4.941
2.934
3.232
3.875
3.218
3.55
4.09
4.071
3.532
3.289
4.014
3.127
2.495
4.207
1.27
3.345
3.451
3.304
3.702
4.291
3.59
3.266
3.069
3.251
3.253
3.452
3.638
3.872
3.916
3.917
2.897
3.014
2.215
3.714
2.876
3.675
2.303
3.142
3.063
3.486
3.641
3.479
3.481
3.739
3.077
3.672
2.755
3.69
2.197
2.025
3.555
4.259
3.111
3.527
3.522
3.798
3.132
3.25
3.762
3.217
4.164
2.934
3.236
3.318
3.848
3.357
4.338
3.461
3.155
3.261
3.613
3.498
4.133
3.46
3.021
3.334
3.209
3.698
3.699
3.761
3.783
2.565
2.778
3.34
3.668
3.085
4.031
3.981
2.723
2.641
3.684
3.003
3.293
3.753
2.479
3.903
2.509
2.935
3.793
3.486
3.449
4.844
3.986
3.662
3.893
3.626
3.279
3.472
3.022
3.989
2.456
3.488
3.87
2.22
2.919
2.164
2.313
3.271
3.847
2.832
2.999
2.319
3.005
4.832
2.667
2.872
3.929
2.431
2.372
4.323
2.756
3.619
3.13
3.216
1.764
2.964
2.239
4.366
3.299
2.914
1.619
3.413
3.738
3.569
2.982
3.233
3.341
3.925
0.838
3.076
3.793
4.097
3.824
3.254
3.318
3.145
4.432
3.657
1.583
2.751
3.582
3.398
3.675
3.468
2.818
2.595
3.564
3.574
3.452
3.145
3.042
3.378
2.989
2.802
3.617
3.531
3.341
3.34
4.331
4.053
3.411
2.876
3.126
2.736
3.25
3.707
3.891
3.03
2.233
2.754
3.47
3.751
2.056
3.357
3.207
3.093
3.686
2.014
3.093
2.874
3.663
2.893
3.77
3.218
4.062
2.955
2.473
1.776
