3.7468528460
3.5421810117
2.6885532124
1.4619457458
3.3598650579
4.6321533678
2.4736259954
1.5313582357
1.2036135431
3.4968340295
2.6690642385
2.4708810809
0.3665277945
2.3534039307
1.1885738085
0.6618114973
4.7458597492
0.6583131681
0.7344078509
0.3642060437
2.2118652231
3.2254060570
4.9248742384
4.1744515148
0.7335152113
3.3535222083
1.7426855401
1.7051816180
3.1432713960
0.2243627825
2.4331724384
3.9906400686
1.8817025447
3.8338105201
1.5222178587
2.5151105422
1.3915491976
2.1151748972
4.9576351939
0.1905503119
0.5840522080
1.9090076067
0.6774614751
1.4128976808
1.6273603594
1.3173313586
4.8627417134
2.0486188085
3.9976625165
0.3646045071
3.1949454926
4.8409875402
4.4690146254
1.9658880920
1.0789077719
3.9795476886
1.3189404311
1.9949983162
3.7464743465
4.0995112030
4.2056910830
1.8505490926
3.6748350504
1.6269431033
3.7820919219
1.7624738963
0.8534461572
2.4700452701
1.3933487428
3.1707465597
4.1467040807
2.5893714727
0.0458197672
2.6746046617
4.6239869781
1.9262057104
2.0049975070
2.2057496023
3.0778057660
0.6975603336
3.7988257116
0.4620121374
2.6037029407
2.8003698302
4.3726647325
2.0662138703
2.6669330103
2.3316659066
1.6110029705
0.0339317990
0.3912038610
1.3041398890
4.2453066574
0.6672172777
3.2498305523
2.9989748135
2.2847441285
0.9907905167
0.0611534347
3.9847321990
1.9050780188
2.9427097953
0.3452276628
2.2801026900
4.2195785447
0.1810087391
4.1104527099
0.0402958584
3.4337872560
2.1074381057
1.9454549249
0.2956977494
4.5933924364
1.4034983626
0.5972650900
1.9142355821
0.9020287545
4.4647887214
4.7413728812
4.0458526673
3.4847738800
0.8778350474
1.3779426805
1.7419334039
3.4653976463
0.8576259848
2.7223168939
2.3308734684
2.4135640264
2.0308415518
4.8635153574
1.0328343403
3.0953567494
0.3640841769
2.1239891250
3.4747494095
0.1604848925
4.4813264692
2.5152554962
3.4366814139
4.9467392866
3.2514057762
3.0107051080
0.7416131660
4.1417531532
4.8439805663
4.3779328634
0.5647557506
3.1695350900
0.5183007218
4.8731289443
1.1606759403
3.0608784190
1.1189407305
3.3097257354
3.6152977760
3.3095220589
1.5799343451
1.4986077200
4.4565674238
1.0373835498
2.9852893508
0.2093558711
3.9868558484
2.3104687002
4.7795344512
4.0284423008
4.9197058574
4.9209736145
2.2747647650
3.4638665286
4.1541289789
1.5300476448
2.4467408384
0.5549082264
0.3452687462
0.0397191712
1.2662162218
0.0445642765
0.8279406021
2.1122640944
3.1652033614
0.8305669870
3.6195300978
0.2021086044
1.2118446169
3.1639969162
0.8243006719
0.5211172171
3.7605674524
0.6633845284
4.1387753667
0.3753633171
4.6830280762
2.1734413899
1.1270836704
0.0333765709
2.2748688302
2.3534003928
3.0087005975
0.0961986403
2.9065392692
4.4282271160
3.3446704314
1.5127696983
0.8544919374
0.0901674668
2.8911475744
2.3352523832
3.2512191520
1.1773217521
4.1329719900
3.8435410973
4.0462294595
2.5749088699
0.4402220963
1.2326920096
2.4206796479
0.1439579510
2.1855739842
0.9882568353
3.4696130916
4.2573150784
1.5012878089
2.8500504917
2.7093655887
1.3556812362
4.0763104471
3.7528931376
4.2135685320
1.4841309437
1.6340233370
0.8421299493
1.8873140519
4.9550506872
0.5803961383
4.9916613409
1.5915804925
0.5451588256
2.0646757759
3.7428512511
1.8932070393
0.1763256845
2.0973168798
2.1646856698
4.0819363306
1.0720306230
3.8728389084
2.3802168132
2.5358212591
3.4088235319
1.4519976698
0.8735643507
4.3782497173
0.4960780488
1.0745298314
4.7880928936
3.8307365822
0.2842343300
4.6603386630
2.2430086459
0.4803485716
3.3038570569
1.2760329840
1.8663067440
4.4321725575
2.0230310420
0.2110294181
0.7911684480
2.6667443007
2.6423588912
0.7419258860
4.9555930431
3.8590801849
4.8542142539
0.0376221250
2.7369171424
0.0072822005
1.4206667906
4.0458962042
1.4402130979
2.8601239531
3.1829826923
0.6331648372
2.5292825032
1.7982056820
0.4307939462
1.9544050786
1.4686093606
4.3139469678
2.3225221279
0.6942660468
2.7523744532
4.9317498021
2.1676648672
4.8309469536
2.8912468743
1.5191198024
0.0289568540
2.2722822541
4.4585745814
2.7485123899
0.9666788778
2.6426014692
2.5548323196
1.5924315191
2.7826094913
0.6563904923
1.4134163726
4.3632338725
2.7970210281
1.6007682828
0.1633903991
3.9646891216
2.7440664338
4.1166280849
2.6974991654
0.8032497153
1.5498622632
1.5744210022
1.0192163596
2.6399495098
4.5801478135
3.1945522219
3.6039429212
0.5537622058
2.9428172612
2.6769117246
1.0905125112
0.9671158216
2.9027324221
0.4449922570
4.7943049448
2.2652111230
2.2255049085
3.8463029882
2.0175556693
4.1620878607
0.8924895922
0.4044379369
4.2315437621
1.4454056431
2.7157829465
0.8143992546
4.8655315042
2.7141641177
3.7899216029
1.0899270892
0.4955294229
0.9327126515
3.8222048866
0.5910953557
4.6597108480
4.1121507091
2.3277217360
2.5168666067
4.7047635588
1.8264794352
4.6154738488
4.4783546465
2.9974320705
1.0336403667
0.8513046724
4.5650408780
1.4173865883
2.3370015508
2.2001445482
1.6720749229
3.3213926962
1.2551824269
2.8284674820
1.0191321278
1.5652135248
1.7097294683
3.1075512091
0.7102954721
2.7600425009
3.0615725781
2.6844910185
3.7633974418
2.6864539043
4.9770404089
0.6819157554
1.3826439381
0.7934093852
4.8592489391
2.4155930999
0.9197175648
3.4659354142
1.7957846037
1.9638171830
0.2286169956
3.3864783868
4.0317888527
4.2314964105
0.1840528715
0.8660648639
4.0399480160
3.8886795873
