3.7659348318
2.3063438588
4.5942914919
3.9007574161
1.3882196526
2.0217976602
1.5518045095
4.1204092432
2.1836307714
1.7039995550
4.7640987114
3.8712058309
4.0411128559
4.9097806313
0.5178209817
4.7021051082
4.7457285503
2.9113916523
2.5307588667
4.9819406801
3.5669121755
0.4135050662
3.2319359146
1.3640727987
4.0309095449
2.5492242855
0.7414557848
1.7741663679
0.1174382384
2.7283893940
3.7416160558
0.2366966171
3.7838450156
4.9138678815
3.9716489952
0.2503028813
3.0488677694
0.2968017509
2.4123126754
1.8506273168
4.6213175816
0.3379562040
2.5263032840
2.3026086615
3.8859961060
4.0255128938
2.8745648575
4.0862966398
2.7499937345
1.5841302552
2.4911375130
3.4781806195
2.5878388635
1.9482375001
2.0399361431
1.2839819725
2.1250771270
3.1048452968
0.7311400162
3.8021635710
3.2786657669
4.0162777708
0.4936763702
4.7465073006
0.5816114368
1.6779150603
2.0001994537
4.9405716778
1.1017237295
1.9551660640
4.8542271177
4.1293619567
2.6039906653
2.0104750331
1.8735515590
3.1999447980
1.8773203217
4.2863361002
3.7531657269
3.6319639685
0.5642737959
2.3933045160
4.0438437843
1.7331329552
0.8026028349
0.6802350945
4.9339094304
1.4789901253
2.4561897984
3.3829549634
3.6319714072
1.8488224543
0.5172822066
2.7809219789
2.5934776861
0.9121401959
2.3792580275
1.7908899280
4.5554402254
2.5069874811
2.4777151393
0.5220796954
1.4988373747
0.8003980410
0.2862381277
2.9668497433
3.6698625297
3.9232713355
3.7311718033
3.7405023508
2.5978320798
4.0207976774
4.7971626178
1.4779118943
2.3532946067
0.7023717618
3.8627805807
3.5855008352
3.8144232351
1.9618976618
2.2044943910
3.8052258326
2.4384755859
2.0738251522
4.0995553656
1.8213033215
4.4689474846
3.8586124784
1.1464904307
1.6071588112
2.9146290078
1.6131547091
2.2990750040
3.6244098743
2.2963211625
0.1797449217
0.8096421021
0.4305971211
1.6183400532
1.2971679691
3.8247985120
0.8889932092
3.3485993654
4.9585087828
0.9361014436
1.4914049300
2.2121229343
4.8642594004
4.1156637808
3.3708204549
2.1630236483
2.7815264579
4.3582919453
3.2905507294
1.1096445138
3.2288940992
4.0945315346
4.2238035861
2.4526689416
2.1332314105
2.2604413621
0.3841692153
1.6481717780
0.1340189221
4.4282003704
4.6131690039
2.2340268457
2.9303007313
3.8755631735
3.5838342357
3.7316623523
4.3159677071
4.0511327751
4.1253695562
1.7443390259
2.3746883539
0.8664523639
4.2275762528
1.3720188139
0.2034975435
2.2956960721
4.6372450999
2.7212209886
4.7040247921
2.2105502596
4.9326855788
3.0413791129
2.5759133680
2.4336363165
0.1555705228
3.6180930862
2.0245945851
3.0110722212
0.4181004592
0.5149169812
1.6648084738
2.4266672193
3.8930129524
2.1111621583
0.1747979397
0.2905810529
4.5671868862
0.9314777673
3.8997688339
1.2084702415
1.5076526932
3.8171737795
0.4859483812
0.4882280525
3.8909748418
4.1284766996
4.8704594507
0.8760660651
1.0006052455
4.4858816479
0.3824535272
2.0781726885
2.9474234783
2.9178381424
0.1058312576
1.7554317072
0.2399145726
2.0571572090
2.9948714203
2.4542309528
4.0740455598
2.8613559712
0.9557574111
3.4244016083
2.4587705939
4.8798891742
3.3470301606
0.9845915009
1.9992292987
0.2767067580
2.2012281226
0.4253050864
3.3622366957
3.0782991536
1.2223438963
4.9304777529
3.5118535355
2.6594490170
0.0163034939
1.5804566124
0.6690558626
1.5210261873
3.5146535419
1.7439231917
3.3893000198
4.4416933256
3.5583441310
1.5355294250
3.0137368465
0.0993095201
1.7253659036
0.1123661579
0.2107243670
3.0247296990
0.7726096247
2.3990070642
0.1390045999
0.0528255280
3.2813602080
3.0015595012
4.5154550741
0.3207501558
3.9631352979
2.1203214663
0.2198320169
3.8952112680
3.5170763409
3.8633295143
2.0056477915
3.6179059775
3.3038679328
4.5549503257
2.9776528333
1.0860336826
3.4893944126
2.1210076333
1.1378298621
1.4432907272
1.7423615031
4.0016604910
3.9669883532
1.9719400572
2.2753605853
1.0228974557
2.4997279487
0.2400416528
2.6829042497
4.3652482255
1.0466034797
3.6769518857
1.0405094035
4.9629286851
1.8267793848
1.0976036652
2.4267687494
4.9975412244
3.5834403411
3.5603408681
4.9594781854
4.4076886783
4.3769856963
2.4783016433
2.5943469403
1.7000913436
3.3799606171
3.5802523202
3.0208043447
4.6403113300
0.6532745532
4.8687183801
3.6572523786
2.3339010592
3.6641604785
2.4022178442
4.8542418237
4.6342420943
2.1392942249
1.5509770473
4.2680423156
1.9746907354
3.7364048718
1.3739256654
2.9816281322
4.5036870047
0.7975724223
1.2368786165
2.2910324940
2.5766278454
2.0283606874
0.5510936081
3.3112787990
4.1425926151
2.5682292249
3.1369462413
2.3097478778
1.6631033492
4.3966911667
1.8040162426
1.2710813548
1.8602928503
3.0019416024
3.1467801621
0.9148728401
3.6500544964
2.4478067131
2.6603342992
0.7069062783
0.0494978125
2.4626148531
1.2247282628
0.2611346471
1.0254973838
3.5698500848
1.9468010080
2.5606476496
0.1810886571
4.0432240944
4.7077289671
2.2223743892
0.7583466609
0.1342267628
1.4812965845
0.3861515679
1.7102217098
4.4525467509
0.2662847280
4.9711298207
3.9902638377
0.0213740944
2.0360686441
4.9614857017
3.7995340633
1.6510148026
3.4348759232
0.9623748855
4.2761897124
4.2240956314
1.5441528924
0.6124486544
0.1177819508
2.9406733628
4.1707265352
0.1106310141
1.3823805002
4.7866698886
4.0531549978
1.3749131385
0.3560322581
3.5472399722
4.6916845537
4.4154855956
3.9251813040
2.7490755663
4.2440511187
0.7925422650
2.5185665986
3.4715168059
1.9230816034
0.4126233338
4.9394346336
1.0830580878
4.4273911169
4.9716135685
2.4919464376
4.5329158028
1.2437878624
3.6057965164
4.8023357402
1.8303951201
3.8052650550
4.4961306973
1.8732268128
0.0796145402
0.8632798953
4.4697305325
0.8067105965
4.7836015551
3.4446201335
1.9440980151
1.5470952660
1.7978684879
2.0843905942
3.7047812900
2.0771064149
2.0854472420
4.8459917906
3.0397786690
2.0417516555
1.4172630894
4.9105119763
0.1712314963
2.4527486590
4.0660435758
0.2114392461
0.9269519941
2.2646335896
4.8791969300
0.9413731546
3.3344330757
2.4233325658
1.4848878567
3.5164523365
4.6546314363
0.8216312767
2.7126450631
1.2681173580
3.1115733140
4.1967812591
3.1001371493
3.2728230485
4.7293994864
3.7572246555
2.9442593815
1.1262534399
