4.0715
1.8268
4.1146
3.4387
1.4131
4.1891
2.6585
3.7151
4.2778
4.3979
3.4986
3.9612
4.1241
3.3554
4.1566
3.853
3.3741
4.1018
3.5971
3.5876
3.9789
3.5284
4.7105
4.5493
3.8655
4.1272
4.0536
3.2113
3.1763
4.236
3.8775
3.4627
3.5175
3.564
3.8661
4.6112
3.9257
3.2292
4.0861
4.198
3.9003
4.7848
3.6364
3.3409
4.2169
2.7135
3.5487
4.1239
3.6794
4.0878
4.1427
4.4982
4.4153
3.6282
3.1223
4.1506
2.8672
3.4378
3.2253
2.3735
4.5107
3.6827
3.6957
3.904
4.554
3.9056
3.9585
3.4688
2.4013
3.2602
3.8575
3.7261
1.3886
3.3295
3.1629
2.2515
3.5392
4.083
3.8155
4.0584
3.8758
4.5735
4.5479
2.7056
4.7282
3.7958
3.6476
3.357
3.3141
3.6155
2.982
4.3459
3.7895
1.3677
3.1658
4.2834
3.5756
4.151
3.5583
2.793
3.4353
3.4726
4.4582
3.8327
4.3204
4.1576
4.5479
3.2142
4.1464
3.3784
3.0963
3.9012
3.6083
3.0706
4.0467
1.0338
3.7647
2.0822
2.3467
4.0075
4.0345
3.9171
3.9908
4.3127
4.082
2.8271
4.4101
4.1608
4.715
3.5235
3.645
3.9868
2.7643
3.8438
3.1433
3.8918
3.9855
4.1118
3.7444
4.3324
4.2187
4.0411
4.2042
3.8976
3.8353
2.623
4
4.2507
3.2269
4.2784
3.7367
4.5003
3.862
4.3344
3.7764
4.0476
4.3159
4.0671
3.5236
2.9397
4.7167
1.5089
4.4968
4.3933
3.9532
3.7143
4.3114
3.8693
3.9919
2.0446
4.0506
4.0057
4.5015
3.9909
3.9758
2.6246
3.6076
3.2098
2.6698
1.4757
3.8735
4.1127
4.1556
4.0197
3.0901
1.716
4.7167
4.2203
4.022
3.8982
4.0696
4.3691
3.3672
3.7334
3.6488
1.8445
4.1029
4.0536
2.439
2.4891
4.2633
3.6295
2.6981
3.6082
4.579
4.2492
4.1797
3.7176
3.7689
4.0972
4.1583
4.0113
3.7582
3.3547
3.6677
3.0023
3.4944
3.1068
3.6185
0.95451
4.489
3.593
3.7181
3.9082
3.9119
3.262
4.0069
4.1867
4.0837
4.3708
3.9388
4.0034
4.0365
3.3016
1.0615
4.3046
3.6878
3.2508
3.6018
2.3315
4.0762
3.6509
3.8762
1.6775
4.5682
3.9154
3.7536
3.9734
3.9556
4.2032
3.1188
3.8875
2.7977
4.2048
3.9966
3.9901
3.3468
1.6373
2.1549
4.568
3.3648
3.3528
3.7917
4.4052
2.6419
4.4779
4.4632
3.1904
3.1941
1.5603
3.5247
3.9533
4.7449
4.5568
3.6791
4.4355
3.9472
4.2048
3.7248
3.9996
4.179
2.1646
1.5706
3.1752
4.0363
3.3195
4.1349
3.8916
4.0767
4.0395
3.6595
3.9745
4.0169
3.5805
4.0999
4.627
3.9009
3.5451
3.7432
4.1414
4.4201
3.9001
2.492
4.0107
3.8043
4.101
2.6208
3.8664
4.1804
4.1083
3.4722
4.0388
3.0455
4.2612
3.5412
2.8799
2.913
3.9763
2.2169
2.4384
3.9133
3.6059
4.2162
4.1294
3.8495
3.216
3.8831
3.4962
4.2343
4.4715
4.1087
4.083
4.2828
3.8287
3.3279
3.9462
4.4926
4.3859
3.4813
3.605
3.6327
3.4738
4.0202
4.3611
3.6277
3.6885
4.6829
4.2582
3.6419
3.636
4.2628
3.4483
2.7764
1.8627
3.8273
3.8759
3.8469
4.1909
3.816
3.3915
3.8822
3.2022
3.7551
3.8187
3.9424
3.7549
4.1355
2.6571
1.0145
2.4079
3.5843
4.1005
3.8442
3.0533
3.8803
3.5166
4.5235
3.8034
4.1189
3.743
2.8966
3.4673
3.9565
3.6196
3.0278
2.8061
3.7188
4.2225
3.2441
3.9962
4.1235
3.7211
4.2
4.3047
3.2009
4.4687
3.8504
3.8185
3.9203
3.754
1.2765
2.8788
3.8383
3.6578
4.004
4.4007
3.0439
3.9453
3.5311
4.2024
3.6981
3.6415
4.3574
3.6098
3.7378
3.5384
3.8882
4.0249
4.0537
4.2722
3.2837
3.0186
4.3137
3.3183
4.1726
3.6228
4.2233
4.1844
4.6006
3.6699
4.1556
3.7876
1.8573
4.01
4.1146
3.3152
2.2631
4.5917
3.8919
4.0091
4.3273
3.7128
3.1429
4.2236
3.1626
3.7398
3.4837
4.0661
2.1329
3.3673
3.8195
4.0671
2.0151
2.6016
4.1055
3.5594
4.1034
3.5066
3.9079
4.3542
4.5392
4.288
3.9697
1.4068
3.1
3.5081
2.5363
1.7733
4.1556
4.2128
2.5307
3.8828
4.0059
4.1399
4.3877
4.8779
3.8923
3.6089
4.2346
3.2658
3.0756
3.9746
3.8044
3.7412
3.6341
4.3475
3.6025
4.3946
3.9049
4.0838
4.244
3.0681
3.7547
4.0631
3.6465
3.9874
3.9036
1.1257
3.2142
3.8047
1.615
4.1808
2.451
2.8837
4.3383
4.2604
2.2496
4.1454
3.3997
4.0939
1.728
3.7692
4.3057
4.5242
0.69615
3.9042
3.2215
3.1749
3.5116
3.9925
3.7867
4.6198
4.1255
4.0378
4.1037
3.8745
3.1602
3.5848
3.3433
4.0152
2.1119
3.4824
2.4574
3.8946
3.1873
3.7832
4.6833
3.9516
1.5322
3.7199
4.3072
1.6325
4.8019
3.8288
4.0728
4.4319
3.8032
3.5972
4.1189
3.8806
4.026
4.0655
3.8558
3.6386
4.0703
3.6936
0.80172
3.075
3.9894
3.3749
3.4685
3.9799
4.6853
3.5809
4.42
3.1883
2.9126
3.9855
3.9894
3.7875
4.1763
4.3387
3.9819
3.9213
2.7603
2.9965
3.9159
4.2777
3.2639
3.6413
3.7187
3.1328
3.8446
4.2154
4.3646
3.8162
4.2035
3.8989
3.7731
4.1936
3.1818
3.2759
3.3937
4.721
4.0959
4.2011
4.1544
3.9606
2.4277
4.168
4.1161
3.3491
4.4678
4.0053
3.6752
3.6489
3.983
3.9575
4.6402
3.8549
4.0719
3.5062
3.7374
3.5337
4.1039
3.8475
4.1207
3.4628
3.6517
3.831
2.5421
3.7505
3.3279
3.5493
3.0154
3.7977
4.111
3.9272
4.1368
3.9726
3.4555
2.6676
4.1764
3.7117
3.7647
3.7441
2.9932
4.1446
3.7767
3.9718
3.7968
3.3481
4.1281
4.5926
3.7354
3.6524
3.5193
3.953
3.5616
4.0213
3.4015
3.6775
3.4888
4.1832
3.9906
2.6809
3.0757
3.5663
1.9913
3.0194
4.0936
2.2467
2.8102
2.7798
2.701
4.4078
2.9863
3.1263
4.2979
3.4467
3.1403
4.507
3.5693
3.8958
3.4125
2.2598
3.375
3.8261
3.435
4.4344
4.4127
3.8716
2.0509
2.1118
4.3242
3.7252
3.7001
1.5208
3.3233
4.4096
0.72918
2.7146
3.7851
3.7566
3.9912
3.7047
3.6725
3.8881
3.6445
3.9899
3.2166
1.6446
3.7373
3.1257
3.9891
3.9196
2.1316
1.6843
3.4794
3.7958
3.2901
3.6565
3.3985
4.0729
2.1351
1.4642
3.7509
3.4611
4.5956
3.5578
4.145
2.9732
4.1244
3.0214
2.8346
3.4351
4.1641
3.6307
3.5883
2.721
2.3403
3.3847
3.0118
2.7537
2.5066
3.8298
4.018
3.7428
3.5288
2.3254
3.3971
2.9986
3.5737
3.2901
3.8492
2.7244
3.6735
3.1339
2.7084
2.633
