2.4097
2.2239
1.6137
1.5439
2.053
1.9066
1.9742
2.0473
1.8807
1.488
1.9864
1.7951
1.9966
2.2915
1.7812
1.8513
1.7031
1.8477
2.0403
1.9946
1.2582
1.8679
1.4275
1.8679
2.0187
1.5933
1.5307
1.4083
1.77
2.0139
1.6308
1.6723
1.1145
1.5032
1.9987
1.9539
1.5422
1.7254
2.2502
1.4821
1.8437
1.8679
2.1476
2.3638
1.6467
1.3753
2.0131
2.1746
1.8679
2.0002
1.8513
2.0533
1.9288
1.7517
2.3568
1.7914
1.3771
1.7368
2.1563
2.0187
1.8362
1.9743
1.6432
1.4821
1.7676
1.6733
2.0131
2.0131
1.1203
1.9755
1.3022
1.8167
2.1476
1.1916
2.1527
2.0187
1.6629
1.8513
1.6018
2.0141
1.6432
2.0174
1.8916
2.053
1.8916
1.8513
1.4821
1.7933
2.2218
2.0187
1.3608
1.7531
1.451
2.0384
1.4128
1.9845
1.7933
1.6524
2.1563
2.2942
1.672
1.714
2.053
1.9337
1.7695
1.8821
2.0394
1.8513
1.9337
1.7904
1.7091
2.0005
1.8513
1.7669
1.8886
1.8679
1.9298
2.0005
1.508
1.7704
1.7994
2.1536
1.4619
1.7176
1.3771
2.0572
1.642
1.8114
1.8916
1.7933
2.1566
1.6299
2.1446
1.648
1.7854
2.0005
1.8916
2.1812
2.0403
1.7779
1.8513
1.8037
1.5741
2.053
1.7293
2.0002
0.90896
1.5634
1.8248
1.4655
1.648
1.2958
1.9449
1.2958
1.8725
1.4661
0.96875
1.1158
1.5684
1.8513
1.2002
0.93011
1.4867
1.7695
1.6223
1.8354
1.7136
1.4196
2.0187
1.123
1.9667
1.9337
0.90233
2.0642
1.5599
1.5457
1.9243
1.6543
1.5589
1.6474
1.8679
1.9337
1.8202
1.6029
1.9633
1.7792
2.0005
1.7917
1.728
1.7391
1.423
1.8513
1.8513
1.4821
1.8737
1.5249
2.427
2.0417
2.099
1.8513
2.1563
2.0187
1.7035
2.0187
1.4821
1.6223
1.9974
1.7039
1.6437
1.8723
1.3771
1.7669
1.6456
1.8747
1.8567
1.7039
2.053
1.8911
1.8271
1.9293
1.5427
1.7046
2.279
1.8143
1.8513
1.7933
1.583
1.3547
2.0403
1.3655
1.9078
1.5143
1.6333
1.6247
1.4821
2.4155
1.7636
1.2612
1.9101
1.9883
1.8642
1.6226
1.6354
2.1563
1.5535
2.2239
2.3179
1.7146
1.488
1.3858
1.4808
1.8761
1.7736
1.5691
1.5497
1.7418
1.6705
1.423
1.5794
1.6186
1.8761
1.7039
1.8916
1.5794
2.0403
1.9524
1.6409
1.4619
1.4531
1.7035
1.77
2.4415
1.648
1.493
1.6614
1.4718
2.053
1.6966
1.3128
1.8916
2.0172
1.8447
1.9337
1.8367
1.7933
2.0329
1.7695
1.5457
1.4062
1.8916
1.5013
1.9239
1.9667
1.5249
0.91539
1.242
1.9009
1.7752
1.7035
1.8053
2.1563
1.9371
1.9778
1.7039
1.8734
1.4806
1.8916
1.4353
2.2239
2.1165
1.7391
1.9588
1.9337
1.6299
1.4701
2.568
1.94
2.0187
1.9895
1.9517
1.4808
1.884
1.7731
2.0624
2.0232
1.7216
2.0005
2.1563
1.423
1.8679
2.2502
1.6543
1.7936
2.0005
1.4866
0.95025
1.7282
1.9944
1.8672
1.8576
1.2677
1.9337
1.4821
1.9929
2.1554
1.623
1.7933
1.728
2.0755
1.488
2.1492
1.8513
1.8916
1.5249
1.6727
1.6184
1.4752
1.3394
1.8679
1.4806
2.053
1.3771
1.8513
1.7508
1.8679
2.0109
1.7039
1.5675
1.7933
2.0187
1.8916
1.8008
1.4655
1.3771
1.8737
1.2626
1.93
2.053
1.7391
0.90896
1.8165
1.7551
1.6606
1.4742
1.9934
1.6162
1.4808
1.8103
1.4963
1.4722
1.2667
2.1541
1.0058
1.8236
2.2218
1.8513
2.427
1.6406
1.6649
2.0167
1.6215
1.8513
1.8916
1.3608
1.7769
1.4808
2.1367
1.8679
2.0187
1.7643
1.9991
1.7107
1.6305
1.8645
1.6656
1.5477
1.1595
1.8713
1.1595
1.7695
1.6494
1.7531
1.3927
1.9337
1.5976
1.2032
2.053
1.8679
1.7695
1.4961
1.7342
2.2523
0.98239
2.0187
2.2516
2.0146
1.9907
1.4004
1.7906
2.0364
2.2239
2.053
2.0005
1.7349
2.0005
1.4597
1.8916
2.053
1.9135
1.8725
1.8642
1.632
1.384
1.6369
1.9947
1.2354
1.7933
1.598
1.423
