0.3100929703691832
0.3162929547563409
0.6313607347402395
0.5743471661337161
0.40044350251245314
0.6386168603808932
0.3892194283677658
0.6680748204139927
0.7612784771531859
0.6454813762846887
0.5620367126353748
0.5086879975019646
0.438460926432435
0.5293482488303037
0.7125782437143302
0.5943571854407139
0.5112871649529741
0.5953738497612735
0.5212454558020608
0.38991479726502953
0.5375918124949884
0.6340126149735212
0.8460872274428691
0.8512894735345589
0.48762388798607426
0.6805225587538067
0.670628804471667
0.5086646709490626
0.38274969581011375
0.7950065226186784
0.7396277594241427
0.4410352682745036
0.6245276678321647
0.3804425700664703
0.6190089824470808
0.6939273103998732
0.5790452907115862
0.41866370528474095
0.5270976411989495
0.7044763885955979
0.6042295171507867
0.9618557944851516
0.6235263300486965
0.47433134902771024
0.8462798581080231
0.3159030362554763
0.48456790897526014
0.6145457423721441
0.46772899897243125
0.6567957990026466
0.6174702282887776
0.814426032006034
0.8361391152523882
0.6073702221082669
0.759700376448035
0.5312042386005478
0.599783758623703
0.5741204250742717
0.49590319347077866
0.3239361330297185
0.8210567096367265
0.5527742780373975
0.41168606640058464
0.7256495550420711
0.7653406167274366
0.552233630780491
0.6195063208286687
0.491974547644713
0.41073377940532674
0.4623627812198063
0.7387206583637521
0.5648578705173396
0.28773574501804916
0.3958751998216621
0.4351191251304267
0.4383425073382539
0.370911842402312
0.6648904504026968
0.48644124497769525
0.6192112689321784
0.6247753987446156
0.8382865783572375
0.854198165406065
0.3068608289790927
0.8008966054378137
0.592012172910828
0.5691514982016991
0.7339891739304958
0.5509037417628793
0.40869208075148233
0.5047616599539677
0.8259605967607211
0.4418911853537435
0.4098158192187742
0.49478600213827806
0.7166424238937934
0.45728364703431856
0.6838278924741715
0.4354533661050359
0.44585640413765953
0.3231614692820111
0.45921690520508596
0.6767495909720789
0.47044729707395244
0.6389969840202252
0.77840728940653
0.7225386626524838
0.377602995875075
0.4564548032240632
0.502195154782392
0.4588876931712409
0.4594777263830206
0.48684445070403576
0.6906122889420827
0.6724650443560526
0.28579551619233845
0.4885652326344192
0.3205197776875675
0.5161747152736954
0.7678362495783503
0.5706461810864562
0.46798770749811636
0.5584979181693922
0.6669515955313211
0.6759063156035896
0.5538389216416828
0.8508901201507314
0.728627714954601
0.7623737480948686
0.5292175330210521
0.5261471943447534
0.5148313942490249
0.6228911115052477
0.5579894747185989
0.4913821492639081
0.5675960576451097
0.7067130227718332
0.6221973742489939
0.44502241908104173
0.627916283938418
0.5055037964861491
0.3268649225053392
0.6647703141775527
0.6267824166968579
0.6736076041072991
0.6931662077398469
0.5491883132075696
0.8406769146918671
0.4188787705530753
0.5745581017353651
0.6330482785285433
0.7717687130387646
0.5258640532564133
0.5214125803158093
0.3951270949642235
0.46839188654602903
0.7326502445832054
0.6993410857496218
0.7812760833926402
0.6293712956284654
0.8065591756176447
0.46560666449548116
0.6981241496412384
0.833958931569707
0.5810843827617977
0.44932053205156164
0.6646132147510505
0.5001003310878208
0.6652015052495025
0.43964874284762356
0.7203659810954084
0.751839417182695
0.8983870002846124
0.5111415396930894
0.4692595431461392
0.4198504862677056
0.5180613190294044
0.4235548477661995
0.6813297914746417
0.2373373163099966
0.7115180770363306
0.5305289473976016
0.5838214667703554
0.6286798877849716
0.4596245813426832
0.4355931743167379
0.8213700303209863
0.5074975769991794
0.5827209735875465
0.5304843367711377
0.705813586252971
0.7882975246989783
0.4877369565379879
0.4642611819862116
0.33227252529292517
0.5341103123370226
0.6645082088393445
0.7601623793235454
0.46086672798541484
0.4937964792389348
0.8105128225667451
0.51773952915812
0.5319393962634139
0.5034658206492982
0.8072024645911764
0.7552191633876771
0.6974051680712008
0.42731813600084245
0.5309727686753044
0.3864787964034766
0.6615324804060019
0.6657961503051222
0.48835499644056346
0.47329098438487216
0.48956273780824666
0.7017848129591163
0.4146260115804331
0.41122307964893495
0.5936430193221169
0.2875996876269636
0.6225020402195928
0.5595179834569254
0.654021103784625
0.5598029715876642
0.5118012034817078
0.23594329113502346
0.567726172582022
0.7135171284633799
0.6743421336912588
0.5543162128928404
0.5379452982621279
0.5366127378721273
0.5927095195920047
0.6161243746932642
0.30885826325601135
0.7163647703665266
0.5341298134150645
0.5382724561337239
0.5768841262600818
0.6218742674149854
0.7032364571762172
0.5770719764421058
0.5281928986771485
0.3889388060265999
0.70616223625868
0.3276704106810812
0.4236697952880452
0.6094999077001707
0.6387879013703989
0.5794871355154623
0.46227937166369854
0.5065408029797314
0.35566789841885044
0.7477641071863604
0.7406548325463639
0.578511045734891
0.6694154816849534
0.24450185935138977
0.39904851953558346
0.8198090082643513
0.43063399873357516
0.6170610649735657
0.4988443173991093
0.7051848496484693
0.6867277344421617
0.6418702864723433
0.8296062718265819
0.41074659776802314
0.4919193110602719
0.5106797060389138
0.5379622912601905
0.7926431930629054
0.8329817317747336
0.9065125331117493
0.6125593382389134
0.5865927228356727
0.4704063732468766
0.820397063749441
0.43912084847034627
0.5081950526102993
0.6822636149813497
0.5808871801159301
0.386083553480505
0.37501471974339357
0.6643918046231521
0.5700965383318173
0.8112684503867423
0.49348943475144386
0.6446248553083465
0.6298132924923482
0.42930903751091476
0.4825561906630161
0.719693377365608
0.570297610429156
0.8465989611274679
0.6966270647028487
0.5947172530465663
0.6264452440065444
0.6792370300257827
0.7241723206271609
0.7705668066584552
0.3896798467040523
0.5995995221182807
0.5024616521556412
0.3006047922342202
0.5501169458339825
0.4628086463659861
0.6583905440269022
0.7512849416833427
0.723211564963314
0.46325829798806784
0.558826448534543
0.46276677008286826
0.7581029447975092
0.5129776815306484
0.5550780507785711
0.48360041560017236
0.6013072288652332
0.5151745514572369
0.4077951573814842
0.5412174650990178
0.4744508615978894
0.7788992655475452
0.5885727439412144
0.5053205813252238
0.48295792438898844
0.6127630565462444
0.4822721787131412
0.7126088336316163
0.816800833270058
0.6508228470081696
0.6747262967332661
0.5146830847586972
0.6776750344392637
0.5550299174929155
0.5975118598936602
0.8236755900915225
0.8183646797407568
0.5916336979128417
0.34252824767347617
0.5249929891600056
0.4588774876638009
0.6722378464641667
0.7995775988092869
0.7225536493854449
0.49437063635912976
0.819199015064231
0.6562695794507265
0.4146059753378541
0.6055710177138524
0.7019690386289585
0.45805422384516814
0.5733092302271496
0.5441857115889855
0.6831830052667673
0.5292802275935999
0.4495050132665118
0.5009071393104053
0.48905178954383866
0.5590104504387124
0.6050106917666866
0.38770562242535617
0.5705318877328556
0.4439391756400202
0.7646982866400089
0.6137803223298282
0.7179188623566947
0.42299118533104063
0.30813443600384594
0.5806000992362246
0.4839585290787387
0.6564501893060555
0.477226821663952
0.5453196935135787
0.5322528660897757
0.47368776978744637
0.5954564703634491
0.654478184580762
0.7192180914917409
0.5730706977987577
0.48389872640706144
0.4887690876835852
0.7496417411444649
0.636538581153353
0.3570717322911455
0.5598963094371938
0.6290701426726055
0.6165921674532617
0.4052934603127136
0.7259184393519329
0.6584531285462729
0.42319483130015934
0.6580704228024713
0.3968644524097012
0.2645450730716428
0.830817933239255
0.5679550619760568
0.4601858469637494
0.3522619905879058
0.5300961109343215
0.28579551619233845
0.49002399920245304
0.4897099377784976
0.5956182091219002
0.5377845786937122
0.5833489153175743
0.6464719285650552
0.5527288531558139
0.5132444235044289
0.6929469170857858
0.38325752851307454
0.430198675946662
0.797733142383507
0.44227266949754407
0.5973109962448832
0.5387226392132134
0.6295626988424878
0.47438751881128166
0.595269898318367
0.6463248816411281
0.320165169006187
0.3868032746637348
0.5846158740873767
0.5293403413077837
0.5747531463039246
0.4805652765892192
0.6626318408185072
0.5825477900291944
0.7526392798831995
0.3180464781342522
0.6863370591196527
0.5015497409505936
0.4067346909491042
0.6592143422298197
0.674451450651858
0.4827286230679243
0.5921666018194811
0.7254025117601461
0.5204417940002222
0.29700261830272967
0.6041435955445229
0.5467920239890448
0.43745874306234733
0.7119822380340085
0.4369315491222076
0.4979950126573295
0.5633766830890982
0.6665973190020286
0.34593241254487034
0.46228633497400007
0.7238522114995226
0.7222127642303156
0.34187899604605604
0.6551269500439368
0.6370570035342551
0.4370619422478246
0.5462560294000156
0.538999141678485
0.40951194855685835
0.7391749177601439
0.826852285548237
0.8180067956006036
0.5310034632753502
0.33373300185452737
0.6293712956284654
0.7219483781242242
0.4827032343485265
0.4643645834786761
0.6402502589225683
0.5342853075713175
0.3986942607202607
0.6481680797627778
0.6379141209788282
0.6194617641849355
0.8264153200978794
0.8707523071202439
0.4895155530054399
0.5328844628648602
0.7593221651607234
0.5253098648069932
0.40983963065474505
0.6704852646695774
0.6685748343189535
0.5070732589746642
0.7339786374241819
0.7378337516015887
0.5286844977214307
0.7580367429993504
0.6863356804512467
0.696588763487225
0.5742176405993127
0.43676871489293295
0.4486302922895995
0.7450034790845325
0.41914372459974086
0.6348939171213832
0.3679171574653254
0.28773574501804916
0.36323887383181336
0.5966363491649649
0.3704799745883347
0.6905264503130473
0.5270591487887432
0.4056730371261934
0.4691900283847689
0.8624322064765
0.7203429646818675
0.7248539546054417
0.4527197616566845
0.6322963586731527
0.48822135781493803
0.5509500626559525
0.6919462101941929
0.7428938460921766
0.3580026872049293
0.5200609911132692
0.6872066586771878
0.42131950619691516
0.3480935049869589
0.6296349958890866
0.5868159829398263
0.7656209331877326
0.8518145830495302
0.6591950704399797
0.38682470401766217
0.4156394746649116
0.3654423232035625
0.609554570392947
0.6258680917310588
0.6041752507319278
0.407189904661023
0.4668694406885246
0.6682855120302822
0.614442938317882
0.4972533672972608
0.33836266909673957
0.9028365994035743
0.5783109199638122
0.3534945555964588
0.640940583640708
0.5151789945002399
0.3213153634099474
0.8506139019565198
0.5794811770905036
0.5599627056254064
0.6356415034416955
0.5351060600283264
0.5319449836489134
0.42753413975417653
0.6717011931419397
0.40735121998917
0.6073953285135671
0.7610204444794295
0.4505126693085316
0.6320086076377757
0.5029506494027987
0.28579551619233845
0.39599552141262223
0.6658734435369227
0.4412769719524017
0.5447210942388605
0.715862065089959
0.7535935136252309
0.5922002817759161
0.5359664063905276
0.5227654429201889
0.5556963705012797
0.6924382625822976
0.763341452274187
0.6251881604576058
0.6836101040512088
0.5843146858804115
0.532354203572779
0.6295803360083764
0.6552335900041553
0.533597258962066
0.6111693451080096
0.7675733836036527
0.47025846147844536
0.4844183152601966
0.6496957765228712
0.6151874295923492
0.5414352880034488
0.5943679505652324
0.784470102790318
0.652737460036915
0.4578162777303629
0.42711200161287166
0.473768510812852
0.534607495094859
0.32772890413552624
0.3389225293618012
0.6105796023997034
0.8228660547439133
0.6981396255441081
0.6522271242888049
0.5486086203219444
0.6231634980813485
0.6898880125690966
0.6358182298175586
0.5465547917300374
0.32425982895429845
0.8299231765399464
0.5138033031235204
0.5926154143281896
0.5129361904819655
0.608147858645628
0.447077843412426
0.6977921166198617
0.5011437609406725
0.6437260768784246
0.687817254203293
0.4694806058765093
0.6282508026172685
0.7099242925116789
0.6745106302435836
0.5205731009129235
0.42516251900429447
0.4719213496678181
0.6865657853003531
0.5303396207330568
0.514494176890318
0.6293389900051738
0.4243058601000548
0.505139545378812
0.5869806047178411
0.6315978659013696
0.6297336713404698
0.7521362198652404
0.7401971274811742
0.5127751629666
0.4182854996454318
0.5422873465662061
0.6314642776910298
0.4192264644395114
0.619431319629936
0.4270109518091083
0.5701040707806458
0.5705783560310073
0.6912758800008187
0.3681952043537251
0.49819124390382313
0.697354714957835
0.8890706846914141
0.6040025345716672
0.4551523074438782
0.41869746688072745
0.7425544570321275
0.5189485545331747
0.5091706621530295
0.31744193802907156
0.5122635085770324
0.3623539861200296
0.6818272144074837
0.7157270052538098
0.3431659822135603
0.566814375556973
0.49199557688205536
0.3961600378171383
0.4669465840989213
0.7239116304819644
0.45913166025350954
0.562683730829168
0.5567068352033684
0.3756810836543665
0.8235861243532402
0.48875383295625274
0.41302268869111536
0.8509815147171597
0.4260418525449231
0.3959740433280451
0.681627323617947
0.41309287530445227
0.5572812612685738
0.5233837868265793
0.5669090255238931
0.34696567768267245
0.5370565321112384
0.36264543810574634
0.7327669809302225
0.6851170854160956
0.6138361897975586
0.3266625088845613
0.4897646028686179
0.7537303340164165
0.6115647400752344
0.5651702714669973
0.5656171164682394
0.57487061239417
0.7708721673640112
0.30580193512360887
0.6170582774819018
0.6540446140196967
0.5872305528666792
0.7706740429552755
0.5879523408784535
0.43356682713016503
0.4998322496333217
0.7048712493699889
0.49985822407792974
0.5392243964319318
0.3370553809141417
0.49731143270253975
0.48848474596477587
0.5752182276855585
0.478527720341187
0.40660494581542966
0.4778411936751178
0.48191312319355906
0.3952378992641612
0.7006805515589599
0.6635720183908248
0.46732830072860737
0.6530023705838885
0.5121570851291808
0.4941300879091639
0.6482710542069664
0.6393468916873618
0.748422853628208
0.5502662822065348
0.6256731740638444
0.6520980777098444
0.6732948439889037
0.508897996584044
0.5145975373046929
0.4365649648624051
0.7531587781600191
0.7673452835098421
0.5128761968695923
0.47748952767701663
0.3755625254749683
0.5956723620344428
0.6007684402547024
0.5102809476570455
0.3041417776008873
0.47212640495902525
0.502149100850082
0.5119382294168696
0.6375491593163782
0.36554960009904514
0.44268268969905916
0.3952978599116174
0.5205923262152748
0.4676848177942745
0.8035872707142449
0.5206529680767902
0.5049277974303121
0.396060641294456
0.3257700905261717
0.4132959205358366
