0.83439792431291
0.554718915628375
0.6448892077465626
0.9999999999999998
0.8021370823300955
0.6697869646887368
0.6589303913435738
0.3317560079444801
0.3317560079444801
0.8021370823300955
0.08283721335972861
0.5686838929148684
0.09211547359068221
0.3315105390297305
0.3781311477836751
1.0
0.6371847679668268
0.7328981037489102
0.7114315735212449
0.8046674216571295
0.6571873657226596
0.2340079550830471
0.8014784866776586
0.3296941299943969
0.528871212121212
0.9999999999999998
0.09116136853320457
0.8021370823300955
0.6492044628867327
1.0000000000000002
0.6591630684994252
0.3296347486394726
0.5059087979234324
0.5053498153783142
0.5382447226369681
0.5059087979234324
0.5059087979234324
0.3307324973876698
0.5177878787878787
0.3294835511375367
1.0
1.0
0.3378341761073341
0.6477156556645852
0.724812690137104
0.7099356895511304
0.8039159622542459
0.6371847679668268
1.0
1.0
0.41778754666892187
0.08588921551239752
0.32461283983199535
0.4274606549039315
0.2446038083330167
0.5059087979234322
0.5532427967730547
0.08493572471636433
0.5059087979234322
0.5538343679461739
0.3326267773236615
0.8021370823300955
0.2881555714612116
0.533827451289323
0.32968839184604465
0.5059087979234322
0.3293431159225383
0.5059087979234324
0.09105966607508888
0.09077668145377876
0.32111574882040694
0.33008351032240435
0.3375596070033312
0.3375596070033312
0.3210883413085966
0.16863346541376947
0.8021370823300955
0.8021370823300955
0.5059087979234322
0.31927741827587175
0.08493572471636433
0.32118019280295723
0.32118019280295723
0.45809975376888185
0.03839379290111012
0.5059087979234322
0.6502371268275744
0.07520814029797501
0.09733278709507387
0.6477156556645852
0.3087343562234633
0.5354338929148684
0.32922791205347085
0.32778371133282175
0.32778371133282175
0.32960281191762064
0.32960281191762064
0.32960281191762064
0.3555622181078324
0.5059087979234322
0.5059087979234324
0.3030928888349498
0.558657523529259
0.09480052493438322
0.09640628074237985
0.6472865576099087
0.6470838158844618
0.46913881337183977
0.08545027531708803
0.07285454448887542
0.3297296278384887
0.32968645550001874
0.22594972380706804
0.3254404320121679
0.4834182347529058
0.5059087979234324
0.5059087979234324
0.8097859256027986
0.17279220642517926
0.6470779774942316
0.04221156601772794
0.05434833407512552
0.3294835511375368
0.0860887430348999
0.32727651960015075
0.05434833407512552
0.2912894431187022
0.3315550665134002
0.387876442872611
0.5576550112114075
0.32230717869523623
0.5059087979234322
0.8097859256027986
0.08921911230224161
0.8097859256027986
0.09129218646412159
0.08866666666666667
0.5177878787878787
0.0518970956189637
0.07904809301239361
0.3239326342401205
0.3296347486394726
0.11371816847275007
0.05294576145179321
0.08332003556570985
0.3211801928029572
0.32466396867876846
0.3261278559399694
0.3282722173745518
0.6371847679668268
0.07006330177197992
0.3294835511375367
0.329772581917526
0.6485287336414653
0.528871212121212
0.6505671727682434
0.553244042127694
0.22672676864256802
0.22731308873292463
0.3085083875529896
0.3413413285505399
0.33864209664209666
0.533827451289323
0.5059087979234322
0.07356230922844924
0.06929250126807958
0.5059087979234322
0.8053540970077624
0.23229752093702963
0.087071888530897
0.732480464242036
0.08818670895362532
0.0775942949512595
0.07678758580222024
0.32145090571938784
0.07945258417293667
0.32787223704110174
0.06877922982552075
0.06920741464465996
0.3296637742070466
0.3296637742070466
0.09139921402246241
0.08866666666666667
0.31998509474594106
0.15181937275571086
0.5559806390796218
0.04334139563488207
0.5059087979234322
0.09670724459828839
0.08565968001392539
0.2251706244502283
0.07687516250033678
0.5059087979234324
0.07421744637343863
0.6485287336414655
0.1584173853445488
0.6371847679668268
0.07917169629316556
0.6411117700469041
0.569958131474773
0.07678758580222024
0.09019279471988466
0.6371847679668268
0.19297072448754637
0.11880323731360093
0.07025875745136216
0.5059087979234322
0.6458610438512343
0.0753028215614912
0.4559982921025696
0.0485
0.6256009278040925
0.5305590292823427
0.14223797411038427
0.05891429527019059
0.282202626166257
0.7044456885480886
0.5059087979234322
0.5059087979234322
0.5059087979234322
0.5385567357494949
0.32993118636073293
0.322884956876324
0.5059087979234322
0.4780324289206296
0.04464581623120278
0.170098384007605
0.5375701453549433
0.11895881640298882
0.06892229516784834
0.07381287201913347
0.18571063173459923
0.6473539207553384
0.44673808176360263
0.9556666666666667
0.12090674651357822
0.08581044294056647
0.36965805462590184
0.07287276648368159
0.23553386886757388
0.5515801131100131
0.24169791706598692
0.2402376086969939
0.20732967525702245
0.07518578708588197
0.08536523236468876
0.07986850924666403
0.051952122223659615
0.06865034606456835
0.07818479004062241
0.15146161455799595
0.17208874725678108
0.6480475003020197
0.33052987717315524
0.2676819531135189
0.31965566973468423
0.5508652716181988
0.09890143214656227
0.0811551989310277
0.057323666248638064
0.044333333333333336
0.32480046009798913
0.10580687158228864
0.555036986374499
0.07759371929988598
0.060553048579627754
0.15942163383813623
0.5547776617223918
0.8021370823300955
0.6570359091529041
0.06799550929577951
0.2461420437814386
0.5527821185279053
0.8057766082249984
0.3296278729185626
0.15187744395361025
0.5021417897477919
0.07278192228524487
0.31408697840091904
0.8097859256027986
0.0632489392688691
0.07599713935791802
0.46297592778352126
0.09489948465178646
0.478599997309445
0.3195821574235095
0.17783800113792872
0.32059391897871214
0.34208119247451935
0.25447835136847274
0.32315216585380113
0.5059087979234324
0.27419989858384347
0.33864209664209666
0.08266898353934926
0.07422878518100193
0.07195257731958762
0.14699280560675734
0.5059087979234322
0.08034693289559107
0.21425705735703998
0.038456979931580926
0.17561011855366973
0.3971293673878863
0.2304047735207631
0.30471751563911004
0.12793107259653827
0.05249918108779994
0.07709304164338508
0.07753989031007105
0.07853724337166339
0.353976161139245
0.45365168650597043
0.08006326605504584
0.05034564481266693
0.5440750464915624
0.08956991913433068
0.09750839442390143
0.3482986726907471
0.3212806607055133
0.08539765971569037
0.5059087979234322
0.0988404322673729
0.04547269784935791
0.08227697524066994
0.06011200678640572
0.09843868739205527
0.4309325742037288
0.07823986196385468
0.07678758580222024
0.09656395959487958
0.06257142857142858
0.5296983330584649
0.06891702912918829
0.03839379290111012
0.071169806828796
0.08484091485311798
0.07929970239959709
0.23183733742733617
0.6448892077465624
0.0771724267900869
0.07941934617898344
0.07518578708588197
0.0539890764624324
0.08162434183261501
0.08648236066980049
0.06051153033551946
0.4956212121212121
0.4027864321372684
0.07961219992208397
0.07518448604666986
0.05691967795102401
0.08303486674430188
0.5610914648081063
0.10375313245637054
0.22990745930688894
0.07803830899328473
0.49598264309754225
0.5511184562678835
0.0903362533593077
0.10106376106485035
0.06999054933926277
0.05152588676323855
0.07334741648230755
0.22726072289622906
0.5059087979234322
0.04137928171146641
0.23264800045114858
0.6477156556645852
0.5059087979234324
0.8936552185548619
0.5059087979234322
0.0
0.08071086360075434
0.07714074946546154
0.3707801847483574
0.07978476361415571
0.38642859928420537
0.07331228701440697
0.4622976654672304
0.40145926505156343
0.24563149342327126
0.07305904078248296
0.049058167488840385
0.14761522056459503
0.08157679932906674
0.05389173544594371
0.059818361723502377
0.5508652716181988
0.08991285749148191
0.057597996776393046
0.06177730251632804
0.06402956484611007
0.2173996576785185
0.055294895703685565
0.43324083749462017
0.07292780762509503
0.36425507331273205
0.22968819537107985
0.3075484442250904
0.2910305430722935
0.43750008141795693
0.45809975376888185
0.2394396094781826
0.0767381834872431
0.07586945599697087
0.06811144302995625
0.06433555530805897
0.06245261838437356
0.05222372678720231
0.0981142607956074
0.08499091521870855
0.06080015704064257
0.07864218007762942
0.45677003585550546
0.05482376799821752
0.17865438732688854
0.22713008849834534
0.0745067502058753
0.7955079196251367
0.44122016000594905
0.4176949972573064
0.056237730273973704
0.060294487669547536
0.09182352941176472
0.06087949524077034
0.20453612355923612
0.09483892442492385
0.05364471882674276
0.6525380510192655
0.5248270898047783
0.06632209648980393
0.3313623713095982
0.2535888640377486
0.06419038819200817
0.31785683389128794
0.047698680899481476
0.06828387769819017
0.0776365955257865
0.054291624171861834
0.045479274722789155
0.04795777744938335
0.08732008205161317
0.05922825947761552
0.3329959742548326
0.33997001895831597
0.06177075578073957
0.5650112691683998
0.40170256075573374
0.2452577996827779
0.10512404813228483
0.05615773157181798
0.33184727473935083
0.04735574214437374
0.047928091504032815
0.06568981247586579
0.0829737895706969
0.08125336293556151
0.2798624615480397
0.023281402108572487
0.048343551494016444
0.058562088291861186
0.22256809766230662
0.5508652716181988
0.07083014655664209
0.1896556779100918
0.04758064766797876
0.10017243962444061
0.02355859396593389
0.0782212429782549
0.055163883025079914
0.3042484762561573
0.42679397715748363
0.05519447466717567
0.04883369542728339
0.06606937065037552
0.6425228109999641
0.04020251669351989
0.22056928600016554
0.4251656678673592
0.5059087979234322
0.0807932851386682
0.05434833407512552
0.07661516996152344
0.058359298182738197
0.07701306531861032
0.053025263270409365
0.051789247317436185
0.4783487280261651
0.04685268646315666
0.07447749471777333
0.4358274353467939
0.08844482057348471
0.07318878299275403
0.03743625689023697
0.07190841616858655
0.06739625809499317
0.060656572204228945
0.06112411412731362
0.056065151891457214
0.048360874443209
0.05885276077159384
0.052982655098021525
0.10013061128776304
0.07203974592070395
0.2933731780630495
0.3289898862468369
0.5059087979234324
0.01665098230975511
0.05171128103178734
0.11742507081385717
0.07642121547655259
0.06149393141123136
0.06396284842939239
0.19503594816419242
0.061138398070095294
0.07095785766287983
0.07150799925685915
0.15285817464927487
0.436825123881608
0.23495070192990025
0.05284381462110815
0.044333333333333336
0.06070954562800554
0.0702214656118902
0.022397883360085136
0.07088585404199581
0.07543788157653669
0.06638478714849458
0.055192288676496504
0.2887279337443701
0.40770420394648255
0.17511157527809085
0.04703430755507117
0.0665159511313026
0.06760790589690407
0.04981510187918607
0.05596860434750401
0.0602126955580444
0.07759878947834234
0.06651341242254835
0.08628795561108749
0.1833609631357232
0.0710795301533535
0.04193003215501284
0.07827862252762488
0.05099298259658496
0.054785053802198835
0.03325
0.19229011308623523
0.07596340793528178
0.06415696176319935
0.04454744897679975
0.06432578898136242
0.23843494047002017
0.07463529765007225
0.059787719512881775
0.4309325742037288
0.0785220679567368
0.050207545699435474
0.04934782964717653
0.029874362245927925
0.04309081083279397
0.049447544003159996
0.06779806714613654
0.0726460927941772
0.32983575441592905
0.055517565434584616
0.07138569331527612
0.04871984110303368
0.046748846041775094
0.4602495054173765
0.055896251939481896
0.03434898516004881
0.06403108895662468
0.04824953319421189
0.25548228126368144
0.20512497080244663
0.21361871322250964
0.27432474785209005
0.0510298973720786
0.32680898157409205
0.18308666007226088
0.04380891110103777
0.06066432988553466
0.05716824774956474
0.0665
0.04958347486674086
0.08456376115433112
0.047199612606162275
0.05034789765211018
0.044333333333333336
0.4290704668319326
0.06402956484611007
0.061745111771286935
0.04287703424227777
0.06243545361832104
0.0521121661076172
0.23312073048209986
0.08233957736188958
0.2588953150231335
0.3294366525953089
0.037930246031636194
0.06642640286351648
0.04205348553602289
0.05700700128821916
0.24463826851423026
0.055055339673307474
0.32295738696139187
0.04805007447601265
0.010449254575504104
0.05013004663327637
0.05493436608051695
0.051932438877491674
0.026681843636850104
0.04933868332634257
0.3858351276926627
0.05429702263169379
0.04313970687377391
0.1904059692737472
0.06922251525859024
0.07646365853025897
0.04087065464050551
0.09443731931899182
0.3346417285398738
0.04353477694403746
0.04565888735606081
0.051277239258427906
0.07087550908676266
0.06892141050058884
0.07420157531685559
0.04350868045646554
0.07006261140841283
0.03943981218219604
0.021992497095714495
0.06725557878682005
0.0491377497751623
0.057450114640647185
0.03490531219036142
0.046606385251927576
0.02305002644968035
0.44605921008177274
0.07877373499536099
0.048111959793452536
0.049029267522091
0.05256818353173191
0.05130767272896232
0.038429416019398116
0.21391220669700797
0.3074253520458184
0.18348294713273494
0.059614261506622926
0.04904719054462066
0.04541255570860755
0.13352643375430126
0.09308451112393176
0.25793071114361876
0.01728038464182437
0.07469491187357133
0.04218469893773173
0.04823269106681651
0.07007394154526128
0.07776923960417172
0.058942714486120235
0.03788588883190352
0.03761032286645383
0.06321815466559154
0.014395577552995113
0.20310230898563092
0.03933189971074498
0.0493717745604903
0.024759728325240114
0.0651536040631606
0.2694406657703443
0.0976790239840944
0.06542126101960312
0.07995286896462686
0.2322698918152016
0.050031906724356284
0.04772230217444788
0.046844234097675914
0.013651265927594896
0.04722509674433464
0.05342764876199645
0.059086990107296546
0.038251079077035066
0.0606642254126896
0.050198749348304796
0.04433828832493369
0.05884401147477987
0.24336935572990287
0.06449974862554667
0.041010989267859795
0.05760600670372905
0.07006833290358158
0.044333333333333336
0.044482060994329733
0.054151626480313415
0.3310343851879387
0.02407484552383165
0.04760192729473815
0.0412115228309758
0.05351933232305137
0.06076914199080486
0.05046934183162142
0.05637903655004598
0.05738275493499311
0.020794100786728865
0.03192677340193166
0.048835348141239604
0.044333333333333336
0.07006051366771808
0.06296921603146097
0.3371093739222629
0.29814048888942846
0.05201732097794648
0.056387441635352295
0.05075580309594749
0.040760555987553064
0.1610052678895571
0.08724095884883887
0.010407575434900765
0.23180114832952411
0.0275695277555229
0.05757834222805291
0.019302152477760813
0.0612408654480914
0.04654733853679643
0.050244714507739305
0.014610074386242565
0.06264240694002107
0.04820786009056069
0.03658568878987764
0.058735107697006655
0.07036116915111996
0.29017943610962327
0.19988628622322543
0.062103206676210373
0.046576879232474895
0.04811469486357403
0.05322128973524137
0.04295683524107547
0.02507184692164238
0.022379122029050798
0.01015714510064062
0.05173081685706894
0.04573598324195978
0.04697099948814508
0.04330366894215312
0.04457034099587744
