7.94839
8.77442
7.63621
8.82793
7.05315
7.18737
7.13391
8.02168
7.13113
4.99168
8.77165
6.50802
9.04744
6.99134
6.48141
8.7473
6.8024
8.44461
7.81372
7.74949
5.5477
7.1415
6.36131
6.42466
6.76366
6.71591
7.05301
7.40896
6.02103
7.90928
7.20743
6.4256
6.69818
8.1978
6.41642
6.9511
6.48852
6.2253
4.68734
7.14101
7.63788
8.13512
7.52195
8.2811
5.50554
7.86233
6.82302
8.57867
7.70332
6.48635
5.69455
8.04544
6.55631
6.7161
6.51523
8.74033
6.38897
7.68661
7.47429
7.60139
8.62386
7.4504
7.40557
7.48604
7.79107
6.81107
8.22245
6.12063
6.20264
5.00835
8.70414
8.49254
7.88306
6.93549
7.65244
8.88617
6.69382
6.04206
7.02894
7.48196
8.08155
6.30009
9.10043
6.00845
6.27441
6.27201
6.18864
6.0838
5.80631
7.41042
9.18585
7.09942
6.89911
5.41725
7.35597
8.05196
6.9156
5.93722
8.59749
5.66581
6.17412
6.91942
8.07879
6.15221
5.2247
8.11601
8.51298
7.15165
7.82174
8.98392
5.7298
6.91165
4.67431
7.67329
6.47115
4.5578
6.7152
8.11263
7.78906
7.30937
7.81061
7.8726
6.63231
6.82854
6.58674
6.10545
8.58274
6.99883
7.8717
5.37281
6.15865
7.06588
7.75575
6.28438
6.85772
7.38737
9.48944
7.20328
8.45358
7.29162
5.42869
9.03954
4.65113
6.88316
7.51997
9.22096
6.86741
6.22201
9.36939
7.99866
5.38593
8.23374
8.12955
6.74798
8.86436
8.62118
5.67027
4.16356
8.36943
8.88595
6.61655
6.97773
7.59445
6.29805
7.63996
6.2678
7.73829
8.81372
8.95378
4.81841
6.89387
6.65094
5.83351
6.0334
7.50005
8.10667
6.87643
6.8345
7.12832
7.31082
6.78833
8.43366
8.37779
8.15432
6.97519
6.86104
7.59977
6.72374
7.07021
6.26907
5.36858
7.03316
8.92895
6.94908
5.87054
7.16708
8.50118
7.71025
7.9139
8.61562
6.74766
8.41976
8.00697
7.68434
6.51322
5.22183
8.13397
7.21425
5.28544
8.24376
7.85151
6.89776
7.4419
9.74109
8.35203
7.09676
9.31026
7.71009
6.45616
9.91636
4.45612
5.35586
6.12328
8.96248
9.72834
6.12447
7.38265
5.80792
8.5704
7.89233
8.20979
7.43651
7.63076
6.6998
7.39883
8.23626
7.35866
5.404
6.09615
6.33091
6.89578
7.13409
6.54426
5.4558
6.79467
7.83192
9.77662
7.4625
7.12986
5.85328
8.26002
9.23193
8.03299
8.20952
8.0593
8.63792
7.53117
6.39868
6.90353
8.03927
9.20282
8.58471
8.81901
7.29632
9.02846
6.79226
5.78942
7.68352
6.75977
7.39644
8.26549
9.54836
8.15993
8.80124
7.68106
6.65234
7.30672
8.10804
8.92834
7.36855
7.93432
7.36565
9.04331
8.89978
8.26856
8.63429
8.0257
8.78441
6.1784
9.52494
6.5487
6.88587
9.08849
8.98636
6.90557
9.4525
8.77157
8.24612
7.81209
7.97266
7.96635
8.66027
8.58615
8.66751
8.41261
10.5424
7.19183
7.62009
8.49445
8.77184
8.48416
9.34907
9.09599
6.62501
8.83176
7.62312
6.21431
8.35162
7.848
8.58811
8.16208
8.34187
9.67888
7.69336
8.48934
8.21199
7.33248
7.86376
4.09381
7.92185
8.74855
7.52178
7.084
4.81518
7.59922
7.82396
7.33132
7.95747
7.88319
8.04089
8.13195
9.80414
7.8728
10.6464
6.45129
8.66603
8.38725
10.0657
8.98347
8.54394
7.66713
10.5011
8.22629
8.09029
8.39424
9.20157
6.72077
7.16292
7.5499
8.12218
9.68549
7.70803
8.46159
6.89887
7.29666
8.41949
6.71069
8.65669
8.69007
7.94384
8.67928
6.76862
7.9509
8.77361
9.0595
8.55496
9.03748
7.5252
7.68962
7.04591
7.64872
5.85599
9.80203
7.22162
7.16834
5.10842
8.72386
6.49926
6.1983
7.56874
6.67914
10.2057
8.17067
7.44606
8.49456
7.94712
7.95187
8.19244
7.23822
6.26273
5.62944
5.62212
6.32514
9.88787
7.97062
8.32768
7.43988
8.34181
8.45987
6.99135
9.451
8.43753
6.32362
9.70506
7.79406
8.89064
8.93446
9.17295
9.24944
7.38143
7.64232
7.56903
9.01489
6.32966
8.12417
4.37339
7.38613
8.8029
9.36201
6.79165
7.99508
11.7225
6.68613
6.33731
6.98193
8.22419
11.6235
9.11272
7.70032
8.79275
6.65476
8.42185
9.9976
9.1863
6.69064
7.16929
9.04827
6.02299
9.45747
8.65825
7.23552
6.85155
7.84585
9.17641
10.2822
7.63658
8.62958
8.62207
6.64356
7.51892
6.74976
8.01669
9.66969
8.01446
8.01009
7.57793
8.37091
9.013
6.97275
8.49602
6.1569
8.48197
8.42101
7.56881
8.46663
6.78004
9.19807
9.91389
7.00599
8.10787
9.12118
7.42588
8.97076
8.83272
8.38879
8.56752
7.51918
9.00276
8.28462
8.38345
8.06236
9.70906
8.62261
8.74997
8.67631
9.23664
10.5234
5.60319
9.09618
7.99474
9.03265
9.77249
7.54308
8.81896
8.31772
9.98949
7.32525
7.98794
8.56717
9.311
10.0839
9.20194
9.03693
9.28063
7.89704
9.66848
7.39421
7.17705
8.2529
8.60662
7.12967
10.9678
9.31515
7.89366
8.19331
4.52644
8.19588
9.07307
11.1296
7.06537
8.77581
9.62117
9.2661
7.78933
8.93693
9.52039
8.86116
7.50521
8.07178
8.29899
8.52656
7.95686
10.2354
8.81746
9.02543
9.17717
8.79202
8.81926
8.78118
8.39304
8.05274
9.55977
9.54089
9.23081
9.43294
9.86422
8.37677
7.75796
7.8596
6.43046
7.2046
10.4103
9.19724
9.25403
8.74062
8.25133
10.7496
9.89302
8.27345
9.24205
8.71394
7.51973
8.09618
9.08898
8.09954
8.38316
7.66513
6.89469
10.5169
9.93522
7.23328
8.30544
8.13216
9.07227
9.18736
7.84264
7.35295
8.43963
8.03336
9.27976
8.43968
8.16547
9.80815
10.0894
8.00192
9.50192
8.15605
8.53139
10.3829
7.97057
6.42692
7.73529
9.92389
10.4756
9.6579
9.44694
7.74748
7.66358
10.3059
8.06813
8.05086
10.0586
8.67875
8.18468
9.89719
9.91009
7.5622
7.91082
9.3635
9.37054
9.55861
10.5142
8.84431
9.72527
9.2925
9.58276
10.0829
8.12245
8.78035
9.19625
7.39098
7.20827
10.0951
8.06063
8.0247
8.98668
6.77585
9.0074
9.35956
8.66845
8.19867
7.54087
9.13733
8.8028
9.09437
9.14721
10.4245
9.78178
8.88968
10.0981
7.56756
10.3466
9.47237
10.7591
9.14456
9.12379
8.61559
8.54109
9.16811
8.43651
9.16203
9.91656
9.54143
8.6356
8.33493
9.76169
7.8748
10.1548
8.9631
9.67756
8.15078
11.2193
7.42069
8.08672
7.76589
9.5255
10.0045
8.86508
7.69797
8.31311
7.04069
9.32829
8.81402
8.17724
8.51726
8.17172
6.79306
8.09215
9.25664
7.7333
7.4567
10.2149
9.30072
8.23172
8.95544
8.97744
9.86503
8.06571
9.4901
8.94254
8.65905
7.88102
8.59995
9.69008
6.22596
6.75372
9.26856
8.29426
7.37387
11.1089
9.0355
10.6364
7.88788
10.3103
9.81627
10.5015
9.5253
8.45281
9.30684
9.80711
9.27723
8.38217
8.40919
9.38254
9.01937
9.62704
9.60058
9.99735
8.40644
7.86137
8.2313
9.2791
8.85652
10.0449
10.8134
7.97906
7.05585
7.88647
10.3392
6.96477
8.24223
7.68561
7.57265
8.57858
10.2455
10.3423
8.4828
7.94764
9.5529
9.5079
