4.0018
4.02271
3.99935
4.00543
4.02271
3.99993
4.00003
3.99962
3.95023
4.00543
3.99993
3.87812
4.00262
4.01214
3.99993
3.99993
3.99993
4.00163
4.00254
4.02271
3.86245
4.02271
3.99993
4.02271
4.02271
3.9678
3.99899
4.00637
3.99993
4.00324
3.81366
3.99993
3.99993
3.99993
4.01839
3.99936
3.99993
4.00163
4.02271
3.99993
3.99993
4.02271
4.02032
3.80972
3.99993
4.00163
4.01773
4.00029
4.02271
4.00262
3.99993
4.00704
3.99993
3.99993
3.84477
4.01127
3.99993
4.01217
4.00027
4.02271
3.99993
4.01746
3.99993
3.99993
4.00114
3.99993
4.01773
4.01773
3.99993
4.00163
3.99993
4.00598
4.02032
3.99993
3.99979
4.02271
3.8296
3.99993
3.99993
3.85669
3.99993
4.00174
3.99993
4.02271
3.99993
3.99993
3.99993
3.99993
4.00173
4.02271
3.99993
4.01186
3.8522
4.00375
3.99993
4.00148
3.99993
3.99993
4.00027
3.80113
3.99993
3.99993
4.02271
3.99993
4.01186
4.00637
4.00055
3.99993
3.99993
3.99993
3.99993
4.02271
3.99993
3.81818
4.00163
4.02271
3.80477
4.02271
3.99993
4.00163
4.01186
4.00049
3.99993
3.99993
3.99993
4.00375
3.99993
4.00121
3.99993
3.99993
4.00892
3.98312
4.01973
3.81818
3.99993
4.02271
3.99993
3.86722
4.00254
3.99942
3.99993
4.00488
3.99993
4.02271
3.99993
4.00262
3.99993
3.99993
3.99993
3.99993
3.81818
3.99993
4.02271
3.99993
4.0123
3.99993
3.99993
3.99993
3.99993
3.99993
3.92657
3.99993
3.99993
4.01186
3.99993
4.00419
4.01186
3.99993
4.02271
3.99993
3.99993
3.99993
3.99993
3.96536
3.99993
3.99993
4.00918
3.92069
3.88445
3.81818
4.02271
3.99993
3.99993
3.99993
4.01367
4.01161
4.02271
3.99993
3.99993
4.00163
4.0204
3.99993
3.99993
3.99993
4.00085
3.84808
4.01481
4.00419
3.99987
3.99993
4.00027
4.02271
4.00009
4.02271
3.99993
3.99993
3.79968
3.99993
3.99993
3.99993
3.99993
3.81818
3.99993
4.00002
3.99993
3.99993
4.02271
3.85669
4.00163
3.99993
3.99993
3.99993
3.80017
3.99993
3.99993
3.99993
3.99993
3.99993
4.00254
3.99993
3.99993
3.80573
3.98968
3.98761
3.99993
3.999
3.99993
3.9997
4.0001
3.99993
4.02043
3.9789
3.99993
4.00027
4.00208
4.02271
3.8123
4.00163
4.00543
4.01289
3.99993
3.99993
3.98968
4.00262
3.99993
3.99993
3.99993
4.0204
3.94065
4.00009
3.99993
3.99993
3.99993
3.94065
4.00254
4.02049
3.99993
3.99993
3.99993
4.00009
3.99993
4.00143
3.81818
3.99993
3.99993
3.99993
4.02271
3.99993
3.99996
3.99993
4.01773
3.99993
3.99993
4.00163
3.99993
4.00324
4.01186
3.99993
3.99993
3.99993
3.99993
3.99993
3.99993
3.84808
3.99993
3.99993
4.01926
4.00163
4.00009
4.0123
4.00027
3.96536
4.01773
3.99993
4.01176
4.00637
3.99993
3.99993
4.02271
3.99968
3.99993
4.0205
3.99993
3.98312
3.99993
4.00043
4.0014
4.02271
3.99993
4.00155
3.99993
4.0123
3.99993
3.96536
4.01773
3.99993
4.02271
4.00027
4.0204
4.02271
4.02271
3.99993
3.99993
4.02271
3.99993
3.99993
3.99993
4.00704
4.00163
4.00046
3.9997
3.99993
3.99993
4.01773
4.00188
3.87666
3.99993
3.99993
4.00101
4.00543
3.99942
3.99993
3.99993
3.84808
3.99993
3.99993
3.84808
3.99993
4.02271
4.00637
4.02271
3.99993
3.99993
3.87812
4.02271
4.00013
3.99993
3.99993
3.99993
4.02271
3.99993
3.99993
3.99993
3.99993
3.99993
3.86245
4.02271
4.02271
3.99993
3.99993
3.99993
4.00113
3.8522
3.99993
4.00453
3.8522
3.99993
3.99993
3.80573
3.99993
3.93109
3.99979
3.99993
3.99993
4.00173
3.99993
4.01481
4.00294
3.98968
3.99993
3.99993
3.99993
3.99993
3.99993
3.99993
3.99993
4.02007
4.02271
4.02271
4.00262
4.01773
3.99993
3.84297
4.00163
3.99993
4.01433
3.99993
4.0123
3.99993
4.01186
3.99993
4.01186
3.99993
3.99993
3.99993
3.99993
4.02271
4.02271
4.01186
3.99993
3.99993
4.02271
3.99993
4.02271
4.01356
3.99969
4.00302
3.99993
4.01888
4.01367
4.02271
4.02271
4.02271
3.84808
4.02271
3.99993
3.99993
4.02271
4.0123
4.0123
4.02043
3.98968
3.99993
4.01778
4.0008
4.00131
3.99993
3.91048
4.0204
