3.20062
3.09784
2.30028
2.81117
2.30028
2.30028
2.30028
2.30028
2.30028
2.30028
2.30028
2.30028
2.30028
2.30028
3.09054
2.30028
2.30028
3.09784
2.30028
3.09784
3.09392
2.30028
2.30028
2.30028
2.30028
2.30028
2.30028
2.30028
2.43583
2.30028
2.30028
2.30028
2.49961
2.30028
2.30028
2.30028
2.30028
2.30028
2.30028
2.30028
2.30028
2.30028
2.30028
2.30028
2.30028
2.30028
2.49961
3.09784
2.30028
2.30028
2.30028
2.30028
2.30028
2.30028
2.30028
3.0653
2.30028
2.30028
2.30028
2.30028
2.30028
3.09866
2.30028
2.30028
2.30028
2.30028
2.30028
2.30028
3.09866
2.30028
2.30028
2.30028
2.30028
2.30028
2.30028
2.30028
3.10259
2.30028
2.30028
2.30028
2.49961
2.30028
2.30028
2.30028
2.30028
2.30028
2.30028
2.30028
2.30028
3.09719
2.30028
2.30028
2.30028
2.30028
2.49961
2.30028
2.30028
2.30028
3.09866
2.30028
2.30028
2.95503
2.49961
2.30028
3.15094
2.30028
2.30028
2.30028
2.30028
2.30028
2.30028
2.30028
2.30028
2.30028
2.30028
2.30028
2.30028
3.00283
2.30028
2.30028
2.30028
2.30028
2.30028
2.95469
2.30028
3.08386
3.10247
2.30028
2.30028
3.09866
2.30028
2.30028
2.30028
2.30028
2.30028
2.30028
2.30028
2.30028
3.1032
3.0626
2.30028
2.30028
2.30028
2.30028
3.10064
2.30028
2.30028
2.30028
2.30028
2.49961
2.30028
2.30028
2.30028
2.30028
2.30028
3.09866
2.30028
2.30028
2.30028
2.30028
2.30028
3.07569
2.30028
2.30028
2.30028
2.30028
2.30028
2.30028
3.70041
2.30028
3.09988
2.30028
2.30028
2.30028
2.30028
2.30028
2.30028
2.30028
2.49961
2.30028
2.30028
3.70041
2.30028
2.30028
2.30028
2.30028
2.30028
2.30028
2.30028
2.30028
2.30028
2.30028
2.30028
2.30028
2.30028
2.30028
2.30028
2.30028
2.30028
2.30028
3.09866
2.30028
2.30028
2.30028
2.30028
2.30028
2.30028
2.30028
2.30028
2.30028
2.30028
2.30028
3.07085
2.30028
3.08386
2.30028
3.07167
2.30028
3.05798
2.30028
2.30028
2.30028
2.30028
2.30028
2.30028
2.30028
3.02777
2.30028
2.30028
3.264
3.09784
2.30028
3.10407
2.30028
2.30028
2.30028
2.30028
2.30028
2.90377
2.30028
2.30028
2.30028
2.30028
2.30028
2.30028
2.30028
2.30028
2.30028
2.30028
2.30028
2.30028
3.3534
3.70041
3.08386
2.30028
2.30028
2.30028
2.30028
2.30028
3.70041
3.70041
2.30028
2.49961
2.96751
2.30028
2.30028
2.49961
2.49961
3.09784
2.30028
2.85195
2.57644
2.70022
2.30028
3.08148
2.30028
3.09866
2.30028
3.09784
2.30028
2.30028
2.30028
2.49961
2.30028
2.49961
2.30028
2.30028
3.70041
2.30028
3.26891
3.70041
3.30008
2.49961
2.30028
2.30028
2.49961
2.30028
2.30028
2.30028
2.30028
2.49961
3.1166
2.30028
3.30008
2.30028
2.30028
3.09748
2.30028
2.30028
3.37895
3.70041
3.12253
2.30028
2.30028
3.07507
2.30028
2.49961
2.49961
3.0502
3.13099
2.30028
3.09866
3.24346
3.70041
3.10101
2.30028
2.49961
2.30028
2.30028
3.70041
2.30028
2.30028
2.30028
2.30028
3.70041
2.49961
3.30008
2.30028
2.30028
2.49961
2.30028
3.05861
2.62383
2.30028
2.30028
3.14949
2.30028
2.30028
2.30028
3.09784
2.30028
3.09713
2.48948
3.29541
2.30028
2.30028
2.30028
3.70041
2.30028
2.30028
2.30028
2.30028
3.10005
2.30028
2.30028
2.30028
2.30028
2.30028
3.70041
2.30028
2.30028
2.30028
2.30028
2.30028
2.34176
2.8716
3.70041
3.11548
3.70041
2.49961
3.70041
2.30028
2.30028
2.49961
3.09784
2.49961
2.65335
2.30028
2.30028
2.30028
2.91952
2.30028
2.30028
3.70041
2.30028
3.09866
3.09998
3.07853
3.09784
2.30028
2.30028
2.30028
2.30028
3.05939
3.36195
2.30028
3.09284
2.49961
2.30028
2.30028
2.30028
2.55362
2.30028
3.70041
3.08386
2.30028
2.30028
2.30028
3.07896
2.30028
2.49961
2.30028
2.30028
2.30028
3.09866
2.3952
2.86219
3.09819
2.76254
2.30028
2.30028
3.0728
2.30028
2.30028
2.30028
2.9466
3.30008
3.30008
3.08087
2.30028
2.30028
2.30028
3.70041
2.49961
2.30028
2.30028
3.30008
2.49961
2.49961
2.96751
2.30028
2.30028
2.49961
2.40428
2.30028
2.30028
2.30028
2.49961
3.09784
2.57134
2.30028
2.30028
2.49961
2.30028
3.09784
2.74359
2.30028
2.30028
2.30028
2.49961
3.04591
3.0547
3.35754
3.07235
3.09935
2.30028
2.93552
2.30028
2.85619
2.30028
3.30008
2.30028
3.09292
2.30028
2.49961
3.70041
2.30028
2.49961
3.70041
3.09784
2.30028
2.30028
2.49961
2.49961
2.30028
2.30028
2.30028
2.30028
2.30028
3.0768
2.49961
2.96751
2.49961
2.30028
3.09866
2.96266
3.70041
2.30028
3.0835
3.01638
2.30028
2.49961
2.30028
3.34571
3.70041
2.30028
2.8611
3.70041
3.06766
3.70041
3.70041
2.30028
2.30028
3.20936
2.30028
2.30028
2.49961
2.30028
2.84423
2.30028
3.30008
2.30028
2.30028
2.30028
3.09763
2.30028
2.49961
2.30028
2.30028
2.30028
2.30028
3.70041
2.30028
3.09784
3.09866
3.34188
2.30028
3.31517
2.49961
2.30028
2.30028
3.09784
3.27125
2.30028
3.11278
2.96751
2.30028
3.70041
3.03554
3.70041
2.97666
2.30028
2.63639
3.70041
2.30028
3.09866
3.11815
3.09317
3.34571
3.08221
3.09784
2.49961
2.30028
2.30028
3.05431
2.49961
3.0743
3.70041
3.36762
2.30028
2.49961
2.30028
2.65564
2.49961
3.28666
3.37542
2.30028
2.30028
2.30028
2.30028
3.04972
2.30028
2.30028
3.09852
2.30028
3.70041
2.30028
2.49961
2.30028
3.09784
2.30028
2.30028
3.09883
2.30028
3.07224
2.49961
2.30028
2.30028
3.70041
2.30028
3.70041
2.49961
3.29323
3.07853
3.15942
3.09989
3.09866
3.70041
3.32634
3.09884
3.70041
3.70041
2.30028
3.02172
2.30028
3.4664
2.49961
2.30028
2.30028
3.01497
3.00001
3.22023
3.70041
3.09866
3.09944
3.31415
2.30028
2.30028
2.79092
2.98372
3.70041
2.49961
3.30008
2.49961
2.30028
3.37728
2.30028
2.49961
3.29194
3.30008
2.30028
2.30028
3.70041
2.30028
2.49523
3.70041
2.30028
3.05783
2.30028
3.09866
2.49961
3.32634
3.09854
3.32634
2.30028
2.49961
3.70041
3.70041
3.30008
3.14798
2.30028
2.30028
2.30028
3.70041
2.30028
3.32522
3.10172
2.30028
2.30028
3.30008
2.30028
3.70041
3.70041
3.70041
2.30028
2.58912
2.30028
3.70041
3.09866
3.11278
3.70041
2.30028
3.70041
3.70041
3.70041
3.09965
2.30028
3.70041
2.30028
2.40118
2.30028
3.48208
2.30028
3.09784
2.30028
2.30028
2.49961
2.30028
3.09866
2.30028
3.05814
2.49961
3.70041
3.09784
3.29753
3.23752
2.49961
2.30028
2.49961
2.95514
3.32435
2.30028
2.94273
2.49961
3.32634
2.30028
2.30028
2.49961
3.70041
2.30028
2.49961
2.30028
3.10261
3.70041
2.30028
2.49961
2.97535
2.49961
3.70041
3.70041
3.70041
3.70041
2.30028
2.30028
2.30028
3.70041
2.64242
2.49961
2.30028
2.49961
