4.00328
3.94821
3.99993
3.99993
3.98036
3.9999
3.99952
3.99993
3.99953
4.00144
4.01367
3.82894
3.82894
3.99993
4.00157
4.0013
3.86868
4.00074
3.99993
3.88306
3.99993
4.00163
3.93875
4.02043
3.99947
4.02025
3.99993
3.99993
3.99942
4.01043
4.02271
3.99993
4.01483
4.00122
3.99993
3.99993
3.99968
4.00438
3.99993
3.85682
4.00005
4.00199
4.01367
4.00874
4.00136
4.00438
3.99993
3.82894
4.00131
3.9994
4.005
4.00151
3.99993
3.99993
4.0003
3.9995
4.01741
4.00163
4.02004
3.99993
3.99993
3.82894
3.99993
3.99981
4.0003
3.99993
4.00401
3.99993
4.00502
4.00262
3.99993
3.99993
3.99993
4.00138
3.89104
4.01936
3.99939
4.00501
3.99993
4.02271
3.99993
4.00385
3.99993
3.99993
4.02018
3.99993
3.91629
3.99993
3.99993
3.99993
4.00163
4.0067
3.99993
3.80607
4.00344
3.99993
4.01947
3.99993
3.82167
4.0038
3.99993
3.99993
4.00163
3.99993
4.00105
4.01229
3.99993
3.99993
4.01367
4.00163
4.01393
3.99993
3.99993
3.99952
4.00163
3.8123
3.99993
3.99993
4.02047
3.99993
3.99951
3.99993
3.99993
4.00315
4.00246
4.00498
3.99993
3.99931
3.99993
4.00461
3.9998
4.00364
4.01367
4.00413
4.00215
4.01291
3.99993
4.00334
3.99993
3.86245
4.01156
4.00068
3.82019
4.01367
3.82894
4.00144
3.99993
4.01413
4.00355
4.00105
4.00267
4.00258
3.99936
4.00054
3.99997
4.00163
3.86245
4.01855
4.0014
3.99993
4.00124
3.99993
3.99993
4.00353
3.99993
3.99993
3.99993
4.00163
4.0182
4.01367
4.00149
3.99993
4.00069
4.00246
4.00116
4.00506
3.99993
4.0016
4.00133
4.00438
3.85682
3.97454
4.00163
4.00479
3.99993
3.83836
3.9997
3.99993
4.00151
4.00163
3.99993
4.02042
4.00098
4.00116
4.01719
3.99968
4.00102
3.99993
4.02049
3.99993
3.99993
3.99993
4.0204
4.00157
3.99993
4.00163
4.00122
3.99993
4.005
4.00337
3.99993
4.00843
3.99993
3.99993
4.005
3.99993
4.00163
4.01367
3.82334
3.99993
4.00425
4.00438
3.99993
3.99993
4.00163
3.99993
4.00271
3.99993
3.99993
3.93485
3.99993
4.001
4.00419
3.99993
3.99993
3.99993
3.99993
4.00399
4
3.99993
4.00979
3.99897
3.86245
3.99993
3.9493
3.99948
3.99993
3.99993
4.02271
4.02271
3.99993
3.99993
3.99993
4.01782
4.00143
3.99993
3.88217
4.00666
4.00163
3.99993
3.99963
3.8048
3.99936
3.99993
3.86493
4.00018
4.00369
3.99993
3.99993
4.01888
3.99993
3.99993
4.01367
4.00071
4.00163
4.00211
3.99993
3.99993
4.01367
3.99993
4.00163
3.99993
3.99946
4.00163
3.99949
4.0204
3.99993
4.00168
3.99952
4.00077
4.00841
3.99993
4.00215
4.00091
3.99993
4.00002
4.00163
4.00271
3.99993
4.00181
4.00482
4.01367
3.99993
4.00107
3.82894
4.00113
3.86792
4.00163
3.99955
3.99993
4.00458
4.00158
4.02004
3.99993
4.01367
3.99993
4.0038
4.02271
3.99985
3.99993
3.99993
4.00163
3.99969
3.98349
3.99993
3.96576
3.99993
3.99993
3.99993
3.99993
3.81945
3.98588
4.01367
4.005
3.99993
3.99993
4.0048
3.9997
4.00477
3.99993
3.99993
4.00438
4.00438
3.99993
3.99993
3.99993
4.01367
3.80649
4.00124
3.99993
3.99993
4.00138
3.99993
3.99954
4.00262
4.00078
4.0003
4.00106
3.99993
3.99993
3.9994
4.01933
3.94937
3.99993
4.02043
3.99993
3.99993
4.00163
3.99993
3.99993
3.99993
3.90937
4.00156
4.02271
3.99993
3.99993
3.99993
3.99993
3.99952
3.99993
4.00168
3.99993
4.00113
3.99987
3.99993
4.02038
4.01367
4.00401
3.99998
4.00148
3.99993
3.99993
3.99993
4.00163
4.00499
4.00484
3.79982
3.99993
4.02271
