3.55012
3.09118
3.27789
3.29442
2.84998
3.10244
3.1093
3.86041
3.7758
3.81815
2.84998
3.41118
2.84998
3.46572
3.09066
3.47297
3.12406
2.89795
3.02559
3.30192
2.87954
3.53254
3.85264
3.42495
3.36236
3.19291
3.71414
2.84998
2.84998
3.30192
3.9002
3.28653
3.78832
2.84998
3.21199
3.89079
3.11257
2.87974
3.63199
3.30363
3.72152
3.75397
3.51609
2.84998
3.77015
3.2401
2.84998
3.70257
3.30192
3.34872
3.31569
3.30192
2.91174
3.43252
3.54948
2.84998
2.84998
3.69674
2.84998
3.2965
3.48426
2.88715
3.50112
3.11678
3.66193
3.07892
2.84998
3.23171
2.84998
2.88627
3.84076
2.88023
2.84998
3.46624
3.28653
2.84998
3.468
3.80391
2.84998
3.82084
3.22057
3.54717
3.72777
3.0669
3.84615
2.84998
3.15742
3.27584
3.09066
2.87954
3.35723
3.35496
2.84998
3.55277
3.28607
3.69775
2.84998
3.34221
3.06615
3.0863
3.52304
3.69644
3.34857
2.84998
3.30192
3.45309
3.11068
2.84998
3.53905
2.84998
2.84998
3.53191
3.48167
3.77524
3.72132
3.17454
3.35214
3.49868
2.84998
3.77575
3.30192
3.44986
3.07467
3.39954
3.30192
3.28192
3.73739
3.85582
3.34246
2.87974
2.88822
2.84998
3.19713
3.50112
2.92809
3.50371
3.544
3.14059
3.20314
3.42518
3.69742
3.28141
3.50694
2.84998
2.84998
2.84998
3.52527
3.73641
2.84998
3.40715
3.87025
3.45423
3.46984
3.39766
2.84998
3.21865
3.50803
3.34507
2.84998
3.28653
3.85264
3.28653
3.38745
3.46159
2.84998
2.84998
3.7019
2.84998
3.30192
3.09066
3.70012
3.27806
3.87157
3.0122
2.84998
2.91784
2.84998
3.54939
2.84998
2.84998
3.07934
3.33765
3.09693
3.28332
3.30192
2.84998
3.55237
3.13104
3.09392
3.74152
3.08287
3.32293
3.11278
3.29002
3.43496
2.84998
2.84998
3.80493
2.84998
3.23332
2.89972
3.29497
3.45495
2.84998
3.44985
3.40618
3.57882
3.30192
3.44219
3.08012
2.93362
3.09066
3.71155
2.84998
3.43512
2.84998
3.71404
3.76515
3.70257
2.84998
3.0956
2.84998
3.67061
3.78504
3.50557
2.84998
3.50147
3.88691
3.76154
3.32595
3.00221
3.04692
3.30192
2.84998
2.84998
3.30192
3.80391
3.82194
3.87392
3.55282
3.41719
3.86926
3.09334
2.84998
3.09197
3.09924
3.09787
3.85264
3.35723
3.28177
2.84998
3.09066
2.84998
3.46629
3.09066
3.09124
3.09521
3.26888
3.10561
3.80383
2.84998
3.35603
2.97668
2.84998
3.69705
3.70257
3.39353
2.84998
3.50112
3.1738
2.88836
3.1477
3.72187
3.75839
2.84998
3.85677
3.30192
3.81708
3.55293
3.55277
3.14794
3.02559
3.75473
3.629
2.84998
2.84998
3.73404
3.4896
2.84998
3.54348
2.84998
3.42041
3.48568
3.30192
3.84905
3.28907
3.80391
3.54348
3.7019
3.71946
3.74386
2.84998
3.87521
3.30192
3.09716
3.85264
3.50938
2.84998
3.48993
3.74117
3.09246
3.30179
3.47285
3.45172
2.84998
3.10186
3.13838
3.3025
3.30253
3.41389
3.52678
3.30192
3.55081
3.4941
2.88259
3.08994
3.83202
2.89972
3.09084
3.76075
3.50112
3.25485
3.37701
3.76002
2.84998
2.84998
3.70257
3.64429
3.86926
2.84998
2.89972
3.38522
3.52317
3.27778
2.84998
3.43475
3.28575
3.31692
3.40727
2.84998
3.10023
3.09226
3.0915
3.70736
2.84998
3.54445
3.46625
3.16032
2.84998
3.08382
3.09568
3.84094
3.26906
3.50112
3.52659
3.09066
3.86926
2.84998
2.84998
3.85451
3.52168
3.69779
3.29506
3.09103
3.38394
3.37552
3.70257
3.53681
3.77867
2.89985
3.37404
3.09064
3.47861
3.56341
2.84998
3.40412
3.43509
3.88778
2.88384
3.32738
3.50379
3.28653
3.74092
3.55223
2.84998
3.70257
3.07258
3.55225
3.30192
3.05425
3.55269
3.73653
3.27673
3.76782
3.86926
3.52807
3.12581
3.8501
3.10023
3.84545
2.84998
2.84998
3.10023
3.12207
3.28653
2.84998
3.5169
3.47029
2.84998
3.8121
2.88109
3.10033
3.33615
2.84998
3.72803
3.29647
3.76906
3.48961
3.18037
3.07221
3.55255
3.05398
3.30192
3.81447
3.51506
2.84998
2.84998
3.84051
3.09066
3.70564
3.33074
3.69828
3.3902
3.855
3.47211
3.30192
3.06479
3.28819
3.09989
2.88532
2.95459
3.71057
3.80391
3.30028
3.61724
3.10263
3.0915
2.84998
3.09298
3.90713
3.75572
3.10023
3.27783
2.91687
3.49127
3.6349
3.10007
2.84998
2.84998
2.88699
3.21519
3.78302
3.49827
3.13564
3.85264
3.10023
3.82266
3.28653
3.30192
3.28653
2.84998
3.09328
3.15434
3.54068
3.77019
3.88362
3.10876
3.29442
3.21142
3.15742
3.39204
3.03168
3.55802
2.88598
3.84841
3.55178
2.84998
2.84998
3.8117
2.84998
2.84998
3.45391
3.2116
3.74025
3.51674
3.76971
3.30192
3.30192
3.34013
3.27793
3.56995
3.09307
3.8422
3.5522
2.98674
3.09159
3.09066
3.85264
3.54116
3.09606
2.84998
3.71553
3.097
3.24736
3.52046
3.11477
3.85264
3.3311
3.82699
2.89571
3.52366
3.08988
3.52624
2.88822
3.13647
2.84998
2.93149
3.71174
2.84998
3.76731
3.45369
2.84998
3.72193
2.84998
3.69843
3.09111
3.45611
2.84998
3.07174
3.62512
3.09066
3.27833
3.61097
2.89359
3.52968
3.52168
2.8946
2.84998
2.84998
3.46886
3.42909
3.79601
3.84562
3.10006
3.09195
3.05309
2.94522
2.86411
3.47222
3.28026
3.36685
3.69646
2.8804
2.89705
2.96639
2.86569
3.28653
3.2843
2.84998
2.84998
3.75857
3.32554
3.0933
3.47211
3.77664
3.83461
3.81829
2.84998
2.85058
3.69962
3.29813
2.84998
3.69723
3.85264
2.84998
3.28653
3.09201
3.62512
3.55277
2.88027
3.17974
2.84998
3.09066
3.75263
3.28496
2.84998
3.71554
3.1403
3.17014
3.66893
3.31706
3.82927
3.11392
3.63279
3.51112
3.29441
3.70257
2.84998
2.91831
3.84183
3.85562
3.55277
3.30192
3.11266
2.88042
3.8442
3.90069
3.09987
3.7548
3.7817
2.88079
3.30192
3.53573
3.30648
3.51815
3.10023
3.74684
3.7129
3.12383
3.10023
3.18095
2.84998
3.77735
3.70756
3.10023
2.84998
3.09066
3.5346
3.31403
3.65917
2.84998
3.46858
3.19221
3.76601
3.81522
3.85264
2.99691
3.09109
3.70257
3.09066
3.48697
3.0956
2.84998
3.15742
2.84998
3.8467
3.40799
3.2868
3.73485
2.84998
3.02877
3.79612
2.84998
3.30192
2.84998
2.84998
2.84998
3.54992
3.09603
3.69646
3.28653
2.84998
2.84998
3.28653
3.10023
3.69798
2.84998
2.84998
3.90623
3.53899
3.57177
3.28653
3.5121
3.29299
3.90055
3.29602
3.23762
3.09198
3.8523
3.09154
2.84998
2.84998
3.30192
2.84998
3.20813
3.73155
3.77618
3.06234
3.11612
3.30192
3.52079
3.06252
3.15376
3.8537
3.77063
2.84998
3.80213
3.30192
3.19088
3.09931
3.84267
3.7942
3.83975
3.16597
2.84998
2.94571
3.8594
3.90502
3.41621
2.84998
3.09137
3.21226
3.69962
3.33625
2.84998
2.84998
2.99534
2.84998
3.22438
3.30192
3.09483
3.88297
3.85188
3.10038
3.64364
3.83745
3.28653
3.09192
2.84998
3.07844
