2.61574
1.88446
3.39992
2.34043
3.39992
2.04231
2.24278
3.08851
2.4386
2.61574
2.39644
1.76265
1.29973
2.95588
2.24634
1.94229
1.97815
1.95969
3.39992
2.61574
1.76265
1.95969
1.95108
1.93841
3.39992
1.88446
3.39992
1.29973
1.76265
1.80478
1.88446
2.77635
3.39992
3.16696
1.76265
3.39992
3.39992
1.76265
1.29973
2.88363
1.84543
1.84543
1.91716
2.61574
2.81887
2.24278
1.87694
3.39992
1.84543
1.84543
1.76265
3.08851
1.77215
3.25071
1.76265
3.39992
1.76265
3.08851
3.39992
3.39992
1.90592
2.46415
1.76265
3.39992
1.76706
3.39992
2.24278
3.39992
2.80115
2.54565
1.78
1.85363
1.83842
1.83842
1.76819
1.76168
2.46415
2.06178
3.39992
1.7625
1.80019
2.4085
2.4085
2.61574
2.80242
3.39992
3.39992
1.91121
1.29973
1.95969
1.90863
1.29973
1.80063
2.28764
2.28764
2.87616
2.87616
2.87616
1.87865
1.76265
3.39992
1.29973
3.39992
1.29973
1.29973
3.39992
3.39992
1.95969
1.76265
1.99096
2.90809
1.89807
1.81183
2.8254
1.7712
1.95969
3.39992
1.76265
1.79864
3.39992
1.74209
3.08851
2.35342
2.05148
2.24278
1.80019
3.39992
2.24278
1.76265
3.39992
2.01783
1.76265
3.39992
1.76265
1.76265
1.29973
1.29973
3.39992
1.76265
2.24278
1.76265
2.77635
2.0457
1.80871
3.08851
1.76265
1.76166
2.35756
1.77169
2.24278
1.76265
1.89045
2.0304
1.29973
3.39992
2.13872
2.7816
2.75486
1.95969
1.76265
1.90957
2.23051
2.33395
1.76265
2.19382
2.72427
2.24278
2.63594
1.95969
1.76203
1.29973
2.03168
1.29973
3.39992
1.76265
2.61574
2.02523
1.29973
2.74952
2.97574
2.97574
1.29973
1.29973
2.15014
2.24278
3.39992
2.31891
3.39992
1.81588
1.76265
3.08851
2.24278
3.39992
2.24278
1.29973
2.25147
1.88446
1.76265
3.39992
1.76265
1.90957
1.92446
1.76265
1.91144
1.88244
2.74952
2.77018
3.39992
2.24278
1.88446
1.76265
3.11049
2.24278
1.78083
1.29973
1.7899
1.95969
2.77018
3.39992
2.77018
1.76265
1.79304
2.24278
3.39992
2.37962
2.05699
1.76265
1.76148
1.29973
1.76155
2.24278
2.00472
3.39992
1.76409
1.29973
1.95969
1.29973
1.29973
2.24278
1.81058
1.76265
2.75648
1.89089
1.76265
1.76265
1.29973
1.76265
1.89278
1.76265
1.29973
1.88446
1.76573
1.81767
2.49006
3.39992
1.76265
3.39992
2.30003
2.24278
1.29973
1.75224
2.31754
2.24278
3.39992
1.76265
1.99848
2.85255
1.29973
1.76265
1.85987
1.81317
2.61574
3.39992
1.84462
1.29973
1.29973
2.24389
1.95969
1.79778
2.77018
1.80019
2.24278
1.29973
1.76265
1.83021
1.90277
1.76511
1.76265
1.76265
1.29973
1.89446
3.39992
1.90579
1.76325
2.24278
1.76265
1.76265
1.29973
3.39992
1.78937
3.39992
1.29973
1.82052
1.95969
1.91139
1.8095
1.82776
1.99848
1.77215
2.24278
2.24278
1.95969
1.84972
1.90852
1.29973
2.59531
1.29973
1.82409
1.29973
1.84543
1.76265
2.63177
1.76265
1.29973
1.76265
2.74952
1.29973
2.13865
1.77215
3.39992
3.39992
1.76211
1.29973
1.77571
1.29973
1.76265
1.76265
1.29973
1.77215
1.76265
2.24278
2.24278
2.24278
2.95588
1.76265
1.76265
1.99848
2.24278
1.76265
2.24278
1.76148
1.29973
3.39992
3.03356
1.79022
1.86843
1.77215
1.76265
1.29973
1.29973
1.90852
1.29973
1.76915
1.29973
1.76265
2.62078
1.76265
1.91051
1.76265
1.84543
1.84543
1.80103
2.24278
2.24278
1.86352
1.29973
1.8082
1.29973
1.76198
1.83702
1.82377
1.90957
1.86335
1.29973
1.88446
3.39992
2.24278
1.99848
1.90957
1.76265
1.80019
1.99848
2.23051
1.86352
1.99848
1.29973
1.76265
1.29973
1.76265
1.29973
2.65414
1.7768
2.24278
1.79987
1.81166
1.29973
1.85469
1.76265
1.99848
1.8173
1.29973
1.76265
1.80019
2.24278
1.90957
1.84095
1.80553
1.83021
1.29973
1.81638
1.88218
1.29973
1.29973
1.80019
1.83399
1.99848
1.76265
1.29973
1.76153
2.24278
1.33652
1.88446
2.24278
1.82143
1.29973
1.90957
1.76265
1.87917
1.84543
1.29973
1.29973
1.29973
2.505
1.99848
1.76265
1.88446
1.80779
1.86352
1.90957
2.24278
1.84346
1.90744
1.76265
1.88446
1.79811
1.76265
2.60328
1.837
1.76219
1.80019
1.95969
1.8173
1.50702
1.29973
1.85583
1.29973
1.29973
1.84346
1.76991
1.80019
1.76239
1.81767
1.29973
1.29973
1.29973
1.96806
2.31175
1.29973
1.29973
2.07425
1.84543
1.29973
3.08851
1.76265
1.76265
1.89172
1.76265
1.80019
1.84972
1.76265
1.80019
1.78842
1.911
1.29973
1.29973
1.76265
1.29973
1.80019
1.86107
1.80019
1.80019
1.80019
1.84762
1.83689
1.76369
1.29973
1.29973
1.84543
1.88395
1.78789
1.90986
1.29973
1.76265
1.76898
1.84972
1.78059
1.76653
1.76265
1.83021
1.90957
1.29973
1.87932
1.29973
1.29973
1.98967
1.29973
1.76198
1.29973
1.88446
1.87972
1.29973
1.29973
1.29973
3.39992
1.76265
1.80019
1.80019
1.80019
1.80019
1.29973
1.84346
1.48027
1.89939
1.76265
1.29973
1.80019
1.29973
1.80019
1.91135
1.29973
1.88131
1.29973
1.29973
1.90736
1.78935
1.29973
1.76265
1.29973
1.76265
1.29973
1.76265
2.18951
1.88446
2.19077
1.29973
1.899
2.24278
1.80019
1.76265
1.95969
1.29973
1.29973
1.29973
2.63537
1.82631
1.80019
3.39992
1.84972
1.89479
1.74209
1.88446
1.29973
1.8661
1.76265
1.76172
1.77624
1.29973
1.29973
1.76265
1.29973
1.78542
1.29973
1.95969
1.77529
1.90307
1.82143
1.29973
1.76265
1.7749
2.37648
3.39992
1.29973
1.87559
1.90572
1.84543
1.76265
1.89015
1.76147
1.66664
1.80344
1.29973
1.83471
1.80019
1.29973
1.80707
1.76265
1.29973
1.76265
2.19101
1.76164
1.87874
1.88446
1.76265
1.63736
1.88218
1.87994
1.78059
1.29973
1.76265
1.29973
1.81236
1.90957
1.81583
1.81767
1.80019
1.29973
1.29973
2.61744
1.29973
1.29973
2.74952
1.29973
1.82631
1.29973
1.29973
1.29973
1.29973
1.91061
1.80643
1.8837
1.69564
1.84134
2.24278
1.29973
1.74209
1.29973
1.83021
1.29973
1.83677
1.91101
1.29973
1.29973
1.29973
1.86225
1.78861
1.77982
1.85545
1.29973
1.77094
1.29973
1.29973
1.89516
1.76265
1.76265
1.29973
1.29973
1.76799
1.77628
1.29973
1.29973
1.29973
1.29973
1.29973
1.29973
1.29973
1.29973
1.29973
1.94969
1.76265
1.29973
1.90957
1.79868
1.29973
1.29973
1.85508
1.76265
1.77997
1.29973
1.76265
1.29973
1.29973
1.76265
1.29973
1.29973
1.29973
1.29973
1.29973
1.29973
1.76201
1.76265
1.29973
1.76339
1.80019
1.86181
1.81848
1.29973
1.76265
1.77202
1.90341
2.24278
1.29973
1.29973
1.88446
1.29973
1.7707
1.77625
1.86107
1.51617
1.29973
1.29973
1.76265
1.29973
1.77197
1.29973
1.29973
1.91051
1.90159
1.80023
1.29973
1.90957
1.29973
1.29973
1.7721
1.29973
1.29973
1.29973
1.29973
1.29973
1.29973
1.29973
