3.1890111467
3.8489282986
1.4872018215
3.8921955721
2.4200293533
4.6146396337
1.0316879996
2.1106749461
0.3114132187
2.7347538437
0.3238519189
2.9602913558
2.8341920664
0.8578607444
4.4059480684
2.5270129232
1.4676958135
1.3883751008
2.2180464040
1.3967371573
2.8639805460
2.5062730108
0.8761745635
2.9070512996
1.4151902097
2.8095855602
1.1189588502
4.0158697050
4.4638887591
1.6529389047
3.6142849162
1.6025488893
0.5596394453
1.2578293793
3.3583354078
3.4116006851
2.4939386452
3.0656049805
0.7332279553
1.2776403322
1.5988197917
2.8002984272
0.0892243592
4.0735396130
3.6214426317
4.5916547879
0.6715871983
1.5458506321
4.1778132677
3.8931761865
0.7747249371
4.8394938490
3.5241052989
4.0081501723
0.6470174949
2.7676598123
2.9851609287
2.8289447745
1.6240027217
4.4061780328
3.5585572113
0.9999748779
0.4864068666
1.2407038701
4.8216657294
2.5594291532
1.1394204942
3.1795355258
3.5515779972
4.2039771804
3.4228819511
0.2773935249
2.3074028237
3.4872604153
1.4864849842
0.9618947600
2.3956798171
3.4181410936
0.5132520230
1.0836775659
1.0575342224
1.3076978422
4.2274115150
3.8452537084
2.6863864268
1.1421985004
1.1742131237
1.9278729193
3.3538137974
2.8782572438
2.0694601103
0.2083060000
4.7254571040
0.5897273756
3.9616103947
3.8199288655
4.5662076810
2.3953509031
4.6707981887
4.8993925198
3.8324687658
4.1916640796
4.1242832752
0.8091881522
3.8378441700
0.8651522593
1.2194965374
2.5283826420
3.0565836725
2.3972905119
2.6524947824
3.0526530575
2.8365463104
3.9701562776
0.4553668139
0.2875595602
1.0609941710
2.2711397305
0.5106726587
1.0059597752
0.6974893979
1.9534142653
0.0397003939
2.8749044906
2.1644499953
3.9828964513
1.4951667315
4.4457098010
4.6340646932
0.0691797057
1.6945699390
1.9027448350
2.2674377060
0.7922516571
2.6899533938
0.5445023161
4.0778197138
4.4817094954
1.3312066259
4.6405517041
0.6649959094
4.5418033563
2.8066946757
0.8889568735
1.6233845255
1.2332227825
4.4660675380
2.0627425155
3.5538139613
3.9884783455
0.7902859408
3.1562110059
1.5005825207
0.0475274140
1.5835592842
3.9506646894
0.3781759258
2.5275826424
4.9470028030
4.1458226886
0.7734632317
0.2875818163
0.7459854718
4.2325067817
4.0274756148
4.9934710662
1.5095844215
2.0017028993
4.9747837902
3.3432679430
0.6741372223
2.8357037047
0.2974426050
0.2569592576
0.9920668950
1.7526488328
3.4245047081
4.0899087366
1.7260474840
1.0734729968
0.9578831846
2.2819842416
0.9069070386
4.7502436400
0.0521547141
3.8285713649
4.6867814531
0.9904394189
3.2316542486
2.1526524488
4.4179133883
4.1893338716
3.1454584459
3.2959553037
3.0487369826
0.1518754636
1.4827522229
2.3366969250
1.2847278422
0.6589911214
2.0814098602
1.9146721509
3.5097804171
2.0769056780
4.4358131582
2.1124982673
0.0180779086
3.5908096760
0.7610132821
3.4439818689
1.7456448561
3.8880930136
3.3049842014
4.6542066442
3.5097460941
1.5465872902
1.1652030825
3.5865579654
1.1233694098
1.7781457282
2.7970407095
1.7431350619
4.5271795279
1.5188815179
1.1769920306
1.9086119350
0.9141595751
1.5790536775
3.0717873378
1.4534768577
2.3698894799
4.8056293461
3.5736874342
3.6387150956
2.7369004200
1.0597831471
1.3921954941
2.4465332109
2.6732669939
4.5639631849
2.8830532409
1.5249137681
4.4176558296
2.5757296879
2.3773936142
0.7000192742
3.8151674184
2.8485515852
3.6185853359
3.9502415576
4.1858386277
4.3464487303
0.4835407767
0.5976503422
0.6315931820
2.7962383650
2.2616063369
2.9334903101
0.1443379504
0.9477540643
2.5807782364
2.3090922857
4.1800307192
4.6314491378
1.2416752462
4.4751091278
0.2487418124
3.5700945869
2.2688675194
1.3014932916
0.1024740206
2.3357795509
1.0818463837
3.9473586417
1.6098943663
3.2171900295
0.8797877849
3.6411967636
2.7348938373
1.1503748514
1.8216010881
0.8733555502
4.7943789214
0.2972266901
2.9524792215
2.4678680489
2.4858881383
4.5611557133
1.8078147339
0.4914002466
3.9391193466
1.9934845089
1.3330833073
1.6531504684
0.1644759761
3.0546405677
0.9529106773
3.9589881699
1.9191440488
4.3920871368
3.9534448271
2.1920989436
3.8754734842
0.7260599946
1.5993918023
4.9151633262
1.5116582782
4.5916369611
0.7713046020
0.3180223220
1.8206172871
4.7716540443
3.2012294060
2.3903802413
3.4849220738
3.9228173623
0.3175259478
3.6799983174
2.8445771706
2.0034886710
2.1351282198
3.7297984149
0.8070327283
1.9656147909
0.7888619435
3.1772077942
0.8472264186
0.7878227710
0.0884754296
1.2789411634
4.7175622096
2.2676335638
0.6491846521
3.2053679360
4.2470147889
1.2270026350
3.6358206166
3.0699085467
3.2341015422
4.5390465942
3.2577614986
2.1379266520
2.5250156604
0.9800559304
3.8120226080
0.6418418900
0.7761157127
4.6280455794
4.1300780723
2.8383133885
3.5051954471
3.8486026476
2.7177382834
1.4310952222
3.9801142260
2.7652244850
3.0548706850
4.8794243219
2.4336799377
3.1423957533
4.4517174503
3.8745767660
3.4529940020
2.4061504754
1.4404460759
0.9326527259
2.1082687811
1.8827496086
4.9544069619
0.4839814266
4.1645128648
1.4984467542
2.9440297198
4.4811581160
2.2791759015
2.1023095186
4.6686563134
2.6691430394
3.4152034382
0.1530320895
2.6497982550
4.6107005868
1.2929501880
0.8560610984
4.2758560150
1.0154929481
4.8326388256
3.5087321111
1.8044156113
1.1362495712
3.4837573677
1.0711734473
2.1496291051
1.0536192990
4.6468130129
1.0452977821
1.3933064816
4.7337090623
2.1296805323
1.0322154381
2.5842352244
2.2981792476
2.5745004961
3.7219367558
3.6465648404
2.0634841515
4.8864233525
2.1234797419
1.3011357404
2.4789240883
4.0028111991
3.0967836440
0.9003092788
0.0962465488
1.4867765744
0.4315945189
4.2147074684
4.4383551288
2.8037583078
2.0173055350
1.1074609843
1.9811395640
2.1514349572
3.9492980193
1.9468816023
0.1285359445
0.0345082102
4.5624594110
3.6913342593
3.8327958392
4.5952283725
3.4151966521
1.1205235280
4.5038444593
2.9820832947
3.6644884285
3.3660935321
2.7559239375
2.7325573487
1.2745223892
4.0326582559
1.8769561138
1.4966399205
3.2415643360
3.0100448797
1.2748527021
1.1867999061
4.8523506881
0.9111852718
3.4821071922
4.3240454374
2.7320536186
4.6708941404
2.0903051154
1.4906830897
1.5934354262
3.5925156668
2.5726951925
2.1963296950
0.6370052679
0.3065177611
4.7468061995
3.4280891732
1.1417626542
1.1226034704
2.3695309389
1.7676880418
0.0495283916
0.9204565817
2.3615123105
3.3124930645
1.1081202869
1.4801321734
2.5715649434
0.0940643802
3.1780481876
4.3382568269
2.0388819931
0.1232040097
0.6054261634
4.3481564890
1.9426683423
3.2459444033
3.5549991205
2.9889466333
1.9754913746
0.3278112542
3.0192522216
2.6192884633
2.6960565386
4.8168407038
3.9633344508
3.7053505060
1.5454298883
2.9077098810
2.0249278416
0.1095561096
2.0122015010
0.5440530059
0.1103015804
1.7376081581
2.8490949303
2.5733096087
2.5628007302
4.7773518027
2.0465864773
3.9936383359
4.7312529883
0.8861782530
3.3068368664
1.4065058972
1.3396790246
0.5964267313
2.2104146944
0.2781275071
4.1158328460
0.9037716266
3.8837886162
2.2002192662
4.4371736129
2.1156767708
1.3403914307
0.0733758598
4.0146997125
2.0900726350
1.4433468563
0.5782853003
2.7766049749
3.6535042002
2.6129566578
4.7800377571
4.5070160207
0.3087713303
1.5441546962
2.5737043710
4.5153341653
0.0208287478
0.7038532607
0.5355059023
3.6872553824
3.4933432340
4.7190684926
4.7192366740
1.9308228678
2.6443605180
3.7456736595
3.9237581035
2.9644490480
3.0761775365
4.9044742808
4.8615547381
3.9864227679
3.9705364062
2.0940354667
0.6534056755
2.3578131736
0.6750686165
3.2244521138
3.8486421269
4.5668397969
4.0705606795
1.7772946279
0.1783392315
2.4197688549
1.8017498347
3.7766694130
0.9598536167
0.3214141205
1.4382794568
2.7752123060
4.2207191777
0.3206872073
4.3190626192
0.4155172472
4.4490286971
1.1598020497
0.0751578887
0.9487495794
0.4226597889
1.1892620770
4.8665179240
4.7828862664
2.8532768000
0.7073413710
2.0904178979
2.5261718416
3.9008073045
2.0182332851
1.4984212010
0.9981118336
2.7835292309
3.4463269018
4.2094334042
1.5399025972
4.3071140460
4.3172536167
0.3343960927
1.4860007071
4.7576793334
4.8446183884
2.7797690195
3.5040741650
4.1094621211
3.2230130813
3.1090561116
1.3954844389
0.2631089832
0.5044481816
0.0917872636
2.9244806111
0.1973918414
4.9613042817
1.1257376379
0.9413274690
0.6426260704
0.2519914306
0.0895384099
2.9406460449
0.5910415431
1.3965330419
4.2686216263
0.7874507050
1.5863141904
3.1322068541
3.8376861364
2.5139792277
0.9855070623
4.9012487572
1.4082354784
0.2828141921
0.9815223259
4.4736514569
4.4315112174
0.0964932516
2.0981806793
3.9315892413
0.7472405976
1.9594352884
2.6241988670
1.5444178739
2.3895745558
2.6413268618
3.3032309101
4.5041051592
0.3965752071
3.2070015741
3.8270008770
4.8330383349
0.9524099155
0.1493118075
0.8352360828
0.2352494451
0.7464360727
2.4496705371
1.2730860739
2.6571445583
1.1256557801
3.6850884180
4.9230862016
3.7268874199
1.0022468363
2.4680308855
1.5592215623
2.6278681914
3.7523248219
3.9417794133
4.5756191638
4.8595036309
2.5926747275
2.7328331564
0.7478199097
4.4794117298
0.3764485320
2.9849897737
1.3820589546
1.9893517555
2.0249214833
0.7469800975
0.9047397273
4.9109151591
1.1691236213
3.7649082996
4.6131750116
0.1366142152
0.1619283678
4.4284001122
1.0381644744
1.3816888776
1.7280258675
0.3495443125
4.1131835091
0.9987084659
3.8267992484
3.5088098740
0.0735997696
3.2510787662
1.1327461429
1.6026407544
4.9577628774
3.0261972382
4.1016597453
2.7720050229
0.5010060565
0.2606745896
1.2408424238
2.2065627585
3.6201574341
0.8583303161
3.6813345335
3.7102006760
3.1123100294
0.1192682220
1.8432906407
2.5134685771
4.4351945667
2.1310657548
3.1666389419
3.8380762897
0.8110147917
3.8699135031
2.9630562953
2.6973275616
2.4801424684
1.0424887499
3.2377450524
4.4715622300
2.8203552795
4.7936348460
4.2767978285
2.0748577072
4.6016869919
2.0888666836
1.2349965687
3.2520382150
4.7424220454
3.8357770252
2.3672517896
1.2652130827
4.2099077476
4.0691491859
1.7927107827
2.0764966090
4.8279030623
1.9286838922
4.2726389181
3.0662592797
2.6329851358
3.7965423617
1.8209200329
4.3803563591
