2.9194021811
0.8506217964
1.7537225354
2.3165002283
1.5112085170
3.5554937692
1.9391982183
4.7262036930
2.4052475532
0.7409348412
3.6980174739
2.2500324319
4.5801226948
1.3430237658
2.2573617780
2.1319726789
2.3455833992
3.8844442746
4.6253762665
0.1447181314
3.7740405955
4.3570144302
3.1637455443
3.1846920144
2.9334557192
0.6566607501
4.6647057629
2.1011336795
0.0366377047
2.5191262570
3.9990138970
4.4498503720
4.2852246168
4.9071010570
3.9422314836
3.2567546050
0.5154573240
4.1947467913
4.1205462065
1.3048239687
0.5060607725
3.4917601649
4.3171021749
0.2614534848
3.6355480872
4.3323185431
1.3339151263
2.6852661044
4.2670929580
1.3387301259
4.6670136270
4.5893749596
4.9744406241
1.5477552865
0.8931982356
4.4920468168
2.3234363254
1.8798820951
3.6210990717
1.4090201681
0.1025563929
2.8369606629
2.3780148790
1.8908288368
2.5048702700
1.3582855415
1.9039350350
2.2929431893
1.0463057592
0.8543458146
1.0374066112
4.9990613357
4.8447237296
0.6040465335
3.0023630856
1.2642823920
3.0555464644
3.8563755900
0.2541562178
1.8741182738
3.6775648430
4.3605047966
0.6959294793
2.5494199042
2.9127376894
2.4765556759
2.6278668444
2.2915034669
3.7325809539
1.1382370539
0.1020962661
4.9343827291
4.1080389801
0.4719058196
3.8010993308
0.5334898039
1.4770740100
0.8760719703
0.2789789850
1.8071693445
2.8227673662
3.4608471225
0.5600924083
0.2962553594
3.2232854672
3.3963298354
1.1012176368
2.8090059359
1.8130400640
0.4585641943
2.9300669798
4.8675244577
3.8018038745
2.7557579340
0.0786891867
2.5146067275
1.9660942199
2.7082857715
3.9548422671
0.9269170569
3.9260973743
1.1141403613
1.0231214118
3.7148331842
3.5136892119
2.9055602177
0.6014681710
4.6776551364
0.7252524176
0.6693188575
0.9842694687
2.6847171757
0.6301610878
0.4174851318
4.7628047513
4.5309700795
4.3057890562
3.5403690448
4.6751681232
1.2856334994
4.4171127846
4.5099831070
4.6444562990
0.2335003599
3.6184622338
2.2199342655
1.6850741411
0.8724774779
0.0823878334
2.9135984938
3.9171940321
4.1531641501
2.3522475645
2.3622270298
1.1390649078
0.7550236555
4.4578893165
2.2819228324
3.8919780129
1.4204367839
0.0552491459
0.2249658960
1.1048609006
4.3972119311
4.8689699082
0.2266394330
2.6319154424
1.7596583158
0.1910560191
4.0415234181
0.9702912050
4.6289277781
4.7675328913
0.6493103965
4.3539690551
2.1389417369
0.3791129488
1.9638186081
4.2189228268
4.8919135156
0.4716481038
0.0324121764
2.6929558956
0.8174477126
0.6389602603
3.9869951719
1.5167261136
1.9447679033
1.8164008343
2.2007586009
2.4013533232
4.9752370269
3.0607365319
1.4436845920
4.7892501635
1.5115616515
2.5138557459
2.8193330819
0.8406556529
0.8736072258
0.9581270044
0.2386609420
2.0166336600
2.0744167440
3.5444319703
2.5546845517
3.1835014038
2.4127652670
2.2249796308
2.9839521286
4.8028781352
3.3824677875
4.9576495794
4.3944244822
3.5905176870
1.0288832946
0.3130997537
0.5899800725
1.3861622257
0.2779439139
3.0471216987
1.0929951522
3.7518048299
2.1040299712
1.9762734577
0.6700601502
1.6485770486
4.1246800715
0.9828305957
3.0917621402
0.0902108944
0.4501651107
3.6843587100
3.3235980303
2.8565143855
3.4651868575
1.6331401343
0.5476168355
1.6120223101
4.9723306692
3.4013224608
4.4775798529
0.3170409294
2.5294783532
1.4896610502
0.2966575695
1.8604234049
0.3163664624
1.2423909421
2.9864595112
0.8709434053
0.8721777379
4.3199995655
4.6781507843
0.6780541807
1.1629242914
1.3780194622
0.1173046080
4.1597309444
4.7239907693
2.4165839221
4.1488564667
4.5172222390
2.8422494722
3.4361770574
3.8800704712
1.9017326504
0.6094575311
2.0841774774
4.5289348888
2.8498013311
0.1131440726
4.5694804256
0.9021294261
3.9915298585
4.4049631598
3.3143510655
2.5380345080
2.8235755626
4.2747214797
3.3000006270
0.1916903341
2.0973141543
4.2893085777
1.4321013932
0.0037936938
4.6877648508
2.2610072258
3.2321051018
1.1865012205
1.5723637768
3.9737125674
0.8679663012
2.7548717584
1.6676937901
0.0061363190
3.7324866152
2.9422356246
0.9196825968
3.1889368416
3.1084017803
4.7467575833
4.9070426498
1.1618426353
0.7165698042
2.1792211222
4.7529474221
0.6542960678
2.3078497012
1.4109869446
1.8158457840
1.1991312397
3.7517750625
0.1766762769
1.1822609431
0.6566351255
3.0078392735
3.5670324537
4.6633793015
1.0324698197
0.7906585622
2.1803800954
2.8198091976
2.9269261829
4.9016293134
4.4910128412
0.5373064033
3.5675307239
3.9807362730
3.0727058696
2.1483739924
1.7179584936
4.6073124651
2.8965011255
3.8539253580
0.9924604138
4.1628389043
4.5432091038
1.8247522846
3.8586641260
3.9679665781
3.6500940196
3.4490916490
0.2078484463
2.8661337549
1.8934670362
3.6004860872
2.0889431513
3.4843525105
1.0180377424
2.9053623884
3.5220134204
3.8354885197
2.9116250777
0.9339080251
4.1634221280
3.1038216863
1.1200882112
0.1781376571
1.6259186300
1.3856411655
1.9601133014
0.0403592321
0.0534000320
0.7385108009
1.0529164100
0.7720499896
0.9059754818
0.1666790486
4.5342539319
2.0815378400
4.0733060972
1.5665651288
1.8377525328
2.6885797896
2.3531880459
0.2466195105
1.0699885926
0.4302878739
0.9113143407
3.3820459517
0.9455953217
1.1168510194
4.6835374206
2.7694232522
3.7057118843
1.4637399324
4.3533298600
0.0023416870
2.6581958258
1.3717880732
4.7971999074
4.8305608460
1.0362056786
0.1355665901
4.9553823049
1.0163163584
0.9341576233
4.8972913034
4.3731382999
2.6272918107
3.6359263255
2.6572170258
3.0415322338
1.9620931154
4.7668783592
0.2468152353
2.2208009090
4.3871047354
2.2744047825
2.9783469397
1.1827163826
4.3602845675
0.2446902659
3.8297100630
2.9921082532
4.0553060009
1.2982774890
2.3982613878
0.7465281824
4.8966457647
1.6534401444
3.8689135878
3.9946026600
3.2315337102
1.6124736210
2.5630397220
0.1987501768
2.4475397152
0.9978820970
0.4540573171
3.1405813341
2.3850125021
1.0573421719
1.3071133883
3.5845253027
0.5722693972
1.2606391152
4.7937770088
2.5172287621
2.9496539838
4.7490101203
3.2834188972
1.0203743076
1.5582442814
3.5661224398
1.7719945063
3.6692096349
4.5026465815
4.1270207571
3.0928498437
4.0878368944
1.0981134433
2.1716804195
1.6951642718
2.4478787821
0.8639676704
1.0363090561
2.6715834163
2.7353344911
0.2024114108
3.8693814113
4.6809545897
3.2002099253
0.6192899080
2.1598287856
2.0239583960
1.6669228608
3.0069269486
4.9492180750
4.4835599722
4.1457403689
1.2650427568
4.5136538710
2.9989332116
3.2249230754
0.7209190501
4.3481532277
2.6768178638
3.0212740605
1.9019292454
4.5181343302
4.6997541764
0.4579896922
3.0804684641
0.9893102380
4.0235293019
4.4607807649
2.1619870790
1.3666949168
1.2893155969
3.4069952833
4.3206671517
1.6017437490
4.5478597551
3.1218744084
4.8443222739
0.0281224190
3.4077950049
3.6381807808
0.8610121260
2.5036093357
0.2974229217
4.2704489623
1.5559325516
0.2386953725
3.1544983282
1.7063414128
2.6102841937
4.9301835114
2.0326268347
1.3914955472
4.5065767912
0.2672677610
4.6024513750
4.5403883186
4.0403561782
3.4930683117
4.1130881809
3.4068197534
3.4904359024
3.0694260887
2.1121255746
4.7094462436
4.9527892665
1.2680474982
4.6643973054
2.2493234815
0.0023495419
2.6860970214
2.2897874728
1.1497180261
4.1677401857
2.8264442343
3.7032429345
4.8687109259
0.3827021599
0.3874906073
2.2963130491
1.2106669017
2.2016159757
3.2484628990
1.2748822120
2.2249236288
1.8625709260
3.1150218982
2.3539094818
1.8136379640
1.3680771892
1.7868805188
3.8141682087
1.4633048526
4.3895371450
1.2318616072
3.7210385495
3.1068604301
3.6364044111
3.3855861067
3.8798236239
1.2594388248
2.1546018368
3.4570242493
0.1099374231
1.2478426764
3.0119070517
4.6998490130
1.1313759635
4.2718057255
1.8119352169
4.1284100254
0.5064841601
2.8474923171
0.1649674328
3.6138302036
0.9191460402
4.7468385992
4.4857288766
1.6169745209
4.6187567805
2.1698639163
2.5284772457
2.5057331949
1.1399082030
3.5836636847
0.7922085227
1.7972081047
3.7284863626
3.3972572315
3.1078375233
0.6721241849
3.0743172682
2.5847509700
2.2699042027
1.9683647258
4.5487061603
4.1424592031
0.8033573329
0.3903337356
2.7669236837
4.1938970913
3.8075640004
3.5163876162
1.8012503079
2.9182432147
4.1318004557
4.0714851714
1.1355750235
2.7544080076
4.8866362510
0.9082372236
1.6193572370
2.4588094618
3.8519933840
1.8365776735
3.4042284698
3.2080441954
2.7140343870
0.3183345082
2.5534844977
2.6286705800
3.1488220287
4.6341848595
1.6416755037
3.1992364192
2.6109375893
3.3010905506
3.9125432336
1.1515569947
1.7106085910
2.7107124534
3.1584065873
4.7492754485
0.3446694791
4.4440012308
2.4081121266
2.5452367688
2.2467741182
2.8427914605
2.2648201841
2.0216244016
2.4432361495
1.8625435511
2.5857921876
0.4577150350
4.7358563205
0.2462660775
3.4262070243
2.2121977104
3.9158938987
0.7311179862
4.3257153337
1.0660984142
4.9683662948
2.4873683771
0.1634170866
2.2673960143
3.2181560882
2.7835390596
1.7733212517
0.3214801322
4.7546318579
3.0390546212
1.1428433301
4.9578816002
1.7459376119
3.8620841546
2.4218686151
0.6015218607
1.5046892580
1.3491108693
2.7753327706
3.8175243220
4.6210745264
2.1458683831
2.7097482795
2.7669786196
4.7554490943
4.4165183602
1.3008620614
2.5946432426
1.0392454519
1.6473211462
2.4185176463
2.7092333921
1.6197763369
1.9087019576
1.7742912973
1.1566145561
0.9913604189
3.9297978349
4.3616769473
2.2229784143
2.0627884032
2.7946677633
1.5872363265
1.2391116581
0.7407718963
0.7698679290
3.3395597641
2.4415004158
3.3725893068
1.3176688151
2.1620764159
2.0376885467
2.0412018010
1.6645785688
4.1023116596
4.1315973985
1.1858219600
3.8859205961
4.2363406767
2.4021130481
4.7140673476
2.6670004819
2.1107823600
2.8609748540
1.9528347728
1.1210208977
4.7191932232
3.3128016731
3.8689276657
2.0226209642
3.2142584913
3.4230396331
3.7829227520
0.8711113897
1.4464635958
1.3939032244
1.7470621678
3.4746564241
3.9743154325
1.9323299922
4.1970173696
3.4694510625
1.2866455454
1.4490235848
4.8957307189
4.9081148120
3.2556684140
0.6883906541
4.4333635301
4.8989545218
1.9575138369
3.3932794331
0.1394547175
3.2104460703
2.8777545502
0.2467220350
0.6011360278
1.8093809246
