1.0584232762
2.7697982923
4.8010933774
1.7924671823
4.9004984327
2.1710001455
3.4764136544
0.9759896949
1.1913183808
2.3263915247
3.5548004451
1.3470745168
4.3496119908
3.4831292547
3.1978004977
4.1727686806
3.7685799912
0.6209254562
1.8111963154
3.2064225074
2.2242170285
3.1815007262
1.8072792307
4.3347136245
3.6514135924
3.0887633402
0.3442149987
2.9782667670
3.4653721490
2.8205036309
1.6715228392
4.2489699984
0.2691141633
4.2947921443
3.2515251917
2.2616077877
4.1166854124
0.7295529192
0.1604915651
3.4259477718
1.2548751506
0.6299570945
4.5729473326
3.3487513130
4.0932643513
3.9414798336
1.0867236992
0.6972734501
2.8432484830
4.7909430773
4.7088899191
1.0137458531
2.0020051350
0.3160107095
2.9634597236
1.7242922297
2.4584853595
1.8759191604
0.5360524062
1.1090296196
3.1773139021
4.5413480774
1.3894916511
1.6492064533
4.0255266137
0.6060203036
1.3842435587
4.2516894673
2.5895173387
2.9517507968
2.1508559708
2.3836318572
3.6692005120
3.2652481439
4.5860156995
4.0965547439
4.3076336479
2.2601427616
1.6929651677
3.4482984198
2.6322249124
4.4407305541
4.1399168546
3.5654192598
3.7538391125
1.3721625320
2.4614993529
4.8528179280
0.4388997685
1.5407874824
4.1385143597
3.9300049032
3.0738795212
3.4216990571
2.2363560972
0.2358856950
4.5589150283
4.3700083965
0.0039450549
0.8308507404
3.5658397868
2.0478414680
3.9901831284
3.3739791729
3.0844880390
1.7485544678
0.2465987580
3.1551317484
2.2590991496
1.7193037324
0.9914951115
1.2105615165
4.2240836313
0.2771564404
4.4166432667
0.1934816460
2.4159634208
1.6047677728
0.8421022964
1.7579934677
0.7372591198
3.8697869471
4.1534507062
4.6492145959
4.9403797832
1.0862214670
1.8895553771
0.5808022427
3.7877155188
2.6027438437
3.7545865969
3.8829108686
4.4213037305
2.5172507559
0.9875374728
0.0816514146
4.0754253335
0.7618889464
4.4838745839
4.2411518655
4.8127017863
3.2393779035
2.8906106988
1.4803011003
3.5237463519
1.7090443695
2.9171513283
3.4402602164
0.5578377086
4.1869207587
3.6644513637
0.2010430686
3.2437199230
1.3340564733
2.9846776258
3.7542209759
4.3024039474
1.6344806882
3.3686843857
1.3655407023
2.9752912698
2.4107952441
4.0107733802
4.1905302560
2.2092241854
1.7710496573
1.9266540873
3.2256990586
3.7139784495
4.1333647426
2.9740956188
2.9285379471
2.2866668542
4.8208597495
1.5349450904
2.6651355841
3.7715556336
4.4730580650
3.4160803049
2.0419214874
0.0735735814
1.3734812295
4.1851935923
3.3480173528
4.0906054448
2.7670980798
0.9104202594
4.9302479596
4.4854205858
3.4343080647
3.8717058707
3.7004760107
1.2353341493
1.1269630104
0.7730530690
2.9441521000
4.6195951012
1.4614526342
4.8406274248
3.6725069186
1.1148325666
0.8371037491
2.7399844217
1.4044781212
0.8420829709
1.3162041656
4.7998827233
1.1472043022
3.1600046189
3.9041175996
4.6693738695
1.5878035622
0.5335276187
1.6215882545
0.3538320927
0.9393795269
3.3716745087
0.3119509578
2.9346615848
4.2790836900
0.4595346627
2.4971976313
1.0525688414
1.5570549297
0.3849225710
3.3404612533
1.0671162357
2.1767252913
3.8482605040
1.0183471544
3.3530062778
2.2870209518
1.4534889141
3.5126762861
0.3790356711
2.7762190049
0.9077372802
2.0337388209
1.4773808436
0.7095896300
0.0481230200
1.3503469057
1.7529336662
0.3555296566
1.6960506416
0.1682053982
3.6245241449
3.4478728134
3.5840465432
0.1378967930
1.5173975442
0.3387643736
4.9694008654
4.9357340926
4.2402332267
0.8133587903
3.6452356047
2.3216309165
1.3469030502
1.6242085643
0.8762418895
0.8928544832
1.0852949997
4.0222563164
1.9570179446
2.0040720480
2.4207244171
2.4286401666
4.1401069075
3.6736077625
4.6531972899
1.8260203527
3.2735193550
1.2325525346
2.6551791253
2.8219028741
2.6793932306
0.5646971364
2.0842855434
1.7246691324
1.2927828810
4.4266963380
2.6837984210
2.4040393691
4.4492931835
1.0030520511
3.0991007831
4.4129474870
0.6899233382
3.3411841615
1.4016162194
4.5118558979
2.6592218649
3.0079217236
1.6308609753
3.7470866773
2.3674687580
4.4182023010
0.3126205832
3.9326098395
1.4185066647
1.0957462683
3.7755245264
3.3138562848
0.0620794341
1.2482336665
2.6235135278
3.3495822311
0.2937674932
4.6684365224
0.3976011932
4.6337990331
4.5181243076
2.1283572345
3.0122764667
4.6476175251
2.2233307399
3.2143264864
1.2308522532
1.1369847215
1.5411334885
1.3839800022
2.2666401765
4.7662831653
4.7271840422
0.9159451080
1.5952483414
1.3123147636
2.3779347752
3.2029333304
2.5354097183
2.0041218845
4.3753930053
3.4198869513
2.9150299260
3.8503541389
4.0353210963
3.2201233703
3.7646963193
2.5495399330
4.0335650811
3.5914441027
4.0674419557
2.1748628757
3.3453848604
0.9864330854
0.0014597781
3.5421947676
1.4908598702
1.0502944828
2.2176907739
0.4896444971
1.8131942631
0.7573311897
0.6383665209
3.1533160350
1.6942091799
2.1634245387
4.2028979576
3.3550241745
3.5412756621
3.7446511376
1.3468199985
0.0142140025
2.9618242296
2.9575971121
2.7163023038
0.8522146452
0.8154051955
2.0892611132
2.3991216749
3.8192998989
0.2297314583
2.1060580834
0.5126877441
1.5940232629
1.2575018772
3.3328537777
3.3160724237
1.0832629387
0.5969924529
4.7428082086
0.6069915341
1.1967988629
1.8039534711
4.0938423473
2.2929257072
4.8416191206
3.1784275766
0.3626493792
0.9702736271
4.3412124364
3.1514955032
2.9853573876
1.6544554793
4.5496671982
1.5480769395
4.4763473436
3.5407047002
