3.1063073
1.588568
3.5882176
3.4825077
1.7438093
3.8974506
3.025315
3.8327952
3.3762877
3.7100643
3.1666039
3.3208095
3.3263567
3.1706398
3.2052837
3.3827826
3.272641
3.3797074
2.6178112
3.0467
2.7038739
3.4088247
4.1151551
3.9441707
3.4270081
3.7412538
4.1294231
2.7485836
3.2417977
3.2669824
3.8405395
3.0360534
3.3964186
3.0623264
3.4592326
4.3417264
3.4030287
3.1432891
3.7533953
3.8624266
3.5996983
4.4119515
3.4444947
3.3735911
4.0276867
2.5137532
2.9976562
3.3400085
3.2293741
4.0331163
2.9618375
3.8771594
4.4754777
3.4042628
3.3762117
3.2052785
3.1756957
3.4580465
2.940975
3.0994973
4.2282631
3.4976794
3.0274644
3.6274945
3.8145122
3.1949437
3.9312065
3.3219906
2.3219906
3.0130707
4.1972497
3.4434734
1.345289
3.0467547
2.6832364
2.2759855
3.0886604
3.8338082
3.3798237
3.8361159
3.7498233
3.7850218
4.4007411
2.3298296
4.4086892
3.487379
3.312528
3.9219861
3.1749519
3.1385734
2.864067
3.9248546
3.2939693
2.2130423
3.2113657
3.8071592
2.7207313
3.8253253
2.7349689
3.1373887
3.0706898
3.2897199
3.3765538
3.4008905
3.8041703
3.9722971
3.5710196
2.811905
3.2246072
3.0670455
3.0337866
3.1887987
3.1307622
3.1363593
3.5650818
1.3559101
3.2625574
2.9785472
2.7547506
4.0501915
3.2979863
3.2686047
3.6593302
3.7151321
2.9838262
3.1444565
4.3130133
3.8502545
4.1267951
2.8037694
3.0580194
3.3092784
1.7041801
3.1562571
2.906578
3.2273456
3.9298626
2.8251751
3.0228924
3.3438332
3.1807162
3.0454743
3.7549519
3.7073902
3.4895292
3.1218659
3.4589466
4.0221842
2.7810426
3.8581682
3.344976
4.079159
3.2657504
3.7952701
3.0577165
3.0487849
3.9144911
3.6653202
3.7199369
2.1465009
4.2813843
2.289896
3.9331861
4.0286238
3.3306238
2.9573831
3.5698867
3.0916086
3.8711685
2.2346715
3.5192028
3.4810073
4.0433124
3.0934414
3.4586576
2.7507129
2.9996279
3.1958773
3.1373514
1.8571351
3.5952577
3.1565969
3.3010527
3.2026556
3.1348523
2.4666381
3.6803116
3.5094781
3.5466875
3.7024335
3.8350586
4.1911227
3.3911241
3.3406866
3.0721014
2.5819686
3.9004912
3.5489375
2.5246519
2.1723915
3.6062278
3.1184827
1.9211889
3.2013939
3.7831187
3.3442382
3.5463068
3.0989591
3.4654928
3.116544
3.430443
2.7891603
2.8862789
3.1257261
3.3077059
3.2818404
3.0891691
3.2892743
3.0874769
1.4659083
3.3877641
3.5719195
3.8032071
3.5065647
3.4484814
2.6108852
3.3255241
3.5384345
3.5033624
3.3449171
3.8193885
3.2863625
3.6100737
3.1322958
1.500623
3.7261331
3.3088143
2.6084177
3.5096418
3.175932
3.5394721
3.4583368
3.3876766
2.3392115
3.3597771
3.1858529
2.7528292
3.4142863
3.6767008
3.5916171
3.1803288
3.2860604
2.7984614
3.4567111
3.8652623
3.3425522
3.4235736
1.8601709
2.6800872
4.1194231
3.0752368
3.2175575
3.2794127
2.7358846
3.2598562
4.1625598
4.2265179
2.9016623
3.68226
2.4499315
3.1030215
3.6998531
4.068162
3.4222898
2.935603
4.0696454
3.1850817
3.8152
3.4073552
3.3456709
3.5561137
2.6025003
2.6311288
2.3172374
3.6649949
3.3638247
4.079427
3.2443711
3.315508
3.3959478
3.040087
2.8841664
3.6750297
3.4228683
4.0006465
3.9153028
3.9459488
3.5041623
3.449039
3.6179957
3.954587
3.1629739
2.8287428
3.3305565
3.0896038
3.3840545
2.6729432
3.3381881
3.6726696
3.7198166
2.964229
3.2292285
2.9350098
3.9939279
3.3153788
2.5360492
2.3844187
3.3384837
2.3876224
3.1736297
3.2226278
3.0899213
3.8777252
3.2046593
3.2020316
3.0954625
3.4772474
3.0733978
4.0080813
4.059683
3.3177827
3.5771687
3.3200649
3.4736546
3.3589091
3.8056108
3.6584089
4.5425652
3.4833139
2.9403822
3.1023765
3.1962443
3.660251
3.6727515
3.3605158
3.3338207
3.802338
3.6191963
3.1038299
2.7408405
3.2151296
2.9807994
2.7142799
3.1266619
3.3149424
3.4053401
3.4168519
3.528408
3.2743506
2.9090756
3.4390902
2.9738493
2.7988956
3.272158
3.8767281
3.8176708
3.7237065
2.9906277
1.3738461
2.4591233
3.1860598
3.358994
3.1371499
3.3401673
3.2559594
2.8341118
3.2977164
3.5215234
3.7772341
3.6789839
3.0435699
2.9980931
3.4350381
3.4167672
3.1684886
3.3572949
3.3412165
3.695233
2.8888173
3.5636301
3.4377519
2.9284565
3.683215
3.1439394
3.1836277
3.5323905
2.9852853
3.1206445
3.1435307
3.4425325
1.3910583
2.8628464
3.2006086
3.4103301
3.5838936
3.9171332
3.2600853
3.4929994
2.2755593
3.8827599
2.6294619
2.7296056
3.7897394
3.0792927
3.1724077
2.3598159
3.2594378
3.3027511
3.5268664
4.2756634
2.8818435
2.9243885
3.7327235
3.3174384
3.7309621
3.3236005
3.4415304
3.4761342
3.5887658
3.0767629
3.7584024
3.3294437
2.0194883
3.4800926
3.7779811
2.8993889
2.4785731
4.3791975
3.3872418
2.9385334
3.5937125
3.5386563
2.85075
3.7364278
2.1708951
3.2381818
3.2103022
3.6344957
2.2905507
3.3082967
3.6357128
3.8045
1.8058926
3.245178
3.7060698
3.3950336
3.2001437
2.9272219
3.2841987
3.5143494
3.6480083
3.9812596
2.9649386
2.0539223
2.152896
3.7231759
2.4667171
2.7068062
3.780239
3.2180307
2.2415913
3.5424492
3.8659984
3.50358
4.2717813
4.122343
3.4790832
2.9118996
3.8803936
2.3311385
2.8340181
3.9059139
3.4916028
3.2964709
3.7964809
3.8778919
3.8208322
4.1524652
3.5787533
3.7742684
3.6572197
3.1462642
3.2407091
3.7472087
2.6027843
3.1890442
2.7324374
1.4692823
3.1304956
3.2248094
2.348346
3.6771868
1.7817401
3.1374161
3.242716
4.1424123
3.0309052
3.734478
3.2366466
3.4076745
2.415213
3.0484732
3.7844492
4.0726414
1.8220019
3.3262641
3.7673942
3.0982997
2.980865
3.2229074
3.5656215
4.3944577
3.7631303
3.4031758
3.3311964
2.9961832
3.0546518
3.5252795
3.5901535
3.4167453
2.6386765
3.0893415
2.6845244
3.7968271
2.4653063
2.9005398
4.1726656
3.5954577
1.6857093
3.834525
3.231191
2.2501416
4.5205832
3.3816017
3.873635
3.6719929
3.0575202
3.3667221
3.5193877
3.6670223
2.7595044
3.6631023
3.6430067
3.2081414
3.2823151
3.1739272
1.4781958
2.7956828
3.4625569
3.0818051
3.3720304
3.93494
4.0093961
3.0448496
3.6913024
3.1274298
2.2602902
3.4691853
3.7405327
3.4109395
3.4780779
3.5813195
3.3655801
3.1684557
2.5293133
3.511211
3.5522442
4.1326329
3.0485
3.1634425
2.9603611
3.7580751
3.1510012
3.942389
3.6632571
3.6930213
3.3582803
2.9959944
3.0431165
3.7999135
2.9263042
2.8877956
3.729747
4.3198658
3.5058646
3.8336742
3.7136235
3.5730536
3.1465423
3.2639952
3.265968
3.1561401
4.4049582
2.9882847
3.0689075
3.0537535
3.7273413
4.0280178
4.1348837
3.6084504
3.5919526
3.0693756
3.2813704
3.2452824
3.8246037
2.7562964
3.5165755
2.8073515
3.3561592
3.9624676
2.90753
3.2749237
3.2757191
3.0157395
2.814824
3.1393953
3.8308505
3.4868083
4.0558696
3.6840053
3.2626896
2.8294271
3.2728531
3.0613721
3.2310494
3.197553
2.8600795
3.2348618
3.2151824
3.4010105
3.1154
2.8656644
3.8085839
4.2428331
3.4388172
3.1754805
2.9454542
3.7581012
2.9421513
3.8379411
2.9440709
3.1982444
3.2003214
3.4597052
3.8665307
2.8897217
3.1954281
2.9142504
2.1234532
2.9689669
3.8392421
2.0455776
3.3153539
1.9952353
2.4041619
4.0538322
3.7949411
2.933295
4.1281282
3.2034056
3.169562
3.979977
3.0129179
3.2268179
3.0433053
2.6461199
2.8580468
2.916551
3.3494012
4.2792223
3.380559
3.3833729
2.1722729
2.1146683
4.0928553
3.4276815
3.5104973
2.8754623
3.4512359
4.120406
1.6090658
2.4903866
3.3843886
3.2972776
3.5805447
3.7630183
3.1151965
3.1784224
3.8636351
3.5997575
3.1795113
2.0059382
3.0458224
3.3399887
3.4091386
3.3547929
2.6399917
2.5942566
3.0531077
3.1370195
3.5546203
3.4260897
3.0650803
4.0050198
2.6455633
2.4771871
3.6258073
3.2278089
3.6375524
2.9671558
3.6411447
3.5046217
4.1219707
2.7790131
2.6740031
2.9735238
4.2261128
3.646387
3.1655075
2.583939
1.6257109
3.1220028
3.0070999
2.9724803
2.1430331
3.3680872
3.1607863
2.9756079
3.2134145
1.9444586
2.8076778
3.5494573
2.901724
2.9126318
4.1214867
2.7297114
3.1712094
2.7976282
2.9400789
2.4849265
