3.497
5
4.042
2.534
5
2.903
2.763
4.881
3.524
3.303
3.072
4.58
5
3.803
2.016
3.88
3.569
4.137
4.448
5
3.38
4.355
3.541
4.355
4.655
4.089
4.305
1.934
4.105
3.814
3.464
0.853
2.639
3.625
3.798
3.256
0.911
2.774
5
2.497
3.019
4.355
3.964
4.007
2.18
2.981
4.243
3.379
4.355
5
3.88
4.387
3.014
3.072
3.673
4.564
2.242
2.647
4.154
4.655
3.332
3.933
1.87
2.497
4.146
3.264
4.243
4.243
2.073
3.762
2.534
3.297
3.964
3.372
4.183
4.655
3.573
3.88
5
3.281
1.87
3.875
3.557
5
3.56
3.88
2.497
2.912
3.74
4.655
3.264
3.465
3.265
4.468
3.312
3.957
2.912
2.253
4.154
3.887
4.127
2.411
5
3.737
3.468
2.621
3.407
3.88
3.737
4.591
3.023
4.169
3.88
3.385
4.581
4.355
3.462
4.169
3.064
4.349
4.072
4.19
1.785
3.446
2.242
4.468
3.134
5
3.557
2.912
4.207
2.848
4.095
3.502
4.243
4.169
3.557
4.232
4.448
2.818
3.88
4.15
2.997
5
2.686
5
3.448
1.635
4.568
2.729
3.502
1.923
2.571
1.923
4.939
1.38
3.321
2.3
1.903
3.88
3.544
3.516
2.842
3.468
2.944
4.203
2.955
1.699
4.655
1.414
4.077
3.737
1.175
3.172
2.956
1.682
2.569
3.899
2.841
3.551
4.355
3.737
4.536
3.025
4.042
3.913
4.169
4.075
3.639
2.971
4.564
3.88
3.88
2.497
3.655
2.203
3.782
5
4.894
3.88
4.154
4.655
4.103
4.655
2.497
2.944
2.864
2.769
3.834
3.772
2.242
3.385
0.818
3.868
2.654
2.769
5
3.512
3.444
3.064
2.994
3.153
4.071
2.271
3.88
2.912
2.996
2.726
4.448
3.091
4.466
3.623
3.01
3.808
2.497
4.064
1.171
2.733
3.861
3.527
3.471
4.192
4.15
4.154
3.996
5
4.178
2.977
3.303
3.581
2.962
0.541
2.763
3.878
3.943
3.837
4.168
4.564
2.792
3.932
4.576
2.769
3.557
2.792
4.448
3.787
1.711
2.096
1.666
4.103
4.105
4.448
3.502
2.938
2.823
1.461
5
2.948
2.541
3.56
3.851
2.946
3.737
4.524
2.912
4.252
3.468
1.682
3.287
3.557
1.788
4.719
3.467
2.203
3.425
1.16
4.561
4.054
4.103
4.587
4.154
4.215
3.91
2.769
4.91
3.602
3.56
3.998
5
3.298
2.971
3.544
3.737
2.848
2.46
3.928
3.741
4.655
3.375
3.35
2.962
4.544
3.306
2.913
3.746
3.2
4.169
4.154
4.564
4.355
5
3.312
3.081
4.169
1.509
2.623
2.844
4.817
4.579
4.54
3.581
3.737
2.497
3.821
4.147
3.955
2.912
3.639
3.052
3.303
4.209
3.88
3.56
2.203
3.376
2.94
2.429
3.357
4.355
3.602
5
2.242
3.88
5
4.355
3.633
2.769
3.372
2.912
4.655
3.557
2.422
2.73
2.242
2.64
3.479
4.541
5
2.971
3.448
3.239
3.934
3.346
2.14
4.484
3.469
2.962
4.573
3.566
3.115
2.639
4.226
1.937
1.154
3.74
3.88
3.782
4.063
2.685
3.744
2.905
3.88
3.557
3.264
0.999
2.962
3.847
4.355
4.655
5
3.836
2.93
3.671
4.367
0
3.688
3.281
4.939
3.281
3.468
3.54
3.478
3.134
3.737
3.416
3.248
5
4.355
3.468
2.885
4.166
5
3.601
4.655
4.26
3.4
3.694
2.489
3.417
3.293
5
5
4.169
3.645
4.169
3.14
3.56
5
4.926
4.939
3.471
2.718
1.555
3.948
3.04
2.227
2.912
3.751
4.564
