3.5
3.51
3.357
2.505
2.886
3.686
3.439
3.268
3.743
1.356
3.584
2.909
2.323
1.544
4.349
4.336
3.668
3.699
0.56
4.587
3.336
2.398
4.411
4.828
4.46
4.244
4.62
3.728
4.41
4.852
3.03
3.905
4.084
3.78
2.804
3.608
3.914
3.443
0
3.697
4.227
2.72
3.628
4.054
4.468
3.443
1.461
2.323
4.863
3.606
3.63
4.583
3.348
2.831
3.737
3.804
4.1
3.898
3.504
3.52
3.319
2.36
0
3.258
3.133
2.936
3.173
5
4.15
4.879
0.76
4.687
2.336
3.521
4.019
3.286
4.283
4.626
2.726
3.222
3.608
4.183
5
4.405
4.51
2.504
4.05
4.532
4.569
2.726
4.506
3.457
1.278
4.776
4.321
3.994
3.501
3.672
3.71
2.0
3.222
4.23
1.914
0
3.432
2.803
3.977
4.485
3.628
3.585
4.591
3.902
4.767
0.341
1.914
4.188
2.972
2.972
2.937
3.205
3.38
3.527
0
2.967
2.726
3.756
2.938
3.402
0.064
4.107
3.755
3.245
2.964
3.108
3.815
3.093
2.376
3.718
2.983
3.107
4.451
3.977
3.281
2.315
2.352
1.356
2.886
4.108
4.616
3.465
3.795
4.743
3.422
3.25
2.707
3.73
4.995
3.522
3.791
0.468
2.792
2.812
4.31
3.722
5
4.385
3.403
4.025
2.636
2.28
3.209
2.947
3.118
3.906
2.875
3.609
3.914
3.472
3.813
3.443
3.76
3.921
3.898
4.076
4.763
4.81
3.928
2.648
4.43
3.684
3.812
3.864
3.81
2.875
3.533
3.238
3.724
0.468
3.554
3.134
4.534
0
4.634
3.852
4.435
3.834
3.436
4.707
4.457
3.732
3.806
3.172
4.62
4.006
3.63
2.34
3.159
3.5
4.831
2.594
4.773
3.443
2.69
4.586
4.077
3.274
4.112
4.662
1.278
3.733
4.532
3.723
3.859
2.569
4.729
4.287
4.148
3.41
3.73
3.185
4.324
4.277
4.842
1.278
2.328
3.801
4.321
3.548
3.204
3.202
3.769
4.534
4.009
3.091
4.719
3.046
3.587
4.486
2.717
3.17
3.546
2.216
4.227
2.569
3.025
4.271
4.814
4.499
1.278
2.569
2.574
0.468
3.001
4.632
2.582
3.713
4.152
4.739
2.371
3.772
3.64
2.938
3.198
4.296
3.202
4.19
4.62
2.815
0.341
4.018
3.942
2.972
3.726
4.515
0.468
3.52
1.414
4.112
3.299
4.12
3.644
3.922
3.309
3.969
2.861
1.275
3.476
1.914
3.894
2.938
3.318
4.091
3.802
3.408
4.764
4.46
2.0
4.036
3.795
3.707
3.017
1.914
4.544
2.817
2.7
4.967
4.534
1.278
0.028
4.612
3.22
3.22
3.902
3.575
3.99
2.737
3.708
4.184
4.703
3.34
4.271
3.443
3.443
2.906
3.437
3.936
4.764
2.289
2.817
4.534
3.372
3.521
3.426
4.763
4.008
3.39
3.357
4.372
3.883
3.583
3.833
3.312
3.486
4.62
4.521
4.79
0.468
3.532
4.662
4.612
4.767
3.767
3.454
3.955
4.428
2.963
0.129
3.217
0.341
3.005
3.945
3.442
1.275
3.841
3.348
1.175
3.628
3.173
4.089
1.161
3.831
4.534
3.527
3.667
3.694
2.747
0.816
3.62
3.997
