2.69021967479
1.22996055921
2.00886772235
3.57478030523
0.960969249407
3.45753288065
2.24399041853
3.63117718876
3.73448308025
4.3599609269
2.02935799832
2.67093932806
3.46968804154
2.06421656758
3.00118389483
3.08319251434
2.959773482
2.61201752891
2.91757876934
2.69545152452
2.92777777778
3.50703655021
4.375
3.8433015038
3.72997334003
4.05454545455
3.61528822055
1.60111007171
1.96866363331
3.23365274759
3.73365270893
2.40203625422
2.77187372699
2.4618542373
3.29342942238
4.27543859649
2.89481118193
2.69054250273
3.88247951926
2.91234740662
3.58102003069
4.26543209877
3.18238213327
2.00323897252
3.96732026144
1.7152356274
2.65559731841
2.9250028491
3.45682429936
3.51594302853
3.15865202238
4.31874752641
3.91022218201
3.20216497157
3.04029180855
3.26706698736
1.88444444444
3.4700876655
1.80554529667
1.83709225159
4.71466666667
2.65923760606
2.21229181403
3.74772449075
3.71111111111
3.04963733986
3.08944101121
3.20671448388
2.20904486246
4.07618707021
3.67406507983
2.75651437847
0.602731946841
2.31086803145
3.18269058326
1.00361632605
2.34399687058
3.54617653771
2.44612049109
3.82851171742
2.69223965137
4.17959656705
3.63970828049
1.69987876633
4.92222222222
2.5848914768
3.27337163651
3.33324571037
2.55434645677
3.06917302154
2.58327425336
4.04761904762
2.61013894223
1.93506775274
2.61149253315
3.98183564696
1.84278475797
3.89682539683
1.72013594094
1.66128383722
1.85689929691
3.25396825397
2.95088905585
2.40190858841
3.5911882281
3.65693844076
3.1994047619
1.98673547733
3.16750371695
1.69503242799
2.52484064301
2.92353761897
2.71593801399
3.08940383366
3.95
0.650423050423
2.89196021629
2.06417733973
2.17644647712
3.52777777778
3.24331872496
2.70860037539
3.03269350218
3.53066238216
2.57689863443
3.19822500207
3.95833445731
3.31227021598
4.4358974359
3.06107444498
1.92247404495
2.06852432556
1.52015240639
3.29066614336
2.35256507458
3.75797767838
4.03935549822
3.88888888889
2.80070056182
3.62611147372
3.33113809099
3.19932643267
3.80287771466
3.38361706359
3.34286583739
2.11786791165
2.41544034527
3.71852242199
2.87078833126
3.50928746652
3.03963981111
4.1670794236
2.51167843739
3.37692720921
2.2218601505
2.58244773472
3.87055325508
3.33518268974
2.97777777778
1.62081841811
3.78823529412
1.2554259883
3.6400658656
4.1881184745
2.68395195594
2.27732323692
3.32993593216
2.86421458217
3.06895312879
1.8613529279
3.84091795387
3.92156862745
4.24824463024
2.32624641108
1.94158815925
2.876060475
1.49668426752
2.43234677713
1.9380952381
0.811525384751
4.04546853966
3.67132453521
2.6445520415
3.5545882227
2.5391313253
0.780443246548
4.07527037767
3.30125471581
3.32515896857
3.44773957417
3.67193297545
4.36833333333
2.50196798359
2.98170787781
2.95802731001
1.59257083318
2.64370843943
4.32052393541
0.935185080767
2.48437794156
3.26155392234
3.66116980712
1.60220643339
2.76717082318
3.584375
3.68271173403
3.85791417304
2.19281535076
3.41189764195
2.30479484002
3.64914547967
2.86142091375
2.33640789887
2.06792176655
2.80128770964
2.7296212395
2.0756744828
3.3431216849
3.45542230115
0.483340434091
2.30442313939
2.63469387755
3.76552704298
3.31434702838
3.33653312549
1.49385342984
2.73008707798
3.27961009009
4.23111111111
2.78483715389
3.19862993956
2.57064222991
2.96666666667
2.76496594923
0.623272400112
3.76220735783
2.14416650492
2.11239796354
3.35
3.2438432484
3.05875122045
2.49693301349
3.27177771529
1.12429026228
3.20336555518
2.2356035312
2.73852109778
3.02677983046
3.32997361859
3.1701047841
2.4358647176
3.1443654628
0.341590151191
3.59846399625
3.17857142857
2.23751655508
2.92123727556
0.73392073654
2.79360400713
3.93153365039
2.09182762027
3.2625761148
2.44478560108
2.96656978595
2.77260036285
3.83461396782
4.36111111111
1.59838164389
2.39149189057
1.01004100426
1.83683803763
3.70727863967
3.78854701366
4.18076779292
2.85478742048
3.86245823509
2.79439035952
4.01265184959
2.60663005214
3.4723185148
3.30373195913
1.65596077707
2.27092815551
1.89814232003
2.74808724721
2.6272305224
3.99766017709
3.16920198094
3.92857142857
3.6574919336
1.93693818741
3.53758187783
3.90338607215
2.46440575826
3.18958333333
3.54861111111
3.5763469046
2.99090909091
3.18287306945
3.81644981847
3.95160441955
1.75482516372
2.53653178004
2.94401865294
3.51653449237
2.08500583222
2.14025690158
3.34433699396
4.17391304348
3.46861230213
2.58628331229
2.13333333333
3.11607918595
3.93940693454
2.2346812427
2.54367983686
2.59516075452
3.32011183262
2.02173960209
1.53810173245
3.07241941255
2.46151925967
3.66666666667
3.65933754047
3.33933353684
2.55344511007
3.82456140351
2.34863793684
3.71536745199
3.54249008008
3.56427313909
3.53655508572
2.90313924849
3.95555555556
2.22516350448
3.20482787117
4.39583333333
3.19674050808
3.35755401572
2.22184945477
2.54944841067
2.01157058369
2.8432998891
4.00319771957
3.24027777778
2.38338600505
3.94313151595
3.39514043902
2.01651308537
3.15151515152
3.81082660357
2.0202345346
1.69093341461
2.23913747755
3.41046060448
3.27636640022
1.97221059355
3.31065040185
2.2301269788
2.87683674766
3.01447170311
2.5018968304
2.3701301837
2.72209672795
3.97580829789
3.47753012578
3.24776342543
2.3326928906
0.464308559327
1.93265799628
3.25468351894
4.12727272727
2.69428961192
2.1306783763
3.59003719922
2.22683495336
3.07406379558
2.75659111324
3.03032155765
2.86911695823
2.39887093537
3.28325055281
2.90953720266
2.98445622944
2.10247939069
2.59027373426
3.36982743897
3.57679051511
2.68634895579
3.04888888889
3.06859673952
2.99669746501
2.89694901369
2.79147771623
1.63036294565
3.39512133516
2.46590320468
2.93071768992
1.71499580542
2.85404515031
0.677870488664
1.7518360951
2.47198407461
2.70398573568
1.51884207683
4.60097784104
3.59641997019
3.85863806559
3.02801961043
3.51130238578
2.09487535152
1.99811846972
2.96825579613
2.54167969113
3.24057971014
2.16630583482
2.67237978578
2.10304194768
2.51567769902
3.22274243898
2.40364592854
2.47184498257
3.21318989449
2.49548529413
2.6112846436
2.48378529958
3.63124950685
3.61830269849
2.84116684331
2.92170348432
3.43087265912
3.05205267668
2.04748345725
2.92171307038
3.48704807488
2.75212553404
2.19275713033
4.23447538614
3.59381849454
3.20251525063
3.46971500485
3.35887349492
2.38052049694
3.73374405034
1.91448479349
2.8985688807
2.5374720494
3.62036464832
1.09919221799
2.48093462547
3.29760448138
3.68060814994
1.44408488853
2.84490555249
3.2847585218
2.19013733326
2.24142438173
2.89231093884
2.37714098875
3.82923123737
4.42
3.94
2.78622568603
1.04718041579
1.59001392157
3.29108417802
2.2985478282
1.15050860356
3.08194444444
3.06781755061
2.75054554462
3.22420484355
2.95632029526
3.94252756314
3.88740516504
4.87142857143
3.40381613943
2.16814699385
3.4
2.24904117607
2.09341814667
3.73673469388
2.94491577646
2.9449744953
4.24404761905
3.7973317794
3.11281931884
4.07569011872
2.92870070253
3.53121304575
3.49534165507
2.69131730795
2.93417455293
3.05261671046
2.44172351463
3.25670005216
2.85555555556
0.602732392279
2.85394049479
1.63093931618
1.14105875908
3.46673344147
1.72055862593
3.1647104462
3.38376050677
4.295
2.71111111111
3.04483775337
2.59323560109
3.11891181469
1.98824093077
2.06472034754
3.43963274822
3.55366174443
0.397269183748
3.27623507188
3.55440758098
3.14509803922
2.60421066991
2.70399976042
3.30137671591
4.21572768861
4.24444444444
3.00503416061
3.36756329047
2.29710076849
2.61272094466
4.00023864211
3.36333918571
3.02104685307
2.5820116806
2.12264525933
2.13267524923
3.54975397478
2.4316481736
2.03444615682
4.31746031746
3.2967082599
0.585486900239
3.65400279045
3.92629658381
1.76220435074
4.76086956522
2.76246727743
3.45361607075
3.5357808523
3.43596300284
2.61077296734
3.65471870445
3.44775973192
3.72896642912
3.61410723329
3.43968186303
2.13242147196
3.34382146729
2.9753021121
0.579043374459
2.92179628531
2.83786007365
2.7
2.97442242732
3.57936507937
3.94314373136
1.73197820038
2.49144885865
3.38786659629
2.42198187979
3.0258337313
4.21690565348
3.08319251434
3.75840719427
3.82621433128
2.41147940216
3.33318052716
2.22310076488
2.63888741391
2.73886718782
4.09204413062
1.82876662058
2.43311444067
2.073050855
3.14805832363
3.290662611
4.30158730159
3.74440817344
3.32844936728
3.28637771502
2.27376354569
2.46827537363
3.4822043433
2.9772246556
2.11244253019
3.75927915732
3.78763842842
2.92169137061
3.33196519322
3.52929919461
3.11294282609
2.42273026263
2.93395194771
3.06231121899
1.80050534231
3.91247024518
2.67624751971
2.83896420002
1.54230134054
3.49956717752
3.13933461607
4.51275089437
2.81782872279
3.50140918096
2.32839369111
2.65080135091
3.61256974638
4.12992396673
3.90740740741
3.04772963354
1.84857524525
3.03469387755
3.70458128055
2.58274197419
2.52777777778
3.51515151515
2.44880101445
2.5337903939
1.81878923758
3.27156550558
2.58225423594
4.25362318841
3.98627800432
1.72493549188
2.40035679936
2.89309654349
3.80778447787
1.95481195131
2.80703465157
1.532013391
3.65539756748
2.61965388867
2.54388043375
2.23490848882
2.21725651821
3.62222222222
4.20666666667
3.517887838
2.42230482591
1.91366753578
3.7141709741
3.09395735504
4.21795684276
2.51748755968
3.59021399866
2.94181973794
4.04443546401
3.28726460388
3.09721623306
2.44376763069
2.28571428571
1.45702331972
2.7496397955
2.99324999094
0.389316101611
2.95195021339
2.71159456253
2.15084366728
4.13433333919
2.68863867316
2.19060841699
4.10317460317
2.28811328519
2.28420697526
4.14440211417
2.19989245671
3.90483342391
2.70384104365
1.2470072544
1.48083733235
2.677180117
2.58125
3.66666666667
3.44850699902
2.23423941107
1.26500449105
1.95578231293
4.17543859649
4.04503479269
2.87926781461
2.50112442625
3.02312918981
4.29487179487
0.704720030774
1.90034609347
3.56522296468
3.54255713787
3.85119657326
2.97222222222
2.80409108119
2.94429290656
3.71905053139
3.06927896539
2.48070796529
1.17567938261
2.46093128486
2.82980056671
3.68432176836
3.10758668833
2.52873405591
1.38530010765
2.69270011708
2.32808510615
3.20682340162
2.53333333333
3.1339155568
3.50294520532
1.7428240722
2.42889783373
2.98156805908
2.93104802503
3.6862745098
2.91389329022
4.26530612245
3.59052687635
3.61686440468
3.02714519333
0.977939468026
3.05757575758
3.85
3.97058823529
3.26590517455
1.86534984463
0.924915071577
2.39963791688
2.3420517566
2.89796965455
1.26310703887
2.48379948457
2.88742852343
2.51079107761
2.93669157682
1.03190236886
2.60910331488
3.02145782338
3.98295682885
2.5486169897
4.21666666667
2.79506208996
2.36567253272
2.32971593661
2.33633649349
1.70467667369
