2.56589
3.05406
3.15426
2.85817
3.15426
3.54496
2.54092
2.25887
3.19962
3.52381
2.82091
3.07131
1.04997
2.19987
2.38036
3.43836
2.53965
3.99302
2.60695
3.85963
2.83911
3.32272
2.15124
2.84555
2.88301
2.87016
1.04997
2.9026
2.48866
2.38232
3.40067
2.59987
2.8595
3.39576
2.97666
3.48704
3.48704
2.9621
3.27153
2.19987
3.79539
3.79539
2.69478
3.1737
3.35809
3.32938
2.41427
3.20761
3.79539
3.79539
3.04312
1.53094
2.84555
3.49895
2.69598
3.48704
2.38244
2.9149
2.6746
3.89003
3.19962
3.02395
3.53786
2.78332
2.84555
2.59479
2.19987
4.67514
2.72331
2.72331
2.5753
2.92469
2.15657
2.15657
2.97666
1.80238
3.14592
4.02105
3.48704
2.37135
0.644999
2.40003
2.40003
3.65602
2.66328
3.48704
3.29967
1.27495
1.04997
2.52649
3.5648
2.97666
2.15657
2.19987
2.19987
2.19987
2.19987
2.19987
2.2923
3.19926
4.75696
2.51822
2.42059
1.04997
1.04997
3.01507
2.58526
2.74296
1.77182
2.65846
2.40003
2.84555
2.31712
2.40003
2.51093
2.35423
4.77896
3.07866
2.10827
2.6304
2.85455
3.14973
1.99993
1.39949
2.19987
2.61193
3.86102
2.19987
3.17817
3.35099
2.24467
2.74855
3.11714
2.90265
3.59591
1.04997
1.04997
2.97161
0.200054
1.59978
2.97666
3.2931
1.03295
2.91979
1.82984
2.52572
2.38244
2.19987
1.99993
2.86457
1.75808
2.84555
2.84555
3.80005
2.20013
2.76522
2.30464
3.01717
1.94637
2.90516
2.51957
2.83756
3.12372
2.89428
1.14954
2.99071
4.01239
3.27224
2.52757
1.05712
2.53671
1.03295
2.66257
1.94042
2.38244
2.39714
2.47297
0.200054
0.200054
2.19987
2.19987
1.04997
1.04997
3.79569
2.67078
2.47648
2.90064
3.10434
1.27516
2.69168
2.63462
1.03295
2.57889
1.03295
2.52243
3.02515
3.58725
3.25921
2.80005
3.35239
1.41046
1.03295
3.27809
2.76296
2.54843
0.200054
4.06073
2.54725
1.03295
2.63298
2.44069
2.53417
2.40427
3.66415
2.48612
2.72716
2.53808
4.37035
3.9551
4.37035
2.97666
2.9615
2.19987
3.09229
2.59255
3.53803
2.59357
2.38244
2.86208
1.37493
1.03295
2.61362
2.65001
3.79988
2.51352
1.84915
2.40969
2.51494
1.03295
2.63315
2.54084
2.50959
2.58234
2.75864
1.75808
2.23658
1.75808
2.37189
2.10793
2.65516
3.08606
3.06894
2.61664
2.80547
2.61421
2.87914
2.53639
1.03295
1.03295
0.200237
3.10487
2.72119
2.4242
2.80005
2.10513
0.199684
2.27763
2.78885
2.61028
2.46863
2.5833
3.08023
2.78885
2.53475
1.69323
2.68781
3.51107
0.800121
3.27739
2.70168
0.199928
1.03295
2.76436
3.13657
2.77624
2.72947
2.73782
2.38244
2.55153
2.55744
2.3878
2.82872
2.52975
2.83519
1.39949
2.44566
0.653418
3.25065
2.29215
1.39643
1.94042
2.51703
1.01824
2.7261
2.31695
2.83755
3.27562
1.31663
0.59999
1.03295
1.03295
2.53434
1.82869
1.19563
2.11748
2.6744
1.94042
0.80047
2.51457
2.9124
2.46272
2.19999
1.00013
1.14456
2.46486
2.29909
1.21842
3.87487
0.59999
1.94042
1.94042
1.44575
2.68381
0.59999
0.454554
1.37493
0.950089
2.34756
2.74411
2.88531
1.03295
1.03295
1.03295
3.39489
0.80047
2.2896
0.199684
2.75427
2.17406
2.02597
0.80047
0.600396
1.61858
2.76911
1.27516
2.77646
0.59999
2.56676
2.5104
1.50002
2.51364
2.62059
0.200212
2.93057
2.55398
3.26676
3.00723
2.84803
2.88918
2.67131
3.27054
2.64828
2.45654
1.03295
0.824494
2.5133
1.18084
2.51086
1.49059
1.4792
2.7856
2.58292
2.14469
2.29909
2.75732
2.70806
2.57611
0.199684
1.63157
2.07523
1.94817
0.199684
3.1396
2.42989
1.77141
2.07879
1.16863
2.53276
2.60001
2.75073
2.49691
2.71755
2.4108
2.54818
2.53845
2.39722
1.34951
1.22673
0.856525
0.315557
1.40014
2.32746
1.999
1.36945
2.56277
2.0937
2.08963
2.65347
0.700128
2.63889
2.52516
2.16635
0.856525
1.39992
2.21055
0.856525
2.44481
2.55695
2.74101
2.70766
2.51329
1.69135
2.59995
2.62494
1.16249
2.52818
2.3971
2.24395
1.03208
1.54175
0.270328
2.51355
2.76216
0.856525
2.52261
2.9527
2.55358
2.63198
1.41124
2.68381
1.52637
2.5655
2.68288
1.88183
1.74047
2.00739
0.651195
0.684335
2.25264
0.767703
2.23894
0.315557
2.2321
2.51177
2.30936
2.82477
2.60415
2.03262
1.88186
1.85378
0.938225
2.30915
2.52663
0.20038
0.110836
0.802331
2.5308
1.9014
1.75739
2.60224
2.57377
2.28933
1.41905
2.57678
0.856525
1.5366
2.74012
1.29823
3.08567
2.54314
0.199995
2.61681
2.45366
1.70169
1.82248
1.45887
1.03695
2.3753
2.3753
1.39992
2.37741
2.3753
0.856525
2.83905
0.988686
1.85278
2.20659
2.54852
2.4653
2.51882
2.32572
2.36025
2.78368
0.856525
2.51335
0.767276
1.60353
0.94002
2.59173
2.98129
2.56478
2.19098
2.57751
2.63438
2.20117
2.13505
1.29929
1.95173
2.49143
2.05015
2.29838
2.91963
0.725163
1.98421
2.35403
-0.0680126
1.02225
0.599993
0.24386
2.15037
2.0512
2.23541
2.81077
2.40988
1.15726
2.09138
1.52263
2.3753
2.27855
2.51697
0.49983
2.30718
0.955374
2.52197
2.88457
2.49226
1.32072
2.56334
1.3613
2.24635
0.340402
2.15637
1.34825
2.23286
2.33427
1.37338
2.53902
1.4117
2.08205
2.64393
2.49396
2.53452
2.12966
2.23269
1.999
0.943472
2.71562
2.51269
2.34136
2.51265
2.44552
2.42244
1.77126
2.32344
2.40461
2.33679
1.60412
2.34468
1.55172
1.21335
2.3753
0.733236
2.60597
2.51365
1.14538
2.51493
2.3753
0.340402
2.46946
2.48864
2.44227
1.3184
2.46678
2.5141
1.47824
2.46314
2.78435
2.01254
2.4896
1.00794
2.37896
1.20038
0.98968
0.199995
1.83524
2.52667
2.52042
2.37318
2.27278
2.65009
2.56348
2.3507
2.50143
2.60773
2.51282
1.68758
0.315557
1.14706
0.962142
2.09955
1.72673
2.32587
1.0568
2.31177
1.00853
2.18802
0.926703
2.87239
2.36124
2.33688
1.53522
2.52135
2.59125
0.199742
2.43459
1.93195
0.500595
2.24767
2.55776
2.09693
2.49217
0.199928
2.57611
0.733236
2.49229
2.50433
2.60642
2.42824
2.42199
2.522
2.42217
2.50994
1.67396
0.83744
2.15365
2.50688
1.56477
2.51201
2.57461
2.02386
2.40822
2.46431
1.7166
2.52378
2.09566
2.52235
2.13348
2.4076
2.51265
2.51281
1.87853
1.46265
1.98317
0.659058
1.44991
2.38552
1.79849
2.5044
1.3639
0.690437
2.51324
2.25765
2.11746
1.58361
2.46023
1.88421
0.19718
2.35614
1.05052
2.32341
2.38905
1.20004
0.918994
0.153451
1.05702
-0.054157
2.16209
2.17515
0.542724
2.5311
2.84842
1.08112
1.4841
2.75346
2.74274
0.421851
0.999677
2.47603
1.94318
2.68369
1.99596
2.51289
2.51454
2.49493
0.548268
2.06108
1.12915
2.51329
2.40822
2.06273
2.07251
1.95042
2.46541
2.06908
0.515905
2.53249
2.46139
2.53386
2.49877
2.31397
0.800234
2.27604
2.39143
1.81723
2.43225
1.93296
2.22904
-0.0680126
0.18724
0.198339
