2.920
2.147
1.595
1.702
1.505
1.834
1.429
1.072
2.299
0.019
1.805
2.003
0.000
0.000
2.107
0.000
2.494
2.555
1.072
1.364
1.364
0.000
2.003
2.781
2.071
0.000
1.364
1.505
2.107
0.000
0.000
2.147
2.698
1.238
0.000
1.621
0.000
1.702
1.364
1.576
1.548
1.429
3.081
1.505
2.780
2.300
3.081
2.229
0.955
0.000
1.833
1.548
2.228
2.228
2.485
1.764
1.702
2.757
1.701
1.505
1.429
0.000
2.043
1.364
1.649
0.000
1.353
1.196
2.145
0.000
2.095
1.212
2.063
1.593
2.628
1.595
1.429
1.505
1.023
0.000
2.871
2.227
0.980
0.000
1.196
0.000
0.909
0.593
0.000
2.107
2.460
2.698
3.345
1.364
2.430
1.257
1.128
0.027
1.702
1.171
2.744
1.834
2.107
0.000
2.095
1.506
1.590
1.011
1.760
1.594
2.257
2.099
1.171
2.104
1.352
0.000
2.411
2.003
2.228
2.003
1.307
2.028
2.003
2.003
0.000
2.229
2.920
0.000
2.227
0.000
2.780
1.970
1.257
2.228
1.196
2.107
1.359
0.000
1.735
2.781
2.780
2.003
0.000
0.163
1.072
2.221
1.595
0.000
0.928
1.287
0.000
1.364
1.031
2.669
1.701
0.000
1.368
0.000
1.701
0.000
0.000
2.451
0.000
1.957
0.000
1.764
1.834
1.764
2.430
1.833
2.430
0.017
0.000
0.000
2.553
1.834
2.182
2.227
3.079
0.000
1.501
3.081
0.000
2.374
0.000
1.913
2.130
2.003
1.466
2.731
1.344
1.196
2.781
0.000
2.345
2.003
2.323
0.980
2.440
1.594
2.145
0.000
0.538
1.833
1.501
1.353
1.913
2.553
1.702
2.430
0.000
2.871
2.971
2.003
0.000
1.914
1.913
2.137
3.309
2.698
0.000
0.000
1.364
2.229
1.595
0.000
1.429
1.307
1.129
2.107
2.430
1.505
1.970
1.101
2.107
1.466
2.553
1.212
1.834
0.000
2.871
0.955
2.227
1.416
0.000
2.001
4.170
2.554
3.256
0.000
2.228
3.408
2.107
2.554
3.691
3.615
2.892
2.781
3.345
1.505
3.081
2.763
3.408
3.584
2.781
2.374
3.506
3.615
3.798
1.833
2.355
2.107
4.012
2.871
2.433
4.170
2.660
3.081
3.081
2.228
2.494
2.554
2.043
2.722
2.323
2.698
2.228
3.508
1.594
2.145
2.698
3.188
3.408
2.001
2.555
3.691
3.273
2.003
1.997
1.913
2.430
2.408
2.228
1.913
3.081
3.691
3.079
3.081
2.698
3.615
3.408
4.176
2.909
3.079
2.638
3.081
3.691
1.445
2.511
2.808
3.345
3.798
3.081
3.615
1.913
1.701
1.364
4.170
3.503
2.107
3.081
2.553
3.645
2.554
3.866
2.554
3.506
2.227
2.424
3.082
2.085
3.452
2.660
2.323
1.833
4.177
3.345
3.941
2.520
2.375
2.460
3.273
3.233
3.584
3.081
2.374
2.871
3.273
2.107
3.081
2.107
3.081
1.764
3.079
4.174
1.833
2.780
2.781
3.273
3.273
2.387
3.081
2.203
1.805
2.430
3.273
3.866
2.920
3.506
3.408
3.798
2.871
3.506
2.430
2.430
1.505
3.694
2.227
2.780
3.079
2.304
2.871
2.781
3.273
1.833
2.908
2.374
2.304
2.920
1.701
2.624
2.780
3.584
3.081
3.081
3.256
2.416
3.273
3.082
2.553
3.273
2.780
2.551
2.871
1.834
2.374
1.594
3.241
2.920
2.529
2.698
2.470
2.551
3.079
2.950
2.374
3.941
2.554
3.233
3.273
2.003
2.698
3.081
2.001
3.506
3.081
0.000
2.699
3.081
2.304
3.506
2.460
1.594
2.871
3.345
1.127
2.781
3.345
2.229
2.107
3.273
1.913
3.506
2.554
3.798
3.798
2.001
3.345
2.554
2.554
2.374
3.503
2.639
3.691
3.291
3.353
2.660
3.345
3.345
3.081
3.347
2.871
1.594
2.950
3.506
2.430
2.834
1.913
2.178
3.798
2.554
2.137
2.781
2.001
3.273
2.555
2.871
3.081
3.345
3.506
2.871
3.680
2.660
2.323
3.273
2.554
3.584
3.408
2.478
2.971
4.174
2.781
3.948
4.177
3.305
3.508
3.866
3.506
3.408
3.913
2.950
3.345
3.503
3.736
3.691
3.913
3.800
3.691
3.948
3.233
3.691
3.866
4.174
4.177
3.079
4.176
3.798
3.081
3.694
1.134
3.584
3.506
2.323
4.170
3.736
4.176
3.615
3.503
1.984
3.079
3.503
2.114
2.737
3.800
3.736
3.837
3.233
3.798
4.178
3.941
3.081
2.107
3.233
3.990
2.950
4.174
4.170
1.343
3.997
3.798
3.081
4.551
3.508
3.509
3.798
3.615
3.506
3.271
3.506
3.694
3.345
2.299
2.554
3.691
3.645
3.081
3.506
3.798
3.441
3.408
3.089
3.503
3.694
3.615
3.997
2.920
3.345
2.323
4.177
4.624
3.188
3.691
3.615
2.624
3.506
3.506
4.177
3.866
3.347
3.081
3.503
2.778
4.177
3.691
3.866
3.695
2.107
3.503
3.798
3.691
3.691
2.344
4.177
3.615
3.893
3.691
4.178
3.798
3.081
3.436
3.798
4.177
3.503
4.246
3.508
3.753
3.584
3.345
3.347
3.188
3.694
3.206
3.048
3.508
3.997
3.436
3.866
3.506
3.866
2.430
3.082
3.506
3.508
3.273
2.553
3.617
3.273
3.868
3.128
2.284
2.553
3.798
3.753
3.273
3.753
4.177
4.178
2.861
4.177
2.920
2.998
3.985
3.083
3.695
3.233
3.273
2.539
3.584
2.660
3.081
3.913
3.081
2.780
3.976
2.685
3.800
4.180
3.744
3.693
3.345
3.691
3.976
3.506
3.913
3.915
3.694
3.798
3.798
3.082
3.866
3.694
4.177
3.508
3.508
3.584
3.557
3.997
4.177
3.452
3.206
3.503
4.177
3.584
2.638
3.584
3.866
3.408
3.273
3.508
2.107
3.188
3.948
3.345
4.177
3.798
3.866
4.176
3.081
3.475
3.617
3.997
4.624
3.645
2.871
3.508
3.948
3.305
3.508
3.506
3.691
3.081
3.615
3.508
3.615
3.615
3.753
3.506
3.691
4.177
1.913
3.948
3.691
2.781
2.920
3.915
3.273
2.629
3.694
4.176
2.553
