1.24639
2.87658
1.2666
1.95763
-0.14911
3.454
4.91843
2.71212
-1.54994
1.61628
0.217044
2.02304
-2.46712
0.826464
2.30747
2.17647
7.08104
1.37144
5.3364
-0.374193
2.88253
-0.0429858
2.95511
0.106572
0.645002
5.5434
4.07528
2.2306
5.00317
3.0508
1.54796
0.17589
5.91459
4.17864
5.41584
5.6084
5.6084
4.58361
4.18412
0.867323
1.45226
8.20006
2.21488
2.85743
-0.914729
4.70875
3.7981
-0.0164275
3.14594
3.14594
2.89954
-2.96932
4.3078
4.40268
4.90635
3.88402
2.01586
1.90629
4.02395
-0.773759
2.7147
1.23902
5.07541
4.17061
4.35428
6.53958
1.69248
5.21714
-0.494091
-1.61775
1.91096
3.01325
1.63359
0.618452
2.4983
5.03577
3.14916
2.46026
5.3545
2.54491
0.356177
1.03203
1.49574
-0.623772
2.95373
1.86704
1.41769
0.293426
-0.152949
3.3698
5.27617
2.58485
2.3446
2.23394
2.23394
0.867323
0.867323
0.867323
6.36548
1.81768
7.39638
1.76473
5.87538
-0.886829
-0.646392
2.47054
5.10846
0.740503
-0.47887
1.97138
0.370711
5.04301
5.36636
6.44366
4.44471
3.2577
-0.199942
3.20475
2.78959
6.34181
7.02294
4.49978
1.3281
1.70633
3.53411
1.47755
2.24912
0.867323
4.63393
1.92501
3.88221
2.85255
-0.15322
3.83756
2.54234
-1.3366
0.857546
1.42821
-1.1623
1.75877
-0.576572
-0.925122
1.03946
0.49616
-1.21132
-0.450407
0.989172
2.51781
3.12411
5.2551
-2.71336
5.80746
0.487174
1.92381
-0.927041
3.59898
6.20552
4.88048
2.68622
-0.528164
1.52681
-0.242299
2.01129
3.7341
5.74986
0.86456
7.81593
4.24756
1.5025
1.70413
-1.12564
1.21086
-0.130342
-1.25332
1.80526
-1.06489
0.356084
-0.504952
-1.97199
0.596003
0.631593
-0.152949
-0.302167
3.18866
3.53594
6.28172
4.89978
3.40411
1.79089
2.15254
0.818575
-1.85694
4.59729
1.45434
-0.242461
0.817831
1.97501
1.39596
1.1337
7.48617
5.4082
0.205969
6.45193
2.53573
4.42187
-1.97199
4.34373
4.57551
-0.796293
2.6058
2.61332
1.91021
1.69226
3.14945
4.15852
1.08757
-1.3673
3.83421
2.43049
2.71506
2.86158
5.35924
0.70014
-0.941309
3.97263
4.17623
0.555317
3.10083
-0.130642
0.617262
-0.0003238
3.40229
3.21602
4.87976
0.670748
3.02248
-0.0329355
3.56523
1.35592
1.76247
3.62929
3.91225
1.23294
1.79966
-1.1676
0.725993
-0.966759
0.665018
-0.472045
0.334617
4.74802
1.90492
0.38559
3.93426
2.84495
1.12561
2.76939
1.13186
-1.13963
-1.55874
-1.04438
6.24902
0.800453
5.3237
-1.57181
1.1439
0.223042
-1.15325
4.06658
-0.385053
-1.91047
2.59811
3.45364
1.6307
1.28099
0.217994
-1.4782
-0.962849
1.87252
0.828497
-2.37638
1.4635
1.64211
3.3692
2.40587
3.31597
2.75864
4.14106
4.4515
0.116886
1.23062
1.06848
2.74133
1.77362
0.139527
0.419135
0.343811
3.82166
4.32214
-0.0277125
2.38389
1.11195
2.4152
1.32148
2.05096
3.66234
2.18292
-1.62453
-0.283291
0.953916
0.465504
2.11805
-1.1032
1.2423
-2.93792
4.17128
-2.37894
2.95913
0.657756
5.54755
5.1129
2.52721
1.17732
0.46309
1.07069
1.72854
0.196546
5.05697
0.799284
-1.71338
-1.64421
3.82897
3.65623
-0.980145
0.807518
-0.911409
3.17939
-0.734788
1.98943
1.41887
-0.815494
-3.61781
2.59942
4.14455
-0.691752
1.1213
-0.70623
2.90304
3.54553
-0.155215
0.374995
-1.4899
0.508349
3.64754
0.389668
3.46893
1.08468
4.64756
4.16591
0.631108
1.35753
1.77267
-3.77818
-1.58771
-0.106775
0.324557
4.55205
2.51682
3.20263
5.26654
5.21805
1.96659
1.09679
-2.51497
-2.2307
4.41245
-0.592296
4.57426
-0.588149
2.63816
-0.284391
2.73032
0.636597
-0.710789
1.46686
-1.89674
4.21728
-1.48635
1.02818
0.269842
-2.10457
-2.09844
4.4767
0.274423
-0.637011
4.19737
-0.860712
4.07463
1.44128
1.14524
3.70287
2.05578
1.69926
3.7022
2.59514
1.98664
1.18932
1.1506
-1.57173
-1.93566
-2.41822
-0.869736
-1.29514
-0.048575
2.0807
-0.976238
1.14111
2.56196
4.23852
0.898245
4.43572
0.853663
-0.965839
-1.55738
0.832212
-2.71189
-0.439901
2.69258
4.66843
1.7961
3.46682
0.890352
-0.0149678
2.02017
2.23461
2.31664
3.74339
1.29916
4.32264
-0.346716
-0.492502
3.42941
-1.12015
-2.14927
2.2712
4.0291
4.88527
2.84744
2.5131
2.38761
-0.164171
1.89538
4.73017
5.61146
2.30588
-0.244744
1.81352
-1.00391
2.98802
-1.6803
-0.585295
-0.779559
3.28273
1.78589
0.603665
1.63157
2.87117
0.818371
-1.40957
-1.08983
-0.24247
3.12587
1.80138
-2.60249
2.6674
0.363334
4.42442
-1.13297
3.26275
0.999953
1.52329
1.93979
-0.247696
2.94919
-1.09276
1.06909
2.7059
-2.10568
5.42208
-0.745435
-2.38627
2.01014
1.70637
2.66705
0.303778
0.0373264
1.27583
-1.78663
-2.42198
-3.31311
-1.49991
-1.65795
-1.45236
3.49179
-1.01474
0.514558
0.492541
-0.318401
4.02923
4.7997
3.00501
1.94529
0.329613
-1.11954
-0.282325
-0.84861
1.49699
0.661752
2.83137
4.7525
-0.158604
-0.689175
-0.844703
1.80897
0.510046
1.1781
0.797584
1.43981
1.28556
1.57761
3.74956
-0.118913
2.71552
0.0377087
-0.538191
-1.16344
-2.8179
-1.89475
-1.6903
-0.239405
1.877
2.08202
1.69664
2.50835
1.53129
-0.0564004
-2.43592
-2.75666
-1.51787
4.21248
-1.12675
0.447312
0.678467
5.13508
2.64138
-0.508423
1.92714
1.89716
-1.63432
-1.70843
0.385924
-0.0916085
3.94334
2.26042
-0.769462
0.911958
3.41804
-3.22176
3.51238
3.04581
3.93782
2.85478
0.935934
3.71334
0.969759
-2.35121
1.21123
0.888899
2.75398
3.02458
0.739289
0.837308
2.6115
1.30323
3.23517
-0.983657
1.5622
1.26288
0.690672
2.79804
-1.55839
-2.3029
-0.30707
-0.379527
3.91199
-0.0450375
-1.39492
2.34647
1.53343
-0.434541
0.559225
3.19885
5.8584
3.88171
1.03757
0.364676
1.22999
1.1495
2.12704
0.0250828
0.221637
0.240467
-1.02153
0.861162
3.1339
1.38061
2.91454
-1.55825
-1.21004
0.484134
1.11913
-0.649056
3.13111
3.00096
3.38827
1.79643
1.83687
-1.05023
-1.11147
-0.701243
0.185357
0.215754
3.02249
0.550863
0.795499
0.633652
-0.81079
4.79734
-3.68009
1.72052
-0.290779
4.35027
1.98456
1.07345
3.60086
-0.560784
-0.0933965
0.464071
2.50952
-0.306689
1.03572
0.728959
1.95838
1.53304
3.82048
-0.617304
-0.410687
2.14578
-1.41472
1.20367
0.104882
2.54075
1.93788
-1.22034
-1.23862
0.557267
-0.126031
3.0172
4.23126
3.39331
4.50855
-0.373497
-0.851215
-0.707116
-2.15896
5.68415
-0.223722
-0.587031
1.95637
3.21952
2.9433
3.1712
-1.91523
3.35519
0.019105
0.7267
-2.01344
3.67813
0.0428334
0.339307
0.0642134
-0.922063
-0.544897
-2.79135
-1.0559
3.78533
-0.710317
2.24544
3.21076
2.72132
2.24038
2.62578
-1.44531
-0.377655
1.95819
2.03294
2.536
1.69616
2.04705
2.37417
1.50903
1.58462
1.67873
0.786722
2.80829
-0.883718
2.08638
-0.785284
2.65857
1.69279
-2.40651
-1.0017
0.734414
1.57103
0.186854
0.185482
-0.168042
4.30808
3.13378
0.273778
1.25467
-0.54386
2.99007
-0.32573
2.09603
1.71602
1.60328
2.0583
-0.48243
3.42298
-0.944948
1.9715
1.07947
0.802785
-0.514632
-0.319118
0.0805285
-1.83719
0.697618
-1.88795
