3.1127
1.5378
3.6177
3.1786
0.9894
3.8072
2.3854
3.7791
4.1083
4.1937
2.8426
3.1324
3.1995
2.3410
3.3752
3.3354
2.8741
2.6963
2.4018
2.6495
3.5141
3.2552
4.2414
4.3836
3.4205
3.9385
3.4893
2.2869
2.5493
3.7745
3.7116
2.9008
2.8707
2.8215
3.9171
4.5596
3.4920
2.5407
3.1064
3.6855
3.3588
4.7027
3.8582
2.9861
3.9351
1.0416
2.5222
2.8102
2.2676
3.4495
3.2117
4.2864
4.5662
3.2330
4.3781
3.7303
2.3681
2.9341
3.0411
2.1290
5.0000
3.0124
2.6298
4.4680
3.7358
3.1233
3.3469
2.5391
1.4782
1.9645
4.1795
3.6183
1.1201
1.7583
3.0725
1.2729
2.7183
3.4128
2.7432
3.7216
3.9176
4.1930
3.8197
0.7979
5.0000
3.9241
2.0415
3.8892
2.9944
2.7380
3.1034
4.2657
3.2195
1.9009
2.8537
4.3893
2.6520
3.5939
2.3468
1.4765
2.2309
4.2773
3.3843
3.1263
3.4123
3.9795
3.5174
1.9106
3.4961
2.3995
2.8740
3.3936
2.9130
3.2380
3.8979
1.1603
3.1311
2.1350
2.5816
3.9196
3.8657
2.8727
3.2180
3.6218
3.0817
3.1443
4.7119
3.7204
4.5456
2.5457
2.9356
3.2263
1.9819
2.3972
2.4815
3.3926
4.4680
3.7662
2.6143
3.4292
3.7122
2.6148
3.2540
3.1723
3.8722
2.2441
2.9532
4.1648
2.7046
3.2168
3.6067
4.2329
2.5926
3.3865
2.9726
3.4322
3.6584
3.4047
4.0624
3.2827
4.2240
1.1350
3.7462
4.6473
3.0479
2.7003
4.4097
2.6120
4.2971
2.2775
4.2091
4.0829
4.2417
2.3091
3.3913
2.6008
2.1632
2.4035
3.2983
1.4019
3.8080
2.7049
2.5304
3.2425
3.4606
2.5412
4.0269
2.8726
3.0842
3.7453
3.7870
4.4606
3.3806
3.1305
2.6163
2.0242
3.2971
3.9129
2.7771
2.8004
4.2333
2.7435
1.5403
3.1803
3.7009
4.3419
3.4507
2.3424
3.1768
2.3758
3.3392
3.2988
3.2488
2.5256
3.2964
2.7606
2.2804
2.5068
2.8829
1.1012
3.0365
3.2998
3.8178
3.1724
2.8572
1.4988
3.9556
4.0272
3.3590
3.6061
3.6398
3.0068
3.4887
3.4288
1.1732
3.8030
2.4264
2.0019
3.1718
2.2147
3.7079
2.9683
3.0323
2.4175
4.1174
2.8624
2.1201
3.3662
3.4554
3.8027
2.7150
3.2744
1.9205
3.9143
4.1776
2.4593
3.7145
1.0065
1.8661
4.2710
2.1142
4.0653
3.3496
4.1528
2.7313
4.2247
4.2936
2.8804
2.7241
2.1035
2.9925
3.7814
4.2389
4.3325
3.5000
3.7895
3.4278
4.0492
3.5261
3.7731
3.6497
2.4878
1.7998
1.6948
3.6605
3.0449
4.0676
3.5613
3.9194
3.4358
2.3375
1.8726
3.9613
2.5803
3.5939
4.0869
3.2390
4.1804
3.3996
3.9620
4.0808
2.5004
3.8380
3.4101
1.9488
2.0159
1.1089
3.8927
3.9868
3.8001
2.4626
2.9001
2.7864
4.0007
3.4272
2.2975
2.7912
2.9208
1.7526
1.5015
3.2648
2.6898
4.4615
3.3899
3.6063
2.8235
3.1465
2.8850
4.3622
3.8842
4.0810
3.7959
3.5560
3.5240
3.2460
3.8151
4.6748
3.4926
3.0234
2.3464
3.3425
2.8276
3.2547
4.2875
3.7370
4.0094
4.3304
3.4102
2.4209
4.2556
2.0920
2.4408
3.2422
2.8223
3.6987
3.6657
3.0539
3.3418
2.5357
2.5419
3.3090
1.5811
1.8344
2.4920
4.0706
3.4105
3.6022
2.6531
1.1603
2.4704
3.1220
4.4899
2.8898
3.3388
2.7428
2.0721
3.8583
3.2602
4.1959
3.3673
2.5686
2.7743
3.7339
3.5138
3.0658
2.6718
3.7606
3.5960
1.8345
3.9764
3.9293
2.3011
3.5829
2.8905
2.6753
4.1138
2.4673
2.5681
2.7649
3.0055
1.1603
2.3319
3.2715
2.5322
2.8841
4.4181
3.6498
3.2573
3.2591
3.6175
2.8528
2.4983
3.9511
1.7000
3.4096
2.8773
3.2761
2.4925
3.4891
3.9381
2.6970
1.7882
3.6935
3.3956
3.2774
2.5420
3.4280
3.6441
3.5453
3.3592
2.9938
2.7013
1.2596
3.2636
4.0410
2.7470
2.7324
4.2864
3.4578
1.3335
3.1233
3.1255
1.7001
3.6996
1.8800
3.0275
1.9087
4.6575
0.6952
2.8407
3.3957
3.8983
1.7809
3.3560
3.4544
2.6728
2.8432
2.5817
2.4422
3.6671
4.7232
4.1849
2.7415
1.3692
3.2827
3.2300
2.1334
1.0489
4.2863
3.0385
2.4300
3.1872
3.8102
3.2862
3.9831
4.7881
3.3351
2.5512
3.7290
2.7643
2.9222
4.4371
3.4743
2.8987
3.7105
3.8626
3.1360
4.1024
3.8252
3.9344
3.4760
2.2724
2.8080
3.9334
2.6407
3.7534
4.0420
1.1012
2.4752
3.4809
1.2547
3.2880
2.2864
2.1545
4.8618
4.2796
3.0403
3.9137
2.6673
2.2635
2.2434
2.8727
3.6175
4.4471
1.0950
3.6223
4.0762
3.1183
2.1581
2.4999
3.3088
4.1271
4.5600
4.0448
2.8046
1.8783
2.0124
3.0122
2.9566
3.2155
1.8249
2.9817
2.6550
3.4766
3.1956
1.3276
4.7105
4.0500
1.5378
3.3020
4.4708
1.0027
4.8178
3.1920
3.3095
3.8505
2.1318
2.8267
2.6754
3.3147
3.3121
3.5402
4.2686
2.8640
3.3568
3.3924
1.1201
3.3896
4.8349
2.3962
2.7810
3.5933
4.3238
2.7584
4.2433
3.5471
2.6266
3.4638
4.1593
3.1145
3.6960
3.3322
2.5830
4.0751
1.9813
2.6132
3.2935
4.1934
2.4453
2.8543
3.5157
3.2344
2.3341
4.0155
4.0710
3.0611
3.3603
3.2412
2.3654
3.2507
1.6175
1.3590
3.7383
4.4432
3.2988
3.3512
3.9109
3.2876
3.2039
2.9230
3.2053
2.9109
4.1704
2.6410
3.0990
2.2843
3.3609
2.9037
4.1214
2.8253
3.6388
3.8911
2.8108
4.1084
4.2676
4.5046
3.1845
2.0476
2.8285
3.5322
2.4771
3.8721
4.0292
2.2831
2.0255
2.8206
3.4844
3.6434
4.0930
3.2890
2.8881
2.2337
2.6468
2.6546
2.7814
3.3205
2.7135
3.0606
2.9481
2.6492
2.5907
2.5629
3.9011
4.6246
3.0563
2.9372
2.5533
3.6921
2.0413
3.0663
2.4806
2.9902
2.4282
3.7161
3.2624
1.9888
2.8236
1.6851
0.7643
2.2084
4.4431
1.2830
3.3640
3.6402
2.4126
3.9802
3.7153
2.1070
4.2200
2.3732
2.7941
4.6367
2.2905
3.7122
2.6722
1.8914
2.6363
2.7163
2.2425
4.3793
3.4049
3.3642
0.9708
2.0837
3.9991
3.1228
2.5093
2.5566
3.8203
4.4487
1.2192
2.4892
3.1182
3.0528
4.0205
3.5851
3.0786
2.3443
4.0523
3.4729
2.4666
1.5313
3.4803
3.4647
3.5389
3.3152
1.7859
2.0316
3.7280
3.1872
3.5433
3.5584
2.5762
3.1981
2.2491
2.2861
3.9326
2.9182
4.3740
2.6436
4.4198
3.6297
3.9760
3.2573
1.8608
2.7537
3.8553
4.2375
2.8610
2.8314
2.1097
2.9778
2.5570
3.1665
2.3227
3.0980
2.7701
2.3962
3.2141
1.7358
1.9810
3.7188
2.9158
2.6878
3.7192
3.7931
2.6295
1.7444
2.6078
2.5261
