3.6560
2.7329
4.3525
5.0000
3.4678
2.9297
2.8269
2.3639
3.2968
1.1134
1.9038
2.4186
1.8240
5.0000
4.8321
3.6426
3.5379
3.7251
1.3326
2.3210
2.3639
2.9706
3.3004
3.5648
4.4430
3.1792
4.6365
2.3141
3.6014
3.8148
2.2019
4.2925
4.8545
2.6724
1.3376
2.7374
3.9966
3.6560
1.6699
2.9713
3.3967
1.2003
3.6476
3.1153
4.0292
3.6560
0.0000
1.8240
4.0047
4.4000
3.1153
3.2036
2.2132
2.3477
2.7814
3.2319
3.3748
3.9951
2.7802
3.8749
3.7348
1.8499
1.6699
3.0838
2.2019
2.5274
2.4773
5.0000
3.3686
4.8320
2.0393
3.4139
5.0000
4.4000
4.3383
2.5072
4.2234
3.9093
4.2589
2.3021
2.7374
3.5576
5.0000
3.6798
4.1967
1.5064
3.7032
3.9567
3.4139
4.2589
4.8656
1.7189
5.0000
4.4538
4.5380
3.2947
4.3237
2.4300
3.0111
2.3471
2.6566
3.9765
2.3516
1.6699
2.7662
2.3631
4.2925
3.2871
3.6476
2.2525
3.3191
4.1899
4.3954
0.0000
2.3516
3.1824
5.0000
2.5274
2.5469
1.1435
2.6611
5.0000
1.6699
1.6783
1.2003
3.1652
2.5274
2.5852
1.6699
2.8124
3.7900
2.6413
3.3415
2.8269
2.7328
1.6632
2.5638
2.0543
3.9908
3.6860
4.8656
3.5665
3.3344
1.9390
0.7114
1.1134
3.2389
4.0030
3.7159
3.0763
2.9245
4.0047
2.8838
2.6451
2.6451
3.9951
4.0846
3.7026
3.3748
5.0000
1.2003
4.6365
1.8354
3.3027
5.0000
2.8605
3.6923
3.2900
1.7145
3.6851
1.6380
2.3515
3.0215
3.9437
3.4584
2.5318
2.9318
3.0838
3.2060
3.6560
2.9713
4.3383
2.7621
3.3686
2.9614
3.7275
3.7572
5.0000
3.2036
5.0000
2.6577
3.9385
3.8487
3.4584
2.9713
2.6588
2.7756
5.0000
2.3548
3.8916
1.8354
1.6699
4.3443
3.6798
4.9898
2.4127
2.8412
4.6165
3.3121
2.3902
3.1445
2.0510
4.6365
3.6146
3.1153
2.5864
4.3148
1.9038
4.4177
2.1070
4.1069
3.6560
0.0114
3.4139
2.1949
3.1443
3.9425
4.6165
5.0000
2.3902
3.9567
2.6724
3.4344
4.2559
4.7965
4.0944
3.1445
2.7198
3.7870
5.0000
4.2189
4.0613
4.4177
5.0000
2.4924
3.7278
5.0000
2.3984
2.3021
2.2019
5.0000
1.8354
3.8224
2.0342
4.0372
2.3545
1.5397
3.5565
2.2036
2.7374
4.1191
1.8240
4.2234
4.2559
3.5541
3.3216
4.1152
3.4874
5.0000
3.7448
0.4227
5.0000
2.8118
3.1321
4.0399
3.3027
4.2318
3.4139
1.7911
2.8520
3.2063
2.5274
2.7457
3.3893
1.5692
3.3495
4.6365
3.1194
0.0000
3.7063
3.3889
2.5274
2.8496
3.4407
5.0000
3.3169
1.2409
3.9425
2.3045
3.9425
3.4480
2.8940
2.4014
4.0534
2.1947
2.5670
3.7500
2.3516
2.9991
2.5274
3.6048
3.7032
2.7787
5.0000
3.1461
5.0000
2.3471
4.8545
2.7738
2.7458
3.7562
2.3516
3.1145
3.0071
2.3983
3.6533
1.8354
5.0000
2.1022
3.8260
3.3478
3.2300
2.8940
3.2612
3.6146
3.8984
3.4674
3.0779
4.7312
3.9951
4.3715
3.6560
3.6560
2.7892
3.2758
3.3060
3.1461
2.4924
1.2003
1.8354
2.3639
4.4000
2.5208
3.3348
3.2586
3.4584
2.3021
5.0000
3.2594
3.1291
3.0340
2.3890
4.6307
4.6365
3.5648
3.4139
5.0000
4.1899
4.6165
3.8260
4.3954
1.5930
2.9482
4.8320
3.1089
2.3515
3.2663
1.9902
0.0000
2.3545
3.2319
3.1241
2.5670
3.5074
2.5384
1.2911
3.6476
2.4773
4.1063
1.4095
2.7102
1.8354
1.7008
2.4248
3.4863
2.6948
0.0000
1.7295
3.6886
