2.4207
4.6098
2.7649
2.2265
4.8200
2.8556
1.0975
3.0010
3.9440
2.5745
2.1835
4.7279
4.8200
2.5275
2.3603
5.0000
2.4200
4.0900
4.5861
5.0000
3.5049
2.9640
5.0000
2.9640
4.8200
3.4428
2.6023
1.0039
4.2897
3.1375
2.4993
3.4371
2.3403
3.5049
2.8919
5.0000
1.3991
3.1205
5.0000
4.8200
2.5993
2.9640
3.8436
2.5179
2.4363
2.5745
3.1103
2.3708
2.9640
4.8200
5.0000
4.7370
2.8968
2.6212
3.1203
3.8682
4.8200
1.9628
3.9002
4.8200
2.7519
3.3979
1.9858
4.8200
3.0346
2.8436
3.1103
3.1103
4.0188
3.1886
4.3057
2.9676
3.8436
2.1597
3.9002
4.8200
2.1816
5.0000
4.5378
3.1046
1.9858
3.1566
3.1093
4.8200
3.1093
5.0000
4.8200
3.2388
4.2969
4.8200
4.6365
2.9667
2.4902
4.5861
2.2255
2.5858
3.2388
2.4363
3.9002
2.8806
3.4288
2.3236
4.8200
4.3544
2.9667
3.5892
2.8128
5.0000
4.3544
4.2897
2.7549
4.2888
5.0000
2.6276
4.2512
2.9640
2.4929
4.2888
2.4182
3.5932
3.1000
3.9002
3.3739
5.0000
4.8200
4.5861
2.2472
4.7660
3.1093
3.2388
3.9002
3.0512
3.8436
2.4809
4.1530
4.2888
3.1093
3.3608
4.5861
3.9555
5.0000
3.8270
2.4628
4.8200
2.5187
4.8200
2.1597
0.6918
4.2897
1.4221
2.4809
3.7298
3.4052
3.7298
4.8635
5.0000
2.9535
4.0869
1.5782
5.0000
3.4054
2.2255
2.4628
2.9667
2.4628
4.1789
2.5993
2.7317
4.8200
1.0878
3.3091
4.3544
4.7183
2.4353
1.8451
1.6466
2.2706
3.0009
2.7508
2.4809
2.9640
4.3544
4.2897
2.4708
3.0429
3.3131
4.2888
4.0233
3.6734
5.0000
3.8163
5.0000
5.0000
4.8200
3.4397
2.6808
3.2126
5.0000
3.7567
5.0000
3.9002
4.8200
3.0346
4.8200
4.8200
2.4628
2.3561
3.1966
3.3038
3.5080
4.8200
2.6276
0.7823
4.1241
1.8829
3.1966
4.8200
2.9879
2.6000
2.1361
2.2812
1.0950
2.8101
2.4560
5.0000
3.2388
2.4000
5.0000
4.5861
3.7619
4.8200
2.4605
3.0433
2.7649
4.8200
4.5946
1.7729
4.0175
4.2932
4.1590
3.1046
3.2527
3.4145
3.9002
3.0259
4.6098
3.4405
2.9811
2.5745
4.5261
2.4628
5.0000
3.4005
4.8200
4.5969
3.2546
3.4288
3.8163
2.7260
2.6220
4.6365
3.1966
3.1093
2.7260
4.5861
2.7087
1.5322
2.4549
2.3313
3.0346
4.2897
4.7877
2.4809
3.0433
3.6156
1.5401
4.8200
2.5993
2.1599
3.1093
2.8813
1.0039
4.3544
4.8635
3.2388
3.4081
2.9667
1.6466
2.2255
3.1093
2.2753
4.8200
3.2503
2.6808
2.1597
0.1021
4.6021
4.2964
3.0346
4.0937
3.9002
2.8128
2.8813
3.1966
4.8635
2.8863
3.1093
4.7699
4.6098
3.5140
5.0000
2.5763
4.3544
3.0512
2.6614
3.2465
3.6210
4.8200
2.5763
3.2254
2.4628
4.8635
1.9529
2.4353
3.3794
2.3042
4.2888
3.9002
3.8163
2.9640
5.0000
2.8436
2.1632
4.2888
4.1836
0.5995
1.0039
5.0000
4.0816
4.6191
4.0175
4.3544
4.8200
3.1375
3.9002
2.4605
3.2388
3.6734
3.1879
2.5745
5.0000
5.0000
3.1093
2.6808
2.8436
2.4861
2.6677
2.3844
2.9640
2.8863
4.8200
4.8200
5.0000
5.0000
2.9640
2.7087
3.1966
2.3701
3.2388
4.8200
3.1093
2.5543
1.4077
4.8200
1.5663
4.8447
3.4052
4.8200
5.0000
2.1597
1.9754
2.7649
2.5114
2.9663
4.5861
2.1619
2.4628
4.2897
2.8015
2.2255
3.5049
3.9002
1.5956
4.8200
4.2969
5.0000
3.2126
4.0258
1.8489
2.9604
2.4930
5.0000
3.1093
4.6365
1.7729
2.4628
3.1203
2.9640
4.8200
4.8200
3.1375
3.1966
2.8015
4.0937
3.5149
2.2043
2.2255
4.8635
2.2255
2.9667
3.2698
2.9667
2.2255
4.3544
2.4628
2.1597
4.8200
2.9640
2.9667
1.1141
4.2897
5.0000
3.0389
4.8200
4.1854
2.2628
3.5098
4.6365
3.0826
2.5763
4.6098
4.8200
4.2888
3.0231
4.2888
3.7415
3.1093
4.8200
4.8635
4.8635
3.1046
3.0433
0.7315
3.0009
2.4960
1.9552
3.2388
2.6129
3.8163
