3.95618
3.75086
3.72486
4.44388
4.51097
4.09674
3.94116
4.2395
4.54868
4.31005
4.05058
4.30432
4.18734
3.7091
4.77147
4.50557
4.65857
4.41559
3.44717
4.48965
4.29441
4.05061
4.58483
4.90373
4.36283
4.42564
4.56039
3.06453
4.58582
4.94417
4.2497
4.37737
4.5981
4.50063
3.90958
4.35036
4.51004
3.63383
3.80475
4.69451
4.84751
4.47248
4.43987
4.5603
4.46334
3.81273
3.07579
4.18734
4.65255
4.9271
4.6532
4.34862
4.24532
4.18068
4.6641
4.62396
4.49562
4.92601
4.63505
4.44504
3.11954
4.23415
3.80475
4.79595
4.42391
4.75205
4.19106
4.76133
4.65959
4.2829
3.95168
4.45117
4.67899
4.73526
4.52098
4.33376
4.75395
4.9694
3.69402
4.47355
4.35036
4.59771
5
3.71764
4.0635
3.29186
4.55632
4.62442
4.5251
3.69402
4.89385
3.14785
4.9194
3.78029
4.66339
3.13569
5
3.37589
4.30399
4.03665
3.4516
4.61137
3.91567
3.80475
4.46808
4.51432
4.37097
3.76062
4.43987
4.32143
4.31248
4.47664
4.98413
4.27465
3.91567
3.75664
4.67795
4.95045
3.57269
4.06523
4.5815
4.59304
3.82206
4.25194
4.48407
4.34692
4.485
4.37866
3.79432
4.89678
4.66963
4.40761
4.31316
3.72051
4.37269
4.31001
3.22015
4.12608
4.62645
3.71702
4.77391
4.69309
4.29065
4.00348
3.91554
4.31005
3.38866
4.3504
4.80968
4.83839
4.7221
4.56353
4.1464
4.41803
4.4033
4.99839
4.19209
3.72871
4.65846
3.78341
4.4616
4.73223
4.94611
4.82736
5
4.14605
4.08694
4.26351
3.9322
4.49429
4.04391
4.37274
4.81829
4.64143
4.42345
4.42973
4.04474
4.84195
4.59472
3.63383
4.68826
4.55756
4.40597
4.73673
4.37012
4.0478
4.48915
3.77432
4.41191
4.47966
3.60665
4.13462
4.29545
4.42345
4.54296
4.69337
4.30605
3.78341
4.35174
4.53184
5
3.80475
4.48892
3.99753
4.72872
4.32529
4.60098
5
4.46057
4.3331
3.62985
4.28459
4.56039
4.44748
4.6532
4.73962
4.43113
4.16334
4.20734
3.2793
4.8612
3.81273
3.99357
4.51327
4.17506
4.64143
4.81276
5
4.9194
4.26564
4.62442
4.63842
4.66591
3.97159
4.89603
4.64934
3.61531
3.91957
4.53971
4.40136
4.69638
4.30577
4.20177
4.9194
4.01656
4.21947
4.64771
4.37643
4.53818
4.08568
4.65049
5
3.7873
3.42313
4.57165
4.28595
4.15324
4.94751
4.24317
4.35986
4.54059
3.856
4.76095
3.97159
4.57569
4.52347
4.42135
4.22224
4.9194
4.45067
3.77409
3.78341
4.26637
4.88194
4.55581
4.62631
3.37505
4.55114
3.7411
3.75275
4.71605
4.485
4.17851
4.58541
4.10961
4.43607
4.56039
4.24976
4.27465
4.89154
4.31952
4.95045
4.29193
4.43001
3.78341
4.61374
4.3577
4.81276
3.11149
4.81277
4.47862
4.30852
4.39441
4.53955
4.22358
3.94388
4.12043
3.91567
4.40672
4.485
4.3906
4.66897
4.64668
4.62026
4.80813
4.72424
4.03665
4.71254
4.62471
4.01214
4.5802
3.91567
4.68903
4.18785
4.18131
4.42568
5
4.9194
4.72474
4.55611
4.46427
4.32667
4.29408
4.72622
4.42263
4.48463
4.37175
4.27987
3.55866
4.71259
4.7337
3.81273
3.81273
3.56366
3.7333
3.99089
4.80813
3.95343
4.48043
5
4.24726
4.73526
4.29144
4.32558
4.38201
4.4436
4.58458
4.58314
4.48121
4.317
4.66619
4.4488
4.09251
4.56039
4.85543
4.52967
3.78341
5
5
4.55611
4.98413
3.9296
4.4306
4.13637
3.84809
4.5523
3.67196
4.09696
4.27465
4.39408
4.48376
3.49419
3.94388
4.56231
4.13084
3.92845
4.43987
4.19106
4.38893
4.51698
3.76202
5
3.31433
4.35494
4.8161
4.29114
3.81697
2.92298
4.64688
