3.70523
1.51267
3.22177
3.77764
1.99768
3.77307
2.63334
3.63415
3.59457
4.44278
2.63775
3.69298
4.77947
3.15065
3.45496
3.32294
2.74181
3.8768
3.68242
3.46049
3.32139
3.30068
4.03302
3.9791
3.47434
3.99359
3.54337
2.27318
2.48402
3.51326
3.75551
2.96732
3.26795
3.80968
3.81069
4.65398
3.67649
3.23175
3.56657
3.73504
3.79969
3.74852
3.80523
2.95512
3.72185
2.18937
3.41829
3.30971
3.61131
3.77054
4.18009
4.31292
4.04735
3.41397
4.09703
3.6907
3.24597
3.2012
2.87247
2.88004
4.25591
2.89363
3.26755
3.58142
3.13882
3.38022
3.42557
2.79361
2.28287
4.09003
3.62176
3.11072
0.952988
2.86863
3.37307
1.78715
2.9644
3.6077
2.81246
3.88987
3.27474
4.32366
4.21396
1.32178
4.62538
3.27622
3.61115
3.57892
3.40894
3.01793
2.45872
4.00472
3.56269
2.11877
3.39835
4.22247
3.01918
3.85041
3.40485
2.40822
3.15646
4.05188
3.59907
3.61909
3.76592
3.99032
3.92116
3.04985
4.17363
3.75492
2.53266
3.46399
3.20541
3.15622
3.45756
1.12637
3.4581
2.84106
2.21123
3.36635
3.79685
2.91137
3.8332
3.79463
3.81802
3.11275
4.16252
4.06702
4.35718
3.76083
3.06683
3.58354
1.74964
3.66651
2.99348
3.61825
3.77619
3.21061
3.57107
3.79244
3.99339
3.54506
3.37124
4.12384
3.75157
2.69728
4.13067
3.95008
3.23291
3.39371
3.19476
4.40905
3.49939
3.68086
2.81603
3.87698
3.94049
4.02452
3.46966
1.93366
3.75394
2.07493
3.98035
4.19422
3.26478
2.96359
4.18398
3.19278
3.68734
4.19564
4.02951
3.49123
4.48156
3.29333
3.37124
3.44403
3.05789
3.37381
1.98106
2.22447
3.8139
3.42082
3.83763
3.10443
3.18227
2.31512
4.40942
3.1173
3.52392
3.89565
3.31784
4.15901
4.23064
3.48643
3.48757
2.56571
3.29435
4.03342
2.45599
2.63279
3.68702
2.29328
1.38056
3.11492
3.99204
4.227
3.95718
3.48969
3.25035
3.89966
3.79286
4.01421
2.44282
3.25494
3.42359
2.68697
3.38174
3.84167
3.48114
0.964348
3.41143
2.62889
3.94904
3.8023
3.64951
2.35923
3.52991
4.51328
4.5853
3.91473
3.87786
3.2086
3.75087
3.56308
1.10423
4.33045
3.21379
1.3163
3.76312
3.42803
3.67947
3.38848
3.57681
2.32377
3.97463
3.50829
3.59073
3.28564
3.72278
4.04132
2.70234
3.5862
3.39621
3.72207
3.59599
3.38172
2.7344
1.43071
2.36493
4.20774
2.75262
3.41892
3.63323
3.00274
2.41941
4.38482
4.11676
2.90364
2.77254
2.03286
3.30695
3.15813
3.94033
4.35909
3.64384
3.8488
3.68141
3.62765
3.48885
3.9955
3.84516
1.8232
2.88939
2.41024
3.14026
3.35771
4.11259
3.9305
2.90026
3.47255
2.70308
3.41341
3.99735
2.91948
3.91604
3.86043
3.52905
4.04925
3.8115
4.20262
4.25116
3.25913
2.77473
4.25705
2.92402
3.33768
2.83575
3.01798
3.44004
4.02659
3.35401
2.9637
2.59886
3.84299
3.58215
2.55436
2.81989
3.61676
2.14864
2.77575
3.10623
3.32905
4.08856
4.13705
3.45356
3.60685
3.47752
3.09397
4.16977
4.23634
3.52427
3.91095
3.32725
3.94201
2.54787
3.89578
4.59488
3.62084
3.74812
2.68733
3.20566
3.74002
3.63131
3.99088
2.95767
3.93824
4.04586
3.63968
3.12247
4.14101
3.65707
2.88777
2.59995
2.07048
3.76607
3.67207
3.70742
3.71466
2.92731
2.8427
3.25588
2.86279
2.77229
3.49384
3.4826
3.5105
2.94278
2.72298
1.13584
1.71388
3.77491
3.54608
3.81917
2.93843
3.6032
3.26806
3.48792
3.66573
3.96467
3.34769
3.2221
3.45991
4.57154
3.24842
2.6711
2.77412
3.55793
4.29535
2.28568
3.63749
3.69202
2.52045
3.92302
3.83475
3.54603
3.53584
3.73875
3.476
3.8965
3.68745
1.21499
2.86076
3.66038
2.81274
3.831
4.4196
3.2475
3.57558
3.44492
3.9145
2.34691
1.8805
4.21829
3.49624
3.05405
2.05835
3.26117
3.401
3.32989
3.88309
2.31233
2.6446
4.18629
2.81789
3.77488
2.87527
3.96908
3.77732
4.00793
4.33751
4.76449
3.32179
3.5904
4.09719
3.93488
2.97861
2.18577
3.83214
4.15731
3.59451
3.38154
3.29892
2.17241
4.28099
2.08712
3.14301
2.87523
4.15803
1.65884
3.31226
3.72037
3.73958
2.11124
3.10337
3.48266
2.88102
3.68772
3.32291
3.22325
4.17352
4.10997
3.89806
4.07012
2.08916
1.89788
3.41522
2.47979
2.13857
3.98396
3.9095
2.85624
4.04104
3.89943
3.54596
3.79421
4.84368
3.7445
3.29224
4.08852
3.05274
2.75682
3.37824
3.02205
3.8233
4.00791
4.21896
3.21612
3.99921
3.76683
4.09855
3.83863
2.94776
3.79028
3.56014
3.11088
3.65673
3.40778
0.934993
2.73667
3.49781
1.75052
2.91119
2.37116
3.52611
3.64196
3.73998
3.45147
3.88999
3.12673
3.80348
1.93715
3.54686
3.84225
4.16246
1.5652
3.47389
3.27837
3.50748
3.32868
3.48653
3.58298
3.8281
3.72196
4.08861
3.72022
3.21543
2.80803
3.42294
3.52843
3.42802
2.4655
3.31952
2.19232
3.53876
3.26883
3.0744
4.6318
3.49785
1.10168
3.81564
4.76875
2.38037
4.42658
3.3306
3.98832
3.91268
3.25071
3.37464
3.5508
3.89774
4.25545
4.00732
4.14157
3.17093
3.8024
3.92119
1.01513
3.27944
3.69199
3.29301
3.41655
3.54706
3.67397
3.17125
3.86805
2.76164
2.25886
3.78128
3.64065
3.23244
3.90414
3.86605
2.98272
3.40017
2.71572
2.97925
3.35424
3.99382
2.79585
3.24991
2.93931
3.44296
3.61655
3.90655
4.24161
3.68564
3.67528
3.58499
2.4121
4.02142
2.59756
2.39477
4.19945
4.42196
3.81056
3.81254
4.14213
3.45518
2.94144
3.47974
3.61496
2.74355
4.18212
3.87014
3.51345
3.002
3.43059
3.82234
4.3872
3.42912
4.10849
2.72325
3.24654
3.70149
4.02823
3.67884
3.72404
2.48744
3.22909
3.42733
2.71973
3.17315
3.55759
3.35223
2.7457
3.44781
3.8966
3.47023
4.0064
3.66552
2.65136
2.52342
3.74085
3.76696
3.3519
3.49862
2.24751
3.80593
3.31685
3.64123
3.23922
2.48212
3.81106
4.4124
3.89895
2.90037
2.75059
3.72048
2.99468
3.60803
3.36454
3.71296
3.41308
4.04252
3.7479
2.69935
3.23726
2.97551
1.57859
2.87652
4.06204
1.76692
2.91033
3.25178
2.79003
3.78249
2.39956
2.78421
3.95995
2.73646
3.68631
3.95782
3.45082
3.83175
2.31158
2.14404
2.96174
2.84604
3.37575
4.18328
3.95144
3.09262
2.08633
2.4955
3.59448
3.3523
2.79212
1.70424
2.93552
4.46525
1.35969
3.11048
3.88603
3.86592
3.98326
3.6596
3.66786
3.00047
3.94059
3.81493
2.27406
2.14609
3.34842
3.43801
3.45756
3.56606
2.26723
1.58811
3.24967
3.49152
3.29393
3.31004
2.83552
3.87023
2.16934
1.46484
3.21127
3.35991
4.13747
3.08812
4.13818
3.18888
3.87979
2.83709
2.30326
3.3674
3.24524
3.61697
3.48705
2.79432
2.11786
2.70816
3.61945
2.97764
2.89415
2.6136
3.50104
3.37444
3.75326
2.07536
3.54508
3.16383
3.07516
3.30367
4.14321
2.76174
3.52004
3.54548
3.43307
2.06089
