4.24771
4.89847
4.65517
4.55195
5
3.54417
4.36679
4.88589
4.28892
4.1772
4.16434
4.43159
4.60941
4.27702
4.18242
5
3.85374
4.3358
3.9624
4.55873
4.26947
5
4.03429
5
5
4.32304
4.44142
4.54662
4.53107
4.55265
4.29318
3.61206
4.40162
4.40524
4.47501
4.44043
3.9847
3.88537
5
4.63707
4.29902
5
4.74133
4.27153
4.42327
4.16636
4.84709
4.30443
5
4.90814
5
3.82987
3.75422
3.49484
4.5796
4.53177
3.83506
4.47368
4.75609
5
4.33319
4.71928
4.21568
4.63707
4.726
4.06184
4.84709
4.84709
3.84621
4.34774
3.67422
4.13945
4.74133
4.1798
4.71482
5
4.49066
5
4.759
4.41409
4.21568
4.38811
4.38094
5
4.38165
5
4.63707
4.00258
4.32634
5
3.93384
4.26398
4.4064
3.9594
4.45358
4.74868
4.00258
4.55647
4.75609
4.43455
4.56196
4.38112
5
4.42176
4.33499
4.47305
4.33441
5
4.42176
4.54527
4.28426
4.76347
5
4.6454
4.43773
5
4.40169
4.76347
3.98468
4.36694
4.27815
4.71064
4.11855
4.67232
3.83506
3.9594
4.09703
4.45122
4.38094
4.00258
4.63294
3.9324
4.84518
4.51471
4.5641
4.76347
4.38094
4.47397
3.9624
4.4723
5
4.42365
3.87314
5
4.47652
4.90814
3.9033
3.79973
4.55062
3.60566
4.51471
4.20109
5
4.20109
4.4686
3.80297
3.98847
3.74591
4.192
5
3.97202
3.96565
3.88731
4.33499
3.95087
4.46655
4.2898
4.15401
5
3.81094
4.00265
4.42176
3.47313
4.30992
3.71395
3.03899
4.28158
4.00355
3.97424
4.51472
5
4.42176
4.55248
4.18062
4.8256
4.48504
4.76347
4.44785
4.43062
4.40478
4.62285
5
5
4.63707
3.6483
4.17216
4.64972
5
4.74091
5
4.75609
5
4.66449
5
4.63707
3.95087
4.23354
4.49457
4.57019
3.77222
3.83506
4.6454
4.08493
4.4004
4.08283
4.49457
5
4.16705
4.42935
4.32623
4.00939
4.1568
4.42946
4.23018
5
4.00258
4.0468
3.98981
3.9624
4.22362
5
4.51815
4.31306
4.3482
4.63707
4.38264
3.94985
4.14167
3.89456
3.88325
4.24438
4.32099
4.53548
4.75609
4.49787
4.89847
3.97512
3.62187
4.1772
4.0046
3.95155
3.95283
4.28402
4.97492
4.60857
4.59517
4.53569
4.62285
4.25052
4.43018
4.51958
4.49457
4.38094
4.25052
3.9624
4.57091
4.15039
4.17304
3.91637
4.66449
4.53107
4.66533
4.51471
3.94006
3.70207
4.27257
5
4.36372
3.99387
4.38165
4.45328
4.53066
4.42176
4.4312
4.00258
4.91756
4.33499
3.03899
4.40476
4.38094
4.39206
4.82989
4.49067
4.17216
3.67576
3.84173
4.50413
4.4631
4.66449
4.37133
4.75609
4.41052
4.61152
4.49457
4.46439
4.62296
4.38165
4.5546
4.89847
4.24061
4.30891
4.49252
4.42176
3.9324
3.68165
4.52826
4.0545
5
4.21845
4.62235
3.95155
4.43787
4.26928
3.81815
4.50382
4.17089
4.76347
4.75609
4.62285
5
5
4.03574
4.16038
4.76347
4.06723
3.81696
4.51087
3.76523
4.33083
4.4421
4.09354
4.42176
4.63707
4.78975
4.76006
4.51815
4.00258
4.43062
4.49212
4.1772
4.40031
5
4.38165
4.17216
4.00411
3.94244
4.54006
3.90157
5
4.62296
5
3.83506
5
4.40439
5
4.50909
4.49457
3.94639
4.00258
5
4.38094
4.30609
3.61336
3.83506
4.04524
4.07425
4.91726
5
4.30891
3.9033
4.10246
4.43494
4.41398
3.34252
3.95661
4.33753
3.95155
4.52806
4.45874
4.46606
4.32136
4.58015
3.89518
4.29761
4.32634
5
4.64972
4.28874
3.23797
4.36786
3.91923
5
4.38094
3.93384
4.0604
3.95155
4.54908
5
5
5
4.69454
4.63238
4.45874
4.35588
3.3709
4.401
4.38109
4.46869
4.38109
4.33499
4.35973
4.33499
4.3778
4.42176
3.96043
4.06727
5
5
4.33499
4.28301
4.52753
4.88253
4.06854
5
4.54463
4.3079
4.41492
4.51958
4.61228
4.31998
4.89847
5
4.76347
4.61277
4.76347
4.25066
4.38165
5
4.46424
4.4686
4.24438
4.26862
4.22153
4.24003
4.34852
4.0255
4.00258
4.27592
4.62285
