3.78617
3.78662
3.78315
3.78617
3.78442
3.79993
3.79989
3.78259
3.7983
3.78618
3.78617
3.7826
3.78599
3.78617
3.80844
3.81441
3.76334
3.78664
3.78569
3.78617
3.78857
3.78624
3.79005
3.79491
3.79189
3.78694
3.78617
3.78721
3.79153
3.7928
3.78769
3.78621
3.78966
3.83721
3.78618
3.78875
3.79143
3.78623
3.78562
3.75901
3.83409
3.78608
3.78981
3.80043
3.78947
3.78619
3.78617
3.78599
3.79274
3.80216
3.79318
3.88391
3.78228
3.78421
3.79842
3.78654
3.78618
3.78647
3.7
3.78895
3.78565
3.78564
3.78562
3.78617
3.78622
3.78617
3.79124
3.78619
3.79297
3.78617
3.78617
3.80936
3.78617
3.7865
3.78631
3.78626
3.81402
3.78828
3.78617
3.78617
3.78875
3.81379
3.78627
3.78607
3.78638
3.78634
3.78917
3.79329
3.86789
3.78617
3.78947
3.78781
3.7867
3.79032
3.79108
3.7856
3.8414
3.77698
3.78533
3.78616
3.76499
3.78661
3.78617
3.78562
3.7986
3.78617
3.7855
3.76213
3.78981
3.78709
3.78699
3.78618
3.7862
3.78617
3.78617
3.75384
3.78617
3.78703
3.78618
3.78207
3.78974
3.7863
3.78592
3.78617
3.78648
3.78902
3.78617
3.73211
3.78265
3.80577
3.85008
3.78697
3.78268
3.79308
3.78928
3.78567
3.78616
3.8
3.787
3.77522
3.78642
3.80893
3.78607
3.69747
3.78455
3.78617
3.78617
3.78718
3.80944
3.78617
3.78664
3.79184
3.80031
3.78664
3.78626
3.78627
3.78778
3.79044
3.83201
3.78203
3.78595
3.78617
3.7868
3.80175
3.78619
3.80675
3.73054
3.78863
3.78568
3.78746
3.78869
3.78468
3.80531
3.79999
3.80319
3.7664
3.7715
3.78617
3.78982
3.78617
3.78031
3.78618
3.78332
3.80326
3.77718
3.79039
3.80397
3.78617
3.87717
3.78617
3.80341
3.79849
3.78659
3.80319
3.61957
3.78663
3.798
3.78203
3.78625
3.7819
3.78617
3.78562
3.78739
3.80743
3.78619
3.80024
3.86692
3.78617
3.79193
3.59394
3.78612
3.74887
3.78617
3.78787
3.79162
3.78617
3.80583
3.78613
3.78619
3.78603
3.83817
3.78617
3.77876
3.82322
3.82592
3.78624
3.85726
3.78617
3.7867
3.77708
3.79329
3.80778
3.7905
3.78617
3.78618
3.78618
3.78613
3.78144
3.84035
3.78919
3.80297
3.80375
3.7862
3.7867
3.78606
3.83639
3.78618
3.7823
3.79694
3.79333
3.7868
3.78617
3.78573
3.69286
3.78726
3.76122
3.78509
3.79062
3.78646
3.78627
3.85655
3.76484
3.80607
3.78617
3.77774
3.82558
3.7871
3.81863
3.7867
3.78066
3.76894
3.78203
3.78342
3.91075
3.7864
3.80351
3.78332
3.81208
3.69747
3.78617
3.81926
3.78617
3.78693
3.79684
3.83616
3.78568
3.78617
3.78844
3.78617
3.79219
3.83865
3.78617
3.78657
3.79442
3.78203
3.78752
3.78618
3.85726
3.78587
3.86851
3.80028
3.71615
3.84085
3.78171
3.78601
3.78259
3.79233
3.78617
3.7885
3.78617
3.78827
3.78853
3.72877
3.78627
3.77624
3.78617
3.78616
3.78729
3.80408
3.79679
3.8048
3.78617
3.8111
3.77709
3.77956
3.78376
3.78617
3.7867
3.78618
3.82334
3.78606
3.77793
3.71615
3.81084
3.81353
3.78667
3.79265
3.80726
3.78618
3.78624
3.78639
3.78617
3.78617
3.76374
3.78615
3.78345
3.77624
3.78617
3.78567
3.78617
3.78401
3.8023
3.73687
3.85634
3.8601
3.80014
3.78741
3.80537
3.7941
3.83292
3.78655
3.78605
3.78622
3.78617
3.78944
3.8226
3.78203
3.78617
3.78617
3.82334
3.79625
3.78154
3.78871
3.83372
3.786
3.78276
3.78617
3.73738
3.78617
3.78677
3.78663
3.78612
3.78259
3.78622
3.66145
3.78608
3.78981
3.79035
3.78888
3.78687
3.68712
3.78617
3.78598
3.78782
3.794
3.78782
3.78617
3.7843
3.8021
