2.08
1.88
2.55
2.89
1.95
2.73
1.58
3.34
3.91
3.35
2.74
2.86
3.21
2.5
2.42
3.13
2.45
2.76
2.77
2.43
2.01
2.38
4.24
3.79
2.58
3.32
3.93
2.18
2.09
2.82
3.97
2.42
2.72
2.15
3.24
3.96
2.89
2.42
2.73
3.61
3.27
4.49
3.03
2.65
4.19
2.24
2.7
2.89
2.43
3.95
3.34
4.07
3.49
3.21
3.34
2.41
3.04
3.04
2.1
1.95
3.9
2.58
2.61
3.13
3.64
2.59
3.09
2.47
2.14
2.8
3.96
2.5
1.62
2.15
1.62
0.88
2.34
3.82
2.82
3.19
3.18
4.07
4.29
1.43
3.95
2.96
2.76
3.4
2.45
2.44
2.57
3.36
2.69
1.95
2.43
3.7
2.67
3.6
2.23
2.01
2.18
2.00
3.24
2.00
3.58
3.79
3.94
2.00
2.31
2.51
2.27
2.2
2.52
3.2
3.36
1.67
1.96
2.1
2.18
3.37
2.59
2.54
2.58
3.67
2.41
2.86
4.13
3.59
4.01
2.11
1.2
2.8
1.94
2.23
1.98
2.67
3.34
2.54
2.77
2.86
2.93
1.6
3.54
3.06
3.33
3.55
3.36
4.07
2.42
3.42
3.25
3.89
2.42
2.93
0.91
1.53
3.46
3.27
3.65
2.5
4.23
1.32
3.81
4.26
2.44
2.42
3.73
3.01
3.91
2.43
3.5
3.11
3.95
2.83
2.67
2.28
2.4
2.64
2.29
1.73
2.96
2.61
2.62
2.8
2.51
1.34
3.83
2.5
3.46
3.11
3.62
4.05
2.78
2.26
1.68
2.74
3.58
3.67
1.54
1.93
4.18
0.88
1.94
2.95
3.88
2.82
3.55
1.67
2.52
2.93
2.56
3.07
2.86
2.15
2.15
3.34
2.69
2.34
2.17
1.62
3.15
2.7
3.72
3.45
2.9
1.85
2.34
3.23
3.67
3.34
2.7
2.67
3.46
3.11
2.00
3.72
2.45
2.62
3.54
1.58
3.19
3.24
2.89
1.57
3.68
2.7
1.92
3.51
3.19
3.27
2.19
3.06
1.67
3.58
3.63
2.89
3.13
1.96
1.34
3.65
2.65
2.42
1.95
2.45
3.48
3.75
4.23
2.27
2.87
2.69
1.61
3.65
3.77
3.08
2.18
3.34
2.23
3.44
2.77
3.00
3.12
2.62
2.61
2.34
2.79
2.8
3.69
2.77
3.00
3.07
2.07
3.34
3.34
3.13
4.09
3.21
3.3
3.2
3.13
4.16
4.01
2.51
3.01
2.93
1.73
2.93
1.58
2.82
3.77
3.49
2.43
3.21
2.53
3.79
1.94
2.84
2.51
3.15
2.27
2.73
2.81
2.59
3.79
2.17
2.26
2.58
3.39
2.04
3.41
4.26
3.2
3.27
2.19
3.34
2.59
2.83
3.89
4.03
3.61
2.1
2.31
2.82
2.93
2.68
2.48
2.8
3.93
2.93
2.31
2.51
3.67
1.67
2.36
3.1
2.69
3.11
3.13
2.78
2.53
1.88
2.69
1.79
1.71
2.15
3.98
3.35
3.77
2.14
1.67
2.43
1.54
2.41
2.57
2.43
3.2
2.42
2.01
2.73
2.52
2.96
2.11
2.01
3.34
3.08
1.85
2.74
3.54
3.24
2.35
3.5
3.35
2.01
3.42
2.19
2.27
3.7
2.51
2.45
2.73
3.13
1.67
2.26
2.63
2.86
2.94
3.09
2.45
2.65
2.4
3.66
2.42
1.39
4.07
2.06
2.2
2.25
3.09
2.57
2.43
3.81
2.04
2.26
2.89
2.19
3.35
3.13
3.07
2.72
2.93
2.86
4.2
3.06
1.75
3.34
3.42
2.24
2.56
4.18
2.31
2.74
3.18
3.29
2.09
3.89
1.2
2.71
2.76
3.55
2.02
2.76
3.15
3.59
1.83
3.1
3.13
2.09
3.07
2.12
2.86
3.57
3.73
3.77
3.03
1.59
2.5
3.24
2.53
2.7
3.18
2.08
2.72
3.03
3.5
3.11
3.88
4.84
3.01
2.58
3.42
2.08
2.00
3.00
2.93
3.22
3.62
4.26
2.83
4.17
2.96
2.57
3.14
2.22
2.96
3.25
2.61
2.27
3.5
1.62
2.00
2.43
1.44
3.02
2.33
2.24
2.09
4.21
2.96
3.41
2.83
3.07
2.27
2.33
3.56
3.81
2.2
2.6
3.15
1.69
2.78
3.11
3.35
3.9
3.82
3.33
3.35
2.19
2.45
2.98
2.86
3.03
2.04
2.7
2.87
3.26
2.15
2.43
4.24
3.27
1.88
3.33
3.34
1.43
4.38
2.57
3.33
3.44
2.5
2.22
3.13
3.94
2.26
2.97
3.42
2.31
2.07
2.58
1.94
2.13
2.17
2.13
2.53
3.85
3.86
2.27
2.61
2.00
1.92
2.93
3.34
3.2
2.98
3.19
2.00
2.42
2.42
2.43
3.55
4.01
1.83
1.51
3.06
3.04
2.17
3.45
3.76
3.41
2.67
2.11
2.8
3.2
2.33
1.53
3.72
3.95
3.43
2.76
3.27
3.05
3.09
2.93
2.68
1.31
4.00
3.34
2.31
3.35
3.38
3.73
3.75
2.97
3.51
3.08
2.54
3.34
3.7
2.51
2.22
2.26
2.98
3.37
2.51
2.63
2.63
2.76
2.51
3.18
3.62
3.07
3.72
3.85
2.17
2.1
3.07
2.24
2.82
3.08
2.19
3.33
2.76
1.68
2.82
1.94
3.83
4.04
3.48
2.4
1.91
3.88
2.42
3.27
1.96
3.04
2.54
3.57
4.00
2.51
2.51
1.68
1.89
2.44
3.66
2.51
2.17
2.00
0.95
4.07
2.54
1.79
3.96
2.37
1.79
4.36
2.86
2.83
1.42
2.12
1.83
2.15
2.76
4.02
3.12
3.03
1.74
1.67
4.23
2.56
2.98
2.45
3.02
3.88
2.08
2.8
2.58
2.7
3.51
3.22
2.59
2.54
3.81
3.03
2.5
2.06
2.74
2.72
3.1
2.57
2.43
2.31
2.63
2.86
3.5
2.92
1.83
3.77
2.82
1.62
3.24
2.92
3.73
2.37
3.24
3.36
3.34
1.89
2.38
2.26
4.36
3.73
2.55
2.09
2.17
1.73
2.86
2.64
2.08
2.45
2.13
2.43
3.05
1.43
2.73
3.07
2.18
2.26
3.27
2.67
2.43
2.15
2.22
1.94
