3.10232
0.756985
3.53266
2.87002
1.34109
3.73099
2.80737
4.01962
3.12357
4.10461
2.78186
3.57374
4.28024
3.05812
3.40776
2.93796
2.93361
3.35705
3.47909
3.12879
3.61714
3.51899
3.76498
4.10091
3.9713
3.79171
3.74253
2.58225
2.85369
3.74224
3.8203
2.8564
2.69752
3.32556
3.66546
4.43806
3.82319
2.96822
3.43539
3.77833
3.80066
4.22016
3.62269
3.5419
4.0622
1.3763
2.93062
3.80558
3.17399
3.6852
3.65583
4.12065
4.1492
3.36857
4.50652
2.98359
2.88824
3.07485
2.04335
2.30431
4.44307
3.11623
3.3982
3.79127
3.23157
3.13826
3.53798
2.66706
1.76109
3.61322
3.88826
3.42327
0.516374
2.93156
3.60911
2.18361
2.31541
3.62573
3.17218
3.52793
3.51747
4.01618
4.55565
1.78911
5.0
3.5344
3.6955
4.09827
3.0266
3.34011
2.86305
3.86585
3.23145
1.7465
3.08949
4.06267
2.83802
4.20321
2.99406
2.45023
2.92216
3.26998
4.06288
3.85991
3.6228
3.68204
4.77085
3.67396
3.99268
3.00605
2.76738
3.63873
3.12974
2.61056
3.37017
0.509747
3.55706
2.63911
2.9483
4.05066
4.004
3.32909
3.72896
4.30578
3.48514
2.5381
4.13807
3.99288
4.33014
3.6523
3.62357
3.26402
3.12771
3.30966
2.79229
3.75269
4.0869
3.56373
3.9154
4.33724
4.17877
3.42737
3.30205
4.07284
3.69218
2.15716
3.76598
3.76561
3.66188
3.66054
3.80253
3.99298
3.11204
4.17345
3.28052
3.42093
4.05588
3.75388
3.55002
2.35573
3.46539
1.72633
3.94902
4.56252
2.75628
2.25055
3.55036
2.95489
3.2842
2.30835
3.81545
3.11993
4.28325
2.35749
3.24445
3.30443
2.92983
3.3797
2.36978
1.78804
3.90132
2.55976
3.77132
3.26561
3.01239
1.61647
4.34179
3.45704
3.42828
4.07216
3.53315
4.11557
4.00831
3.47109
3.13105
2.20441
2.98214
4.14807
1.82087
2.066
3.48982
2.49693
2.53849
3.08819
3.84315
4.28242
3.9485
2.89932
3.28889
3.83668
3.94633
3.62761
2.80028
2.7387
3.66774
2.14791
3.12202
3.5235
3.19145
0.505008
3.14428
2.7667
3.93558
3.60347
3.57774
2.9264
2.65566
4.14103
4.02544
3.64465
4.07444
2.7343
3.30441
3.70088
1.39814
4.05996
3.23412
2.17065
3.86286
3.59226
3.35213
3.34355
3.25659
1.54627
4.04213
3.33953
3.36994
3.03578
3.78101
3.76251
3.09637
3.53272
2.84043
3.69728
3.43432
2.71083
3.09167
1.10159
1.29904
4.36989
2.49111
3.92734
3.29618
4.47267
1.99543
4.05233
3.90331
2.86506
2.91349
1.83859
3.05243
4.22334
4.08568
4.69718
3.63102
3.72278
4.06738
3.93807
3.44963
4.56485
4.02577
2.07742
1.78933
2.03229
3.11783
2.75948
3.84946
3.62069
3.79826
3.72211
2.84378
3.9555
3.81054
2.80396
3.99896
3.89924
3.46087
3.93051
4.02868
3.91694
4.26581
3.25481
1.73701
4.15724
2.8257
3.23217
2.22504
2.6167
3.60016
3.73089
2.83955
3.15728
3.35959
4.23086
3.41369
1.85944
3.39699
3.16902
2.14143
1.94637
2.9397
2.98838
4.57567
3.72325
3.6726
2.97909
3.15938
2.59259
4.28483
4.03843
3.30245
4.07352
3.84787
3.55781
2.90016
3.40029
4.67246
4.19915
3.3237
2.36197
3.00951
3.37048
3.57899
4.18629
3.29338
4.02142
3.74049
4.27846
2.93971
3.38569
3.70019
2.93279
2.04277
2.41725
3.34127
3.18699
3.34596
3.76456
2.81636
3.21991
3.58066
2.8064
3.16565
3.22765
3.30427
3.54621
3.18035
2.49757
0.856814
2.21298
3.29706
3.85029
3.26084
2.90737
3.56506
3.26084
3.26612
3.72225
3.45577
3.59856
2.90986
3.47472
4.24394
2.9396
3.01644
2.87949
3.8276
4.15443
1.90038
3.71533
3.63837
3.10839
3.52063
3.70884
2.49825
3.88839
3.20355
3.44103
3.4866
2.9711
0.596229
2.80461
3.30865
3.20344
3.60004
3.98284
3.31862
3.81553
3.9302
4.00699
2.69769
1.86618
4.50903
3.34069
3.06169
3.32954
3.37602
3.40726
3.40396
3.53545
2.60543
2.45906
3.68158
3.16948
3.40891
2.942
3.62249
3.6466
3.78786
3.7608
4.33001
3.07805
1.96742
3.74055
4.0143
2.88657
2.07259
3.7682
3.72446
3.32365
3.8489
3.61375
2.03656
4.11005
2.90141
3.53931
2.98352
3.95225
2.01298
2.91169
3.23855
3.78252
2.32416
2.64893
3.88864
3.30967
3.49061
3.01832
3.11454
3.96628
4.34364
3.71389
3.45794
1.7944
2.36007
3.40187
2.54463
1.36083
3.08952
3.68097
1.93941
3.2849
3.71948
3.37756
3.95606
4.67359
3.72771
2.81416
3.89897
3.16134
2.75361
3.78489
2.8299
3.69028
3.63024
4.11538
2.69491
3.60378
3.56879
4.17157
3.58125
2.76033
3.31604
3.47561
3.47539
4.04852
3.78838
0.516374
2.86918
3.06971
1.8537
3.11952
1.99291
3.83323
4.46994
4.12619
2.59516
3.91965
2.64478
4.02214
1.52294
3.60197
4.20419
4.08005
1.54034
2.94947
3.33489
3.72127
2.49876
3.45281
3.27512
3.96247
3.38025
4.11758
3.70085
3.41474
2.66708
3.45399
3.37596
3.24712
2.50593
2.32143
2.21755
3.59292
1.93505
2.9572
4.77022
3.5642
0.712699
3.82179
4.37123
1.90352
4.78782
3.43466
3.47729
3.69224
2.61733
3.17977
3.69773
3.95954
3.83378
3.41447
4.04056
3.30874
3.39926
3.62172
0.674285
3.14298
3.88599
2.57763
3.19136
3.59732
4.17799
2.74727
3.80883
3.1757
2.37299
3.49351
3.96422
3.0036
3.5693
3.59973
3.10529
3.63229
2.10511
2.92895
2.87082
3.70871
2.98755
3.12092
2.46661
3.17151
3.2494
3.62094
3.9539
4.07625
3.42488
3.92682
3.13996
3.92872
2.16321
2.30489
4.02693
4.3698
4.12287
3.40067
3.96595
3.22614
2.209
3.22734
3.56925
3.0006
4.34536
3.90421
3.21134
3.03899
3.58027
3.70161
4.45874
3.88923
4.56299
2.59443
3.36303
4.17509
3.98338
3.75267
3.08177
2.78903
3.19833
3.77951
2.2934
3.51146
3.4959
3.38427
1.63423
3.64448
3.99842
3.16583
4.15024
3.51013
2.986
2.22004
3.71647
3.19213
3.00781
3.26399
2.79874
3.79393
2.88548
3.16511
2.94608
2.19777
3.50601
4.25976
3.0781
3.25636
3.16184
3.90187
2.84803
3.29804
3.64817
3.60234
3.15381
3.48284
2.14861
2.49645
3.27686
2.20149
1.82492
2.84234
3.939
2.26394
3.12449
2.68155
2.84982
3.83263
2.98983
2.67722
3.9684
2.30121
3.32072
3.93464
2.86431
4.06738
2.81378
2.03367
2.9827
3.39575
3.09334
4.11532
4.05841
3.54757
1.07126
2.71977
3.52841
3.73117
3.11192
2.07355
3.42752
4.12334
0.991412
2.36266
3.67326
3.58281
3.79432
3.28868
3.26686
3.6976
4.0024
3.4066
2.43613
2.29147
3.09762
3.40523
3.37017
3.25281
1.79719
2.04654
3.04363
3.82369
4.11509
3.13208
2.80327
3.52436
2.73819
1.79426
3.41974
3.11492
4.1105
2.73166
4.48788
3.40275
4.16778
3.5016
2.32432
3.16539
3.12305
4.08405
3.03799
2.1076
2.43988
2.81696
3.78774
2.47763
3.59383
3.2635
3.12037
3.35837
3.4635
2.22181
3.95728
3.5782
2.10627
3.12034
4.07388
2.94645
3.11403
3.25989
2.35041
2.16947
