4.00139
1.80176
3.38726
2.71076
1.68861
2.83102
1.7485
2.26979
0.689929
0.831684
1.25896
1.97499
0.578024
4.08848
1.5476
1.50175
1.03468
3.73602
1.32638
2.81028
2.67428
0.781712
2.22478
2.71851
2.76511
1.58338
1.55105
1.80675
1.72139
2.55277
2.31817
1.38122
2.86524
1.79321
0.0649147
1.39449
2.96256
2.8055
1.59329
0.720611
3.00193
1.48686
2.36759
1.59703
1.18654
2.47002
3.11462
2.65429
3.52617
0.743399
2.8022
3.70725
2.59077
2.68039
2.3974
3.13058
3.34691
1.54185
1.20357
0.783188
1.90021
2.19252
2.57369
3.42397
1.0368
0.53041
1.4
0.22707
0.574268
1.64342
2.88108
1.93202
1.80266
2.93652
2.06653
2.88057
2.00118
2.15382
1.61116
0.0656778
2.87497
1.77542
2.6637
1.28684
0.579267
0.170657
1.22201
2.09152
0.534731
1.62005
3.42205
1.84339
2.57664
2.91053
2.86704
1.72188
2.66042
1.2995
1.92266
2.67444
1.31641
2.05238
0.736198
2.35414
1.52148
2.48151
1.38253
2.38081
2.97081
1.44376
0.0808972
1.73642
1.32746
4.05973
0.355462
2.38061
3.2576
0.906814
2.90505
1.55297
1.95574
1.49859
2.76925
1.87237
0.288555
1.29765
2.9149
2.33775
1.7583
1.2969
2.924
2.16046
2.62489
2.39431
2.03992
2.37624
1.57876
2.6656
3.55973
2.47191
2.8478
0.758408
0.209082
0.247827
1.73339
3.50182
2.3602
2.15279
3.18581
2.35095
2.37557
1.60049
2.47393
2.03985
3.02719
2.57159
0.541843
1.32599
1.74012
0.654443
2.9402
3.23619
1.7641
2.17063
0.0501683
1.23646
0.468809
1.39528
4.45165
1.3912
2.15776
2.8765
0.845904
0.286901
2.09247
3.36493
3.01128
1.91304
3.62752
0.629421
1.90153
2.76723
0.588073
1.44202
1.49945
3.14967
1.31417
1.43573
1.62533
2.99652
0.912034
3.65589
3.34199
2.11239
0.935066
2.75963
1.38687
2.60951
3.15389
2.21115
1.55683
0.43919
1.7557
1.32538
1.31441
0.672125
2.69252
3.0134
2.67286
2.86167
0.000810056
3.75388
2.42254
0.796798
1.59329
0.908355
2.34796
2.77595
2.5152
1.23155
2.81999
0.521379
1.65561
3.27112
2.84879
0.804825
2.0087
1.65417
1.09718
2.43054
1.64985
1.80603
2.57637
2.58825
2.03957
3.0519
0.617903
2.59795
1.59116
0.295758
3.59525
0.571353
3.31238
1.83167
0.462468
1.90668
4.30411
2.77738
3.14478
1.55953
2.29172
3.22497
3.11332
3.33803
3.90206
2.68227
3.92816
2.5335
3.62285
1.85112
3.40036
0.522293
3.42851
3.68902
3.61045
3.20625
3.41793
3.627
3.20265
3.30188
1.89622
3.00728
3.97273
3.89873
3.05637
4.75493
2.56931
3.0431
4.03108
1.51424
3.30543
2.7041
3.2414
3.68465
2.89887
3.34973
2.1629
3.02201
0.527827
3.92254
3.28952
3.91825
3.10714
2.07346
4.14819
3.6592
3.24663
2.2975
2.32281
2.12077
3.20609
3.14439
2.63305
2.56102
3.89555
2.65984
1.52575
3.70437
2.37161
4.07473
2.80652
5.0
2.85467
5.0
4.10538
2.50208
3.72838
2.71687
2.15134
4.45087
2.31302
2.947
2.17741
3.18705
3.30334
3.6289
3.38323
4.44535
2.60092
2.37485
2.96179
2.75917
2.97369
3.24136
4.21772
1.23209
3.81912
0.544282
3.2209
2.69888
2.91534
3.80214
3.39796
3.54337
1.38731
5.0
4.74457
3.8689
4.25651
3.04332
4.05875
4.04217
3.71699
2.77146
2.90456
2.90319
2.26151
2.59948
2.69184
2.77525
2.55252
3.52571
2.64115
3.80039
4.44741
2.02266
2.55605
3.60732
2.56084
2.1804
4.09552
3.76813
4.33561
2.88868
2.13267
3.64443
4.05317
2.76346
4.80439
3.2964
4.13859
2.75096
3.50729
2.90303
3.44225
2.82692
4.01549
2.21093
3.39243
4.94017
3.04883
2.96388
3.17831
4.35469
1.47675
3.11149
4.24604
3.30576
3.03798
2.19944
3.69546
2.93586
4.17673
3.70661
3.43736
3.03127
3.38251
3.56636
3.45085
2.97909
4.09683
1.96627
2.21496
4.39909
2.08
2.74162
4.29169
2.72446
3.96101
2.6218
3.88592
3.51779
2.04754
2.33732
2.83087
3.93785
4.33407
3.41255
3.69687
2.95231
2.19657
3.40733
3.84602
4.15256
3.22961
3.376
2.73422
4.33979
2.2823
2.86183
3.09244
3.07754
4.22106
3.47255
4.40113
3.03954
3.36855
2.84355
3.24219
4.04974
3.42191
0.734238
3.28013
4.53176
2.8048
2.77304
0.763979
2.97099
2.72736
3.07671
2.86562
1.91498
2.38383
4.27089
4.10359
4.13003
3.20462
4.75575
3.85244
4.18021
4.55109
3.5438
3.2657
3.64932
3.05287
2.75094
3.89274
2.98453
3.75569
4.01605
3.63131
2.87254
2.94401
3.55722
2.64553
3.27779
3.62689
1.02582
3.60753
3.68256
3.27907
3.19584
3.15931
2.35006
4.47915
3.53806
4.8767
1.27004
4.77019
4.06252
4.88878
4.19432
4.48732
4.10785
3.6904
3.88298
3.65441
4.22389
4.4414
4.5357
4.50263
3.51648
4.27784
3.96058
3.13804
4.41876
4.30888
3.64507
4.04777
3.13346
2.70742
4.50766
5.0
4.61347
3.55002
5.0
3.53983
4.29105
4.10372
3.8942
3.94024
3.93235
4.49143
4.97627
4.47228
4.43556
4.29861
4.00201
3.5122
3.33183
3.8711
4.60346
4.07466
4.0759
4.32053
4.34459
4.86326
4.20567
4.48555
4.3329
3.54354
4.22645
3.77755
4.22411
3.92883
4.79407
4.72396
4.32834
4.32409
3.87365
3.41255
3.90543
3.84052
3.49141
4.65223
3.74994
3.55707
4.82702
4.21501
4.21206
3.54828
3.59069
3.73293
4.37748
3.84056
2.33917
3.9924
4.0612
4.99546
4.18279
4.20324
3.86992
4.53572
3.92885
4.39519
4.75665
4.14565
4.24914
5.0
4.28457
3.67015
3.89122
3.77891
4.12351
4.81846
3.04283
5.0
4.11363
3.68149
3.41303
3.53239
5.0
4.76072
4.02128
4.61453
4.29091
4.04458
3.98748
4.2524
4.00218
4.00591
4.28432
5.0
4.18239
4.11209
3.94063
4.37247
3.64544
3.65839
3.46692
5.0
4.75372
4.06907
4.24655
4.5148
4.543
2.63512
4.39052
4.02821
4.07052
3.59127
4.19366
4.34002
4.05892
4.54495
4.27964
4.24208
4.1455
4.00212
3.2101
4.99333
4.10338
3.94271
3.53911
4.04419
4.1189
4.0103
4.32186
4.83862
3.43679
3.9973
3.5105
4.03177
4.13373
4.14682
4.99597
4.3931
4.39266
4.48561
3.78778
3.19852
4.7479
3.84899
4.11086
4.08913
4.10681
3.77788
3.50205
3.70419
3.99203
4.24995
3.42628
4.20954
4.22923
4.47702
4.11267
4.89491
4.29051
4.97
4.26295
3.57315
4.0618
4.99597
3.93899
4.81551
4.53521
3.5574
4.32746
3.80826
3.59244
4.03869
5.0
4.33733
4.11907
3.58824
4.35925
4.43606
4.43856
3.24931
4.41395
3.98121
4.78002
4.43225
3.6453
3.66165
4.39084
3.87987
3.74925
3.8454
3.77309
3.50415
4.55238
3.45551
4.06238
4.15991
4.43637
5.0
5.0
4.43133
4.0807
4.63161
4.25633
4.01087
3.9356
4.70032
4.31012
4.09782
3.64848
3.63801
4.09748
3.46317
3.93162
4.31518
4.36396
3.88118
3.43952
3.743
3.62629
4.98962
3.53836
4.24806
3.97661
4.59952
3.46694
4.34846
3.36531
3.57944
4.09546
5.0
3.37421
