4.35
2.181
3.241
3.183
1.816
4.187
2.532
3.537
4.154
3.668
3.73
4.061
3.593
3.64
3.821
3.681
2.672
3.533
3.087
3.453
3.728
4.244
4.577
4.642
3.245
3.26
3.653
1.778
3.496
4.276
4.098
3.451
2.919
2.825
3.626
4.579
3.503
3.806
3.683
3.711
3.885
4.914
3.865
2.769
3.431
2.286
3.184
3.379
3.58
4.286
3.837
3.866
4.509
2.984
4.326
4.145
3.624
3.064
2.418
1.903
4.533
4.231
3.14
4.531
3.641
3.472
4.18
2.357
1.703
2.788
3.943
4.609
1.758
2.247
3.124
2.423
3.581
3.516
3.783
4.0
3.504
4.353
4.538
2.137
4.609
3.728
3.658
4.632
3.483
3.906
3.827
4.315
3.462
2.204
3.016
4.637
2.972
3.714
2.632
3.029
3.922
4.094
3.82
4.343
4.323
3.47
4.013
2.64
3.582
2.931
2.082
2.87
3.466
3.083
3.792
1.641
3.361
3.326
2.366
3.312
3.877
4.033
3.629
3.741
3.033
3.936
4.37
3.979
4.729
3.165
3.666
3.966
2.132
3.985
3.285
3.812
3.695
3.364
3.531
3.599
3.625
3.312
2.903
3.781
4.498
2.427
3.885
4.396
3.651
3.547
3.55
4.671
3.919
4.072
3.342
3.087
4.332
3.898
4.154
2.668
3.853
1.972
4.459
4.722
2.763
3.916
4.485
4.005
3.819
2.73
3.903
3.973
4.167
2.722
2.714
2.698
3.556
3.556
3.294
2.057
4.25
3.661
3.923
3.966
3.192
1.841
4.66
3.76
3.92
4.143
4.3
4.501
3.721
4.585
3.364
2.63
4.091
4.386
2.102
2.257
4.078
2.987
2.662
2.641
4.017
4.091
3.594
3.331
3.302
3.168
3.944
3.294
3.203
3.415
3.488
3.186
2.8
3.665
3.947
2.052
3.525
3.201
4.395
3.263
3.903
3.568
3.29
3.977
4.052
3.398
3.701
3.586
3.829
2.745
1.698
4.947
2.771
3.531
3.306
3.697
4.137
3.667
4.194
2.589
3.414
3.287
3.486
3.914
3.967
4.322
3.25
3.495
2.965
3.873
3.369
4.071
2.959
1.408
1.918
4.215
3.287
3.396
3.429
3.988
3.555
3.559
4.633
3.826
2.974
2.583
3.125
3.501
4.616
3.508
3.867
4.359
3.339
4.365
4.315
4.061
4.137
2.722
2.623
2.348
4.117
2.953
3.922
3.9
3.858
3.589
3.325
4.515
3.941
3.437
4.166
4.116
3.468
3.748
3.412
3.558
3.921
4.204
3.065
3.758
3.898
3.628
2.489
3.447
3.861
4.271
3.879
3.126
2.411
4.079
3.148
2.933
2.669
3.413
2.346
3.525
3.148
3.868
3.876
4.291
3.036
3.802
3.418
2.375
3.647
4.418
4.148
4.381
3.288
4.072
2.963
3.204
4.077
3.798
3.38
3.034
3.198
3.553
3.96
4.119
3.252
4.235
3.83
3.866
3.655
3.537
3.614
3.429
2.515
2.666
3.404
3.838
3.488
3.885
3.608
2.557
4.035
2.9
3.086
4.253
4.038
3.454
2.917
4.337
1.903
2.772
3.613
4.595
3.621
2.227
3.32
3.299
3.11
4.001
4.24
3.107
3.058
3.955
3.623
3.531
3.181
2.947
3.697
4.277
3.104
3.511
3.833
3.333
4.29
3.685
2.757
3.557
2.59
3.77
3.615
3.906
1.599
2.907
3.934
2.819
2.921
3.938
2.969
3.316
2.781
3.582
2.661
2.405
3.193
3.832
3.171
3.866
3.574
3.854
4.464
4.145
2.869
2.511
4.134
2.544
3.491
2.994
3.577
4.157
4.069
3.156
3.026
3.624
1.777
4.035
4.019
3.765
2.501
4.443
4.258
3.898
3.191
3.539
2.896
4.169
2.206
4.315
3.484
4.367
2.044
3.543
3.507
4.319
2.258
3.295
3.781
3.226
2.291
3.566
4.449
4.181
3.93
4.095
3.665
1.96
2.701
3.347
2.855
2.392
4.859
3.393
2.983
3.612
3.843
3.775
3.681
4.754
3.223
3.555
4.005
2.628
2.633
3.806
2.855
2.941
2.917
4.012
2.629
4.183
3.763
3.539
4.598
3.677
3.635
3.847
3.522
3.988
2.925
1.983
3.158
4.026
2.115
3.086
2.514
3.488
3.604
4.831
3.718
3.943
3.743
4.88
2.075
3.927
3.909
4.101
1.372
3.365
4.252
3.365
2.249
2.756
3.83
4.368
3.677
3.994
3.778
3.151
2.786
4.175
3.22
3.631
2.245
2.84
3.002
3.239
3.024
2.636
4.967
3.959
1.992
4.229
4.599
1.884
4.229
4.085
3.962
4.764
3.021
3.168
4.214
3.45
3.392
3.708
3.273
3.765
4.037
4.038
1.915
4.013
3.97
2.674
3.484
3.204
4.307
4.034
4.212
3.464
2.758
3.401
4.623
3.717
4.025
3.213
3.428
4.191
2.707
2.525
3.976
4.236
3.351
3.516
3.322
3.656
4.036
4.09
4.215
3.228
3.522
3.548
2.895
4.008
1.877
2.936
4.194
4.689
3.993
3.929
4.155
3.716
3.023
3.584
4.058
3.381
4.355
3.444
3.167
1.676
3.792
3.584
4.787
3.325
4.096
3.037
3.517
3.71
4.027
4.439
4.041
2.771
3.757
4.5
2.589
4.32
4.037
3.652
2.22
3.384
3.371
3.934
4.163
3.936
3.372
2.786
4.038
3.39
3.411
4.406
3.331
4.371
3.443
3.576
3.079
2.914
3.438
3.847
3.194
3.707
3.088
4.002
4.489
3.677
4.002
3.609
3.075
3.732
4.446
2.574
3.363
3.138
1.644
3.355
3.579
1.871
3.537
1.721
2.519
3.874
2.776
3.676
4.124
2.704
3.978
4.493
2.87
3.675
3.839
2.213
3.598
3.51
2.862
4.523
4.155
3.929
1.817
2.276
4.413
3.983
3.695
2.597
3.07
4.363
1.993
2.382
4.3
3.237
3.845
3.811
3.195
3.484
3.937
3.644
4.578
2.209
2.659
2.775
3.58
2.968
2.648
1.979
3.487
2.836
4.432
3.499
2.653
4.128
2.822
2.864
3.668
3.01
4.321
2.997
3.637
3.7
4.153
2.732
2.448
3.149
4.383
4.614
3.715
2.42
1.127
3.597
3.371
3.342
3.356
3.618
3.753
3.483
3.709
1.698
3.121
2.679
3.5
2.445
3.971
2.699
2.955
3.316
2.878
2.693
