2.963
5
3.641
2.529
5
2.848
3.037
5
3.37
3.343
2.924
4.511
5
3.309
2.336
4.338
3.392
4.128
4.179
5
3.387
4.338
3.609
4.338
4.832
3.677
3.87
2.072
4.027
3.954
3.466
0.772
3.03
3.558
3.839
3.378
0.69
2.684
5
2.417
3.03
4.338
3.864
3.88
2.252
3.023
4.331
2.975
4.338
5
4.338
4.149
2.973
2.838
3.676
4.497
2.501
3.013
4.255
4.832
3.396
3.964
1.92
2.417
3.766
3.334
4.331
4.331
2.306
3.822
2.785
2.842
3.864
3.906
4.294
4.832
3.701
4.338
5
3.169
1.92
4.217
4.111
5
4.114
4.338
2.417
2.887
3.514
4.832
3.512
3.411
3.281
4.204
3.634
4.11
2.887
2.276
4.255
3.668
4.096
2.561
5
3.784
3.414
2.559
3.394
4.338
3.784
4.534
3.107
4.099
4.338
3.483
4.565
4.338
3.363
4.099
3.175
4.267
3.898
4.294
1.499
3.51
2.501
4.204
3.054
5
4.111
2.887
4.289
3.017
4.052
3.515
4.164
4.099
4.111
4.037
4.179
2.568
4.338
3.892
3.232
5
2.729
5
3.95
1.722
4.517
2.999
3.515
2.049
2.209
2.049
4.932
1.327
3.631
2.569
1.922
4.338
3.769
3.968
3.031
3.414
3.073
3.993
2.899
1.699
4.832
1.379
4.167
3.784
1.31
3.358
2.871
1.071
2.813
3.543
3.153
3.553
4.338
3.784
4.472
2.854
4.107
3.529
4.099
4.074
3.589
3.11
4.563
4.338
4.338
2.417
3.439
1.884
3.458
5
4.866
4.338
4.255
4.832
3.68
4.832
2.417
3.073
2.852
2.819
3.821
3.782
2.501
3.483
0.994
3.672
2.681
2.819
5
3.399
3.291
2.907
3.162
4.081
3.737
2.101
4.338
2.887
3.078
2.814
4.179
2.879
4.338
3.764
3.219
3.521
2.417
3.764
1.384
2.63
3.662
3.441
3.384
3.826
4.034
4.255
3.828
5
4.18
2.819
3.343
3.436
3.096
0.651
2.747
4.154
3.934
3.683
4.058
4.563
3.03
3.522
4.99
2.819
4.111
3.03
4.179
3.881
1.582
2.37
1.89
3.68
4.027
4.133
3.515
3.147
2.666
1.586
5
3.027
2.405
4.114
4.026
3.143
3.784
4.474
2.887
4.268
3.414
1.071
3.571
4.111
1.787
5
3.536
1.884
3.781
1.389
4.534
4.399
3.68
4.559
4.255
4.382
4.063
2.819
4.899
3.673
4.114
4.259
5
3.076
3.11
3.483
3.784
3.017
2.819
3.735
3.558
4.832
3.369
3.353
3.096
4.505
3.886
3.131
4.029
3.018
4.099
4.255
4.563
4.338
5
3.412
2.942
4.099
1.492
3.065
3.068
4.608
4.534
4.513
3.564
3.784
2.417
3.99
4.255
4.031
2.887
3.589
2.994
3.343
4.259
4.338
4.114
1.884
3.5
2.93
2.03
3.54
4.338
3.673
5
2.501
4.338
4.998
4.338
3.725
2.819
3.73
2.887
4.832
4.111
2.451
3.0
2.501
2.879
3.38
4.726
5
3.11
3.95
3.9
3.564
3.352
1.945
4.225
3.493
3.096
4.521
3.74
3.375
2.566
4.306
2.085
1.493
3.514
4.338
3.458
3.821
2.854
3.83
2.641
4.338
4.111
3.512
1.107
3.096
3.754
4.338
4.832
5
3.968
2.858
3.74
4.372
0
3.264
3.574
4.929
3.574
3.414
3.872
3.419
3.381
3.784
3.534
3.526
5
4.338
3.414
3.364
4.091
5
3.898
4.832
3.994
3.664
3.74
3.208
3.512
3.368
5
5
4.099
3.651
4.099
3.092
4.114
5
4.931
4.932
3.384
2.957
1.533
3.61
2.981
2.34
2.887
3.374
4.563
