5.0
2.8732683535398853
2.661862178478972
2.661862178478972
2.041241452319315
3.162277660168379
2.23606797749979
3.5355339059327373
0.0
1.8412414523193152
3.3355339059327376
2.041241452319315
0.0
5.0
3.5355339059327378
1.4898223650461362
2.4867513459481287
3.6729833462074164
1.4666666666666668
4.130127018922193
2.886751345948129
2.9796447300922724
2.4726124191242436
2.23606797749979
3.073268353539885
3.7301270189221927
2.886751345948129
2.962277660168379
2.5
2.935533905932737
2.4274861218395145
3.88248290463863
3.135533905932738
2.735533905932737
2.041241452319315
1.8412414523193152
3.672983346207416
3.672983346207416
2.23606797749979
3.135533905932738
3.1267799624996497
2.23606797749979
2.4726124191242436
3.5355339059327378
3.5355339059327373
2.6729833462074164
4.330127018922193
2.5
2.2867513459481286
2.1
2.23606797749979
3.8257712736425833
4.6
4.8
3.4824829046386303
3.162277660168379
2.6867513459481285
3.5355339059327373
2.686751345948129
2.041241452319315
2.962277660168379
2.686751345948129
1.886751345948129
2.286751345948129
2.486751345948129
0.0
2.562277660168379
2.0360679774997896
2.486751345948129
2.415113445777636
4.08248290463863
3.7301270189221927
2.9355339059327377
2.8732683535398853
3.6824829046386305
2.686751345948129
3.3355339059327376
3.3355339059327376
2.486751345948129
0.0
3.5355339059327378
2.886751345948129
2.7333333333333334
1.6898223650461361
0.0
0.0
2.0360679774997896
0.0
1.6898223650461361
5.0
3.272983346207416
2.23606797749979
3.5355339059327378
2.041241452319315
3.3796447300922723
2.2867513459481286
2.661862178478972
2.762277660168379
2.686751345948129
3.162277660168379
2.041241452319315
2.9333333333333336
2.23606797749979
2.1
2.041241452319315
2.562277660168379
3.135533905932738
3.183300132670378
2.041241452319315
2.886751345948129
2.3
2.5
2.4726124191242436
3.88248290463863
0.0
2.5
3.4824829046386303
2.962277660168379
2.886751345948129
2.962277660168379
3.88248290463863
0.0
3.073268353539885
3.3355339059327376
2.0360679774997896
0.0
3.672983346207416
2.962277660168379
2.886751345948129
2.23606797749979
2.686751345948129
2.686751345948129
2.886751345948129
2.962277660168379
4.164354645876385
3.3796447300922723
0.0
2.962277660168379
3.552847075210474
2.4726124191242436
4.072135954999579
2.5
2.272612419124244
1.8412414523193152
2.762277660168379
1.8412414523193152
2.1570226039551583
1.889822365046136
3.152847075210474
3.179644730092272
3.5355339059327378
2.23606797749979
3.5355339059327378
3.135533905932738
3.5355339059327373
3.472983346207416
0.0
0.0
3.3355339059327376
2.286751345948129
2.4726124191242436
3.073268353539885
0.0
1.9355339059327377
0.0
0.0
1.0412414523193152
2.23606797749979
3.672983346207416
3.930127018922193
2.962277660168379
2.661862178478972
0.0
1.6666666666666667
2.5
4.8
3.472983346207416
2.5
3.5355339059327373
1.6898223650461361
3.5355339059327373
3.672983346207416
1.8412414523193152
3.5355339059327373
0.0
4.072135954999579
1.8412414523193152
2.686751345948129
2.1570226039551583
5.0
2.5
3.5355339059327373
3.625771273642583
4.8
1.8412414523193152
2.88248290463863
3.930127018922193
3.3355339059327376
3.8257712736425833
2.0360679774997896
3.5355339059327378
2.0360679774997896
3.5355339059327373
2.5
2.0360679774997896
2.261862178478972
2.7333333333333334
4.8
2.962277660168379
3.5355339059327378
2.762277660168379
4.6
3.073268353539885
2.5
3.472983346207416
0.0
3.073268353539885
3.672983346207416
2.886751345948129
2.5
3.3355339059327376
2.4726124191242436
2.1570226039551583
3.872983346207416
3.88248290463863
2.4726124191242436
2.962277660168379
1.8412414523193152
2.686751345948129
2.8732683535398853
2.686751345948129
2.686751345948129
3.162277660168379
0.0
3.3355339059327376
3.102847075210474
0.0
2.686751345948129
2.486751345948129
1.5677669529663687
4.6
1.6898223650461361
5.0
3.135533905932738
0.0
2.23606797749979
3.5355339059327373
2.23606797749979
3.5355339059327373
2.686751345948129
4.08248290463863
4.8
3.5355339059327373
4.272135954999579
4.08248290463863
5.0
2.364354645876385
2.6367513459481287
4.272135954999579
3.3355339059327376
3.872983346207416
3.5355339059327373
4.6
4.130127018922193
4.025771273642583
3.335533905932737
4.130127018922193
4.330127018922193
3.88248290463863
4.130127018922193
3.5355339059327378
3.964354645876385
4.8
4.272135954999579
3.930127018922193
5.0
3.135533905932738
4.330127018922193
4.8
3.88248290463863
4.130127018922193
3.88248290463863
3.1709993123162104
4.8
2.23606797749979
3.672983346207416
2.886751345948129
3.5355339059327378
0.0
4.08248290463863
3.5355339059327378
3.672983346207416
3.872983346207416
2.886751345948129
2.962277660168379
5.0
4.6
2.886751345948129
3.930127018922193
3.5355339059327378
3.672983346207416
2.4726124191242436
3.88248290463863
4.130127018922193
3.88248290463863
3.5355339059327378
4.8
4.08248290463863
5.0
5.0
3.5355339059327378
4.8
3.073268353539885
5.0
3.88248290463863
3.872983346207416
5.0
4.8
3.88248290463863
4.543416490252569
NaN
NaN
4.130127018922193
5.0
3.5355339059327373
3.5355339059327373
4.130127018922193
5.0
4.08248290463863
4.130127018922193
3.5355339059327378
3.5355339059327378
3.5355339059327378
3.8257712736425833
4.08248290463863
2.886751345948129
4.6
3.88248290463863
3.4824829046386303
2.886751345948129
2.886751345948129
3.6824829046386305
4.130127018922193
4.08248290463863
3.5355339059327373
4.8
5.0
5.0
2.686751345948129
4.130127018922193
4.6
5.0
3.779644730092272
3.162277660168379
3.672983346207416
3.162277660168379
3.6824829046386305
2.686751345948129
3.672983346207416
4.08248290463863
2.886751345948129
4.164354645876385
2.8732683535398853
4.08248290463863
5.0
2.962277660168379
4.08248290463863
3.3355339059327376
2.886751345948129
2.886751345948129
4.8
5.0
5.0
3.88248290463863
3.672983346207416
5.0
4.47213595499958
4.08248290463863
4.8
4.8
4.08248290463863
5.0
4.8
5.0
4.8
2.886751345948129
3.872983346207416
3.88248290463863
4.8
4.08248290463863
3.5355339059327378
4.08248290463863
5.0
5.0
4.8
3.672983346207416
3.5355339059327378
4.272135954999579
3.672983346207416
4.08248290463863
3.5833001326703777
3.5355339059327378
5.0
3.872983346207416
3.5355339059327373
4.072135954999579
3.625771273642583
4.08248290463863
4.164354645876385
3.162277660168379
4.8
2.886751345948129
3.5355339059327373
5.0
3.5355339059327378
4.130127018922193
4.08248290463863
3.5355339059327378
4.025771273642583
2.886751345948129
4.130127018922193
4.330127018922193
3.5355339059327373
3.5355339059327378
2.5
4.08248290463863
5.0
4.08248290463863
3.5355339059327378
4.130127018922193
3.5355339059327373
4.08248290463863
3.88248290463863
5.0
4.8
4.8
2.5
4.8
3.3355339059327376
3.88248290463863
3.579644730092272
3.073268353539885
4.8
5.0
2.886751345948129
2.962277660168379
4.164354645876385
4.08248290463863
3.472983346207416
4.8
4.330127018922193
2.041241452319315
4.330127018922193
5.0
4.330127018922193
4.08248290463863
2.886751345948129
4.08248290463863
2.962277660168379
2.886751345948129
3.162277660168379
3.88248290463863
3.5355339059327378
3.5355339059327373
4.8
4.130127018922193
3.625771273642583
4.8
4.272135954999579
4.6
4.072135954999579
4.8
2.886751345948129
3.872983346207416
3.672983346207416
3.5355339059327378
4.08248290463863
4.6
3.464014327112209
4.330127018922193
4.08248290463863
3.88248290463863
2.886751345948129
3.335533905932737
2.5
3.579644730092272
5.0
2.5
4.08248290463863
4.08248290463863
4.8
4.272135954999579
3.162277660168379
3.5355339059327378
5.0
3.335533905932737
5.0
2.886751345948129
5.0
3.779644730092272
5.0
4.08248290463863
5.0
5.0
4.8
4.8
4.08248290463863
3.5355339059327373
4.08248290463863
5.0
4.8
5.0
4.08248290463863
5.0
4.08248290463863
5.0
4.8
5.0
4.330127018922193
5.0
4.08248290463863
5.0
5.0
5.0
5.0
5.0
3.5355339059327373
4.330127018922193
4.330127018922193
3.5355339059327373
4.272135954999579
5.0
5.0
5.0
5.0
5.0
4.8
5.0
5.0
5.0
4.08248290463863
5.0
4.8
5.0
4.330127018922193
4.6
5.0
5.0
5.0
2.886751345948129
3.5355339059327373
4.130127018922193
3.5355339059327373
5.0
4.272135954999579
5.0
5.0
5.0
4.6
4.330127018922193
2.886751345948129
4.330127018922193
3.872983346207416
3.5999999999999996
5.0
4.8
4.272135954999579
5.0
4.330127018922193
4.8
5.0
3.779644730092272
3.5355339059327378
5.0
4.629100498862757
2.886751345948129
5.0
3.5355339059327373
5.0
3.5355339059327373
4.8
5.0
4.225771273642583
3.872983346207416
4.564354645876385
5.0
5.0
5.0
3.88248290463863
5.0
4.364354645876385
4.330127018922193
4.364354645876385
4.47213595499958
5.0
4.8
5.0
4.330127018922193
4.8
3.5355339059327373
4.08248290463863
3.872983346207416
4.330127018922193
4.08248290463863
4.8
4.330127018922193
5.0
4.8
4.8
4.08248290463863
4.08248290463863
5.0
5.0
4.8
4.08248290463863
4.330127018922193
5.0
3.5355339059327373
3.5355339059327378
4.08248290463863
5.0
5.0
5.0
4.330127018922193
5.0
3.872983346207416
3.5355339059327373
4.8
3.872983346207416
4.277071733467426
3.872983346207416
4.072135954999579
5.0
5.0
5.0
4.8
4.8
5.0
3.5355339059327378
3.5355339059327373
4.8
5.0
4.08248290463863
3.5355339059327378
5.0
4.130127018922193
4.8
5.0
4.618120558297157
4.8
2.886751345948129
4.330127018922193
4.08248290463863
4.08248290463863
4.225771273642583
5.0
5.0
5.0
5.0
4.164354645876385
3.88248290463863
5.0
4.8
4.330127018922193
4.8
5.0
3.872983346207416
4.225771273642583
4.08248290463863
4.8
4.629100498862757
5.0
4.55
5.0
4.330127018922193
4.6
4.8
4.8
4.8
5.0
4.08248290463863
5.0
5.0
5.0
4.714045207910317
4.08248290463863
4.08248290463863
4.8
4.08248290463863
4.47213595499958
5.0
5.0
4.47213595499958
4.330127018922193
3.8324829046386304
5.0
4.330127018922193
5.0
4.130127018922193
4.47213595499958
3.5355339059327373
NaN
5.0
4.272135954999579
4.8
4.8
4.08248290463863
4.08248290463863
3.872983346207416
5.0
4.47213595499958
5.0
4.08248290463863
5.0
4.330127018922193
4.8
5.0
5.0
5.0
4.364354645876385
5.0
5.0
4.130127018922193
4.08248290463863
4.8
4.8
4.08248290463863
3.5355339059327378
4.330127018922193
4.8
3.5355339059327373
4.1791004988627565
4.130127018922193
5.0
4.330127018922193
4.08248290463863
4.130127018922193
4.08248290463863
5.0
4.08248290463863
4.330127018922193
4.08248290463863
4.55
4.47213595499958
4.629100498862757
2.886751345948129
4.164354645876385
3.88248290463863
5.0
5.0
