3.23726919981
2.45699577034
2.20178798834
2.20213348215
2.26785657927
3.04882433638
1.69828629121
0.712944995612
0.198618099093
1.19143534452
2.6016468874
2.73273409158
1.17164593935
2.39643919468
2.14425214699
1.7341363281
1.80879069865
3.38759211823
1.3823162516
2.1228942275
1.54554226249
1.0015692963
1.94612050056
1.66666666667
2.30769230769
1.26868924924
2.86561518908
1.364037825
2.01709764344
1.59934163094
0.634833251437
1.92522052882
2.85714285714
1.11969393864
0.675648711622
1.23619737104
2.14861718672
2.72117536101
1.5263787657
1.52103385329
1.37795541149
2.65894061753
2.13805070519
2.23763652146
1.93379651755
2.18375069174
3.33333333333
2.09593974054
1.88151322305
1.1733963564
2.2918614213
1.91575187724
1.6602544114
1.96392721751
2.31101925174
2.40296620131
2.53270273762
2.19956128299
2.15650362628
0.909090909091
0.874445036054
2.72027996369
1.16278190504
1.76101576537
1.49061064422
0.524639803916
1.69554867595
1.7739212513
1.02509466665
1.29586395736
3.04682322016
2.2071965225
1.65806996822
1.89026384925
0.998279571533
1.25
1.92510030336
1.93994811603
0.949400159029
0.798841398209
3.46366573125
2.40845549107
0.811242583123
0.850679998597
0.654142418255
0.955889979377
1.17168718328
0.766625845184
1.12166674187
3.29213674579
2.5
2.22222222222
2.24752113223
2.34510728946
2.28444612839
1.3634930104
1.08322937973
1.71161061951
2.6992531038
2.28891849518
2.317985722
2.082056647
1.99069194496
1.58626150626
1.90338576213
1.85514364392
1.27273119986
1.93347484867
2.00516194933
2.6863685676
1.01189732552
2.29625340551
1.08042675588
2.62161952547
1.78746657712
1.11111111111
2.26764708757
1.63753620216
2.70894697971
1.51015387475
1.90576225519
2.63579888476
1.44616585639
2.00157817985
1.46372511983
1.88809198993
3.0
1.33190678805
2.25225855907
1.2696342729
2.82399215869
1.7057846114
1.59012064338
2.18888049324
1.75969638758
2.72874459624
0.704209300188
1.171891056
2.39438253291
2.53019330176
3.31774021898
1.40290581518
0.430052308366
0.716665796936
1.94248276097
2.66539528966
1.35525765829
1.82161206007
1.75716382616
2.42047763788
1.21185448021
2.04561203718
2.29222878814
0.557379495585
3.33333333333
2.27907088399
1.53327289969
0.942533588545
2.46048156704
0.972762828072
1.02231751554
2.36515002946
1.23410576023
1.88559131963
1.2936092789
1.42128441069
1.32067655878
2.41341013994
4.34661850333
2.05474749207
2.04232975841
1.8690472522
1.71694785357
0.829183875837
2.0
2.78424097225
2.0
2.31829610467
4.0
1.26027654856
0.756005644798
3.36819921221
1.81274715811
2.5655952841
0.277204434077
1.69893513505
1.05589863844
1.74438123192
0.941396068249
1.39609470963
1.80511653423
0.490408571703
1.76353548254
1.19853144884
1.56698621344
1.2653760612
1.40853838995
1.07133761048
1.68233269826
1.24149804137
2.47501076199
0.713309217244
2.0
1.94971829653
1.26631508271
1.69658187032
1.96974985301
3.29593415771
1.0543763179
2.0
0.90974656865
2.75454988082
2.56557815274
1.40290581518
2.2571824762
1.36458850569
2.73051956296
2.22204202414
3.30276204007
1.83131888509
0.739170312881
0.648701498285
1.21380104125
2.30280356748
1.72051830424
1.44384159283
2.48784539955
1.68372301757
0.864847799142
2.86256870627
1.40959060192
1.4928438887
2.94039650096
1.05821034488
1.35525609056
1.42857142857
0.868999809027
1.40665035695
2.29509099387
0.7365222565
3.26592750847
1.8169045945
3.33333333333
2.39002301461
1.43631038921
1.66666666667
3.85904982686
3.12935652832
2.74947484334
0.395355275832
2.48824576537
3.83641135879
2.75828957558
3.63636363636
4.0
3.33333333333
3.84615384615
2.34521061182
3.75
2.43168982863
3.02633754232
2.63399106264
3.33333333333
4.04440821707
3.07692307692
3.36260846683
2.74081041416
4.28571428571
1.82216187939
3.33333333333
2.71267676726
2.56634401623
4.0
3.75
3.02624541734
5.0
3.0
3.55897199776
4.44444444444
3.17067600787
2.22222222222
3.39301708341
2.78048598453
3.56309711933
2.64893873284
3.0
2.55914265756
3.63636363636
1.94809305171
3.63636363636
2.85714285714
3.33333333333
3.75
3.14193993807
2.4749330692
4.0
2.92500766841
2.07604181021
2.91614160515
2.85714285714
3.3752900511
2.54214961941
2.01526986156
2.04180249572
4.28571428571
3.59230694671
2.08977460861
3.37483036332
1.42857142857
4.28571428571
3.33333333333
5.0
3.11344489455
4.30896709363
3.63167487085
2.81428368555
4.0
3.33333333333
3.33333333333
4.01509958235
2.22222222222
4.0
4.19518361489
5.0
3.33050003648
2.54402750731
3.33333333333
5.0
4.0
2.83377990127
3.2694367
3.3472179515
3.63636363636
3.07030349293
4.28571428571
2.29595082502
2.75310587138
2.5
1.875
3.33333333333
2.4587123245
3.85604942217
2.62761693448
3.36265197396
2.4292755127
4.33434218168
5.0
4.0
2.49117506962
2.00862936676
3.75
4.28571428571
3.63636363636
3.54600723301
3.0
3.16275187901
2.70398993045
3.33333333333
1.62034266761
3.33333333333
2.30168250203
4.00798678398
2.39529477602
4.0
5.0
2.03167246448
3.33333333333
2.41985391293
3.33333333333
2.5
3.8837422058
3.75
5.0
2.5
2.84805044532
3.0
4.44444444444
2.96000654144
4.28571428571
3.75
4.28571428571
2.28212176926
4.0
2.23600480292
3.75
2.85714285714
4.0
2.5
3.33333333333
3.44205954423
2.96668982133
2.22222222222
2.90028791875
3.35950866342
2.62388139963
2.00352803701
3.33311106477
3.26267639032
3.33333333333
3.09244000912
2.47575208545
3.45132812858
3.80392982201
4.22118425369
3.75
2.33540336291
2.75460549376
4.0
3.125
2.70688325167
4.44444444444
2.24050237238
2.5
5.0
2.59456773405
2.22222222222
4.0
3.63492834568
3.63636363636
4.0845006903
2.82777633518
2.65272359053
3.25657486916
3.33333333333
3.84460840906
4.0
3.39989893138
2.96903004249
2.6464655002
3.0
2.73515010253
4.0
3.72783784839
2.85714285714
3.05916692529
3.33333333333
2.69536811113
3.71332255857
3.05272632092
2.73588176072
3.67416381836
3.40491015803
4.28571428571
3.33333333333
4.28571428571
2.94993564487
3.63636363636
4.0
2.37313622875
4.28571428571
4.28571428571
1.96594494085
3.75
5.0
2.9903149179
4.0
2.08796364069
4.0
2.0
2.66356112865
2.32218960469
3.03342156112
2.98617328589
2.85714285714
4.0
3.78880067305
2.5
5.0
4.00454379618
3.31791862845
4.16666666667
3.12057458929
3.53548284088
3.33333333333
3.75095231192
2.91455443416
3.63636363636
2.22222222222
2.47042715549
4.28571428571
4.1103894636
3.12877576798
2.10270454486
2.63969385624
2.85714285714
2.58754462004
3.33333333333
2.39438468218
4.0
4.0
3.33333333333
3.75
3.31983691454
2.22222222222
2.382494241
3.09182072679
3.92661094666
3.417615816
2.91093114763
3.54484180609
5.0
4.28571428571
4.21052631579
4.28571428571
3.75
3.33333333333
4.28571428571
4.28571428571
4.44444444444
5.0
4.31697901338
4.0
4.0
4.28571428571
4.0
3.84615384615
4.54545454545
2.85714285714
4.44444444444
4.0
4.0
5.0
5.0
4.12757929415
4.0
5.0
4.0
4.28571428571
4.28571428571
2.03743838891
4.16666666667
3.76430204936
4.28571428571
5.0
5.0
5.0
3.33333333333
2.85714285714
3.48750994851
4.15339698394
4.0
4.44444444444
4.44444444444
3.63636363636
4.3006605804
4.375
5.0
5.0
5.0
3.75
3.75610262156
3.33333333333
4.04802642763
4.28571428571
4.16666666667
5.0
5.0
3.63636363636
4.54545454545
4.28571428571
3.58846445878
4.28571428571
4.09090909091
3.79311370974
4.0
3.33333333333
3.33333333333
5.0
3.99769196287
4.0
4.0
3.84615384615
3.58446079824
4.28571428571
4.0
4.0
2.91072873665
4.28571428571
4.72983259708
4.28571428571
3.75
2.85714285714
4.56049660842
4.0
4.54545454545
5.0
4.28571428571
2.86223871933
2.0
5.0
4.16666666667
4.28571428571
4.02947236598
4.35944424226
4.0
3.75
5.0
4.28571428571
3.75
3.33333333333
4.0
4.48493722081
4.08750772476
4.44444444444
4.54545454545
4.70588235294
4.44444444444
4.0
4.28571428571
2.49999120831
4.28571428571
3.33333333333
5.0
4.44444444444
4.61538461538
4.28571428571
4.30340889841
4.28571428571
4.45684842765
4.11823317409
5.0
5.0
2.85714285714
4.33005541563
4.0
4.44444444444
3.75
3.24937679938
4.0
3.87024919502
4.30694133043
3.63636363636
4.54545454545
3.75
5.0
4.16666666667
4.44444444444
4.28571428571
4.61538461538
3.40831320112
4.15912177414
4.28571428571
4.28571428571
3.75
4.28571428571
4.375
4.0
4.28571428571
4.57142857143
4.0
2.85714285714
4.28571428571
4.28571428571
4.0
4.20375070224
5.0
5.0
5.0
5.0
3.54920600851
3.52941176471
4.66666666667
3.52941176471
3.78342629263
4.0
4.44444444444
4.07308231294
4.11764705882
4.0
4.44444444444
4.61538461538
3.33333333333
1.9705975304
4.0
4.28571428571
4.11764705882
4.61538461538
4.44444444444
3.82727886084
3.33333333333
4.0
4.0
5.0
3.33333333333
4.70588235294
3.0
4.0
4.28571428571
3.82935106754
4.44444444444
3.63636363636
5.0
4.375
4.28571428571
4.16666666667
3.09010458844
4.54545454545
5.0
3.75
4.61538461538
4.28571428571
3.46262946725
4.44444444444
3.63636363636
4.28098659962
4.54545454545
4.0
3.90228239819
4.0
3.33333333333
4.28571428571
4.61538461538
4.0
4.04805536781
4.28571428571
5.0
5.0
5.0
4.0
4.28571428571
5.0
5.0
3.68421052632
4.28571428571
4.28571428571
4.54545454545
3.513644437
4.28571428571
3.99379534647
4.28571428571
3.33333333333
3.5
4.25101688275
4.54545454545
4.18526658416
4.0
4.02645025402
4.0
3.52753578375
3.75
4.61538461538
4.0
2.9065109383
4.54545454545
4.44444444444
3.75
3.57142857143
2.27138223333
5.0
3.33333333333
