4.64096
4.05602
4.67043
1.15727
4.04076
4.56083
3.59916
3.89472
3.86084
4.18638
3.13978
4.10386
3.89181
0.490973
4.6798
4.1842
3.79167
3.7081
2.40288
4.58536
3.90571
4.96575
4.51988
4.83505
4.53978
4.51544
2.66615
3.98724
4.53724
4.88849
4.48884
4.5231
4.03464
5.0
3.54564
4.97487
4.55702
4.79939
1.84537
3.89159
4.72995
4.86522
4.89852
4.31571
4.52992
4.80671
2.29274
3.89181
4.6053
4.60984
4.30208
4.00847
4.19882
4.20547
5.0
4.36664
4.93763
4.72929
4.32064
4.23236
2.57489
3.99645
1.80057
4.62687
4.59032
4.78631
4.36347
4.69005
4.8377
4.44211
3.53553
4.34479
3.67081
4.70483
4.90477
4.43335
4.67432
4.94108
2.20705
4.45543
4.97487
4.8377
5.0
4.35144
4.58817
4.18818
4.25317
4.21257
4.30517
2.20705
4.5998
3.61588
5.0
4.23248
4.7158
4.22929
5.0
3.4485
3.80071
3.50062
3.32623
4.63794
3.82605
1.84537
4.28172
4.90866
4.53052
4.29029
4.89852
4.07489
4.39778
4.58175
4.83344
3.68264
3.82605
3.81761
4.02041
3.678
3.48888
3.7258
4.42453
4.15211
1.84537
4.34457
4.85628
4.39088
2.81984
3.93721
2.46483
4.8033
4.62861
4.12368
4.19866
3.69526
4.46157
3.96117
2.48588
4.36674
3.55922
4.16983
4.4411
4.9618
3.69001
4.88206
2.83696
4.18638
4.78968
4.20233
4.76209
4.5458
4.59805
4.55258
4.69384
4.17325
4.27647
4.84162
4.83402
3.84147
4.93687
1.68595
4.87204
2.5325
4.14983
4.66517
5.0
4.01485
4.36688
4.11543
4.26243
3.76958
3.83664
4.33337
4.62326
4.27369
4.72585
4.50535
3.25754
4.64326
4.39184
4.79939
4.008
4.98972
3.64967
4.84737
4.13425
4.53041
4.2422
0.763917
4.05085
5.0
4.09575
3.79233
4.5432
4.72585
4.13133
4.79998
4.44831
1.68595
4.20279
4.48558
5.0
1.84537
4.49179
4.0806
4.64659
4.4072
5.0
5.0
4.51095
4.18724
4.32008
4.22885
2.66615
3.83677
4.30208
3.3922
4.39077
3.66057
4.81126
1.98456
4.96874
4.80671
4.2049
4.27617
4.62467
4.3611
5.0
5.0
5.0
4.19891
4.21257
5.0
5.0
2.25492
4.95428
4.59006
4.33689
4.16325
4.59716
4.12876
4.75625
4.48259
4.81158
5.0
3.47284
4.63139
4.9557
4.42244
4.60717
4.29585
5.0
5.0
3.95359
4.58957
4.51411
4.46665
4.18804
4.99905
4.93781
5.0
4.0728
3.85951
4.7677
2.25492
3.97292
4.76447
4.58418
4.49869
5.0
4.0097
3.17399
1.68595
4.49385
4.98763
4.68712
4.80896
3.76759
4.42755
4.34253
4.09925
4.76817
2.81984
4.06307
4.75119
4.54628
4.62577
2.66615
4.67871
3.68264
4.58735
4.58367
3.678
4.43793
4.23387
1.68595
4.27518
3.79075
5.0
3.55097
5.0
3.65643
4.19129
4.3848
4.26585
4.00042
4.81457
3.96548
3.82605
4.28968
2.81984
4.03875
4.56118
4.2193
4.10267
4.45032
4.48542
3.50062
3.92323
4.62768
4.44142
3.70884
3.82605
4.7345
4.95052
4.03871
3.98617
5.0
4.82169
4.0861
4.18327
3.70657
4.24708
3.85168
4.36625
3.77068
4.26801
4.67917
3.8596
4.40175
4.20601
4.80237
4.80671
4.80671
3.77272
4.17451
3.85938
4.45032
3.35059
4.98763
5.0
3.91478
4.70483
4.27129
4.8096
4.84565
4.84049
4.35595
4.01627
4.36285
4.17013
4.1708
4.55544
4.05002
2.66615
4.85612
4.26725
1.68595
4.6681
5.0
4.18327
4.83344
3.73335
4.7376
4.42765
4.41577
4.30709
1.95691
3.73274
3.68264
4.32723
4.36589
4.24488
4.81457
4.55455
3.80034
4.87034
4.89852
4.36347
4.39546
2.60315
3.29838
5.0
3.15611
4.00796
4.4802
4.52975
3.28828
3.16978
5.0
