3.85521
4.67369
4.18065
4.36083
5.0
3.67797
3.86176
5
3.71464
4.46755
3.85056
3.89824
4.85644
3.83145
3.4836
5.0
4.28011
4.47621
4.83882
3.85576
3.69874
5.0
3.65849
5.0
5.0
4.3513
4.58494
4.34803
4.13496
4.37975
4.29175
3.94536
3.47375
4.00442
4.50903
4.21479
3.92826
4.33527
5.0
4.93713
4.35087
5.0
4.24687
4.03458
3.32241
4.40112
4.45869
3.9446
5.0
4.90632
5.0
4.7134
4.08669
4.20744
4.13776
4.40089
4.76557
3.98337
4.60695
5.0
4.31166
4.83708
2.62594
4.93713
4.74306
4.10052
4.45869
4.45869
4.35439
4.69492
4.50775
4.56517
4.24687
4.23238
4.61812
5.0
3.89946
5.0
5
4.54126
2.62594
4.48084
4.28873
5.0
4.20304
5.0
4.93713
3.98894
3.74757
5.0
3.65632
4.54803
3.91316
4.82696
4.44381
4.44914
3.98894
3.87261
4.60695
4.41323
3.99303
3.2152
5.0
3.48878
4.49278
4.38277
3.87943
5.0
3.48878
4.23715
4.66848
4.78573
5.0
4.39753
4.49285
5.0
4.57892
4.78573
3.8209
3.98796
4.72075
4.59063
5
3.47141
4.76557
4.82696
4.49439
4.60656
4.28873
3.98894
4.60439
4.04757
4.2527
4.02616
4.05841
4.78573
4.28873
4.14785
4.83882
4.42937
5.0
4.42825
4.05807
5.0
4.08889
4.90632
4.2151
3.41667
4.15312
3.77757
4.02616
4.88407
4.73084
4.88407
4.52176
3.88695
4.31754
3.18957
3.95054
5.0
3.00474
4.26716
4.07709
4.49278
4.06111
4.41312
4.50682
3.33704
5.0
4.25176
4.11783
3.48878
3.49288
4.48523
4.08299
3.5689
3.75389
4.19302
4.28017
4.00753
5.0
3.48878
4.15645
3.54159
4.38963
4.80539
4.78573
3.81938
3.93114
3.39071
4.2232
5.0
5.0
4.93713
4.49772
4.20174
4.57466
4.98679
4.19383
5.0
4.60695
5.0
4.66912
5.0
4.93713
4.06111
4.78478
3.20446
4.29445
3.65795
4.76557
4.39753
3.02427
4.44045
4.21304
3.20446
5.0
4.37466
4.5837
3.78092
4.13744
3.93425
4.34046
4.40144
5.0
3.98894
3.8539
3.78168
4.83882
3.68818
5.0
4.10805
4.13374
3.94944
4.93713
4.14671
3.43958
3.51271
4.91141
3.77496
4.35872
4.42041
4.3269
4.60695
4.09883
4.67369
3.86287
4.01322
4.46755
3.70086
4.10991
3.92513
4.13118
4.75109
3.77566
3.8676
4.12427
4.2232
4.15342
4.36151
3.65632
3.20446
4.28873
4.15342
4.83882
4.48765
3.67143
4.12237
4.01463
4.66912
4.13496
4.50785
4.02616
3.84283
4.15568
3.25754
5.0
4.40991
4.46588
4.20304
4.41553
4.40689
3.48878
4.32876
3.98894
4.24305
4.49278
3.5689
4.39344
4.28873
4.04767
4.92713
4.12565
4.20174
4.20093
3.45341
4.34144
4.37907
4.66912
4.54715
4.60695
4.58626
4.41196
3.20446
4.46816
4.64656
4.20304
4.24604
4.67369
3.89717
3.8407
4.50873
3.48878
4.04757
3.76011
4.42276
4.67821
5.0
4.32192
4.63087
4.10991
4.4423
4.27085
4.20217
4.27359
3.90814
4.78573
4.60695
4.2232
5.0
5.0
4.13342
3.90278
4.78573
4.46931
3.91809
4.16444
4.8044
4.54486
4.23827
3.31015
3.48878
4.93713
4.41233
4.63392
4.13372
3.98894
3.93114
4.71655
4.46755
4.31653
5.0
4.20304
4.20174
4.0851
4.3766
4.44858
4.26377
5.0
4.64656
5.0
4.76557
5.0
3.88715
5.0
4.31036
3.20446
4.46911
3.98894
5.0
4.28873
3.17135
3.85348
4.76557
3.26233
3.64526
4.72935
5.0
3.8407
4.2151
4.19815
4.05994
4.1379
4.53237
4.81397
4.07002
4.10991
4.18614
3.5317
4.28378
3.88356
4.58727
3.07889
5.0
3.74757
5.0
4.57466
4.33321
4.30354
4.65246
3.45476
5.0
4.28873
3.65632
3.58754
4.10991
4.51271
5.0
5.0
4.79242
4.40773
3.48228
3.53492
4.36352
3.75892
4.17047
4.15433
4.49334
4.15433
4.49278
3.81789
4.47209
4.17334
3.48878
4.09954
4.37805
5.0
5.0
4.49278
3.43991
4.07331
4.57428
4.31359
5.0
4.20355
3.6969
4.2669
3.535
3.93658
4.44339
4.67369
5.0
4.78573
4.40222
4.78573
3.39033
4.20304
5.0
4.50953
4.52176
4.35872
3.75801
4.09957
4.18239
4.7645
4.82369
3.98894
3.85989
4.2232
