4.0
3.333333333333333
3.75
4.0
3.75
3.5714285714285716
3.75
3.333333333333333
3.333333333333333
3.75
3.333333333333333
3.333333333333333
2.5
3.333333333333333
2.538913771510124
5.0
4.0
4.166666666666667
3.75
3.75
5.0
3.0
3.333333333333333
3.7166438315273527
3.333333333333333
5.0
2.5
2.7857640882333117
3.75
3.75
4.0
4.269012642555227
5.0
4.799926015500377
3.062063505252202
5.0
5.0
3.333333333333333
5.0
3.333333333333333
5.0
5.0
3.75
4.752586133489644
4.0
4.0
3.75
5.0
5.0
5.0
3.0
1.9618007043997445
3.333333333333333
4.0
2.5
5.0
3.333333333333333
1.9437398885687194
5.0
3.333333333333333
2.5
3.75
3.1549455034274887
2.5
3.4547608097394304
5.0
3.333333333333333
5.0
1.9653537354928887
1.6666666666666665
2.5
3.333333333333333
4.599852031000755
4.599852031000755
3.333333333333333
2.9449057579040527
3.75
3.75
5.0
3.59310331984303
2.004761745532354
3.333333333333333
3.333333333333333
2.8302298113703728
5.0
5.0
3.0
1.8056584322181413
2.553075309842825
3.9192528001563103
3.440936667223771
2.5064097841580706
3.333333333333333
3.333333333333333
3.333333333333333
4.4795128570993885
4.4795128570993885
4.4795128570993885
2.1566963642835617
3.75
5.0
3.75
3.333333333333333
2.5
2.5
3.75
3.0
2.7679063752293587
1.3906975090503693
3.522404730319977
3.333333333333333
3.3939948678016663
1.871325522661209
3.333333333333333
3.75
3.1297905312354555
5.0
3.75
2.5
3.0
2.546340723832448
3.333333333333333
3.333333333333333
1.8119818965593972
3.333333333333333
3.333333333333333
3.333333333333333
3.333333333333333
3.213610738515854
3.0
3.333333333333333
3.75
3.75
4.197298685444626
3.75
2.5
2.5
3.333333333333333
2.1515294909477234
2.4761278182268143
3.333333333333333
2.5
3.333333333333333
1.8072352899859347
1.8072359605381885
1.7592916886011758
3.333333333333333
3.333333333333333
3.333333333333333
5.0
2.171073288967212
3.333333333333333
3.333333333333333
3.0
2.9313457757234573
3.75
4.166666666666667
3.0
2.5308509869500995
3.241264283657074
3.3359394111903384
3.333333333333333
3.333333333333333
3.75
1.3414205639855936
3.333333333333333
5.0
2.6480874698609114
2.5
1.6666666666666665
3.333333333333333
1.6666666666666665
2.6629976043477654
1.725478091587623
3.5072357455889387
2.825740110129118
2.5
0.8605684340000153
0.6386272981762886
3.333333333333333
3.333333333333333
2.5
2.5
3.759911218600453
2.5
3.333333333333333
4.0
3.75
4.27660701632536
2.6753368681426544
2.667054161429405
1.7726676786939302
3.75
2.3843745390574136
4.0
3.0608099747894846
5.0
2.3018804689248404
3.0
4.166666666666667
0.7911168038845062
1.6666666666666665
5.0
1.6666666666666665
3.333333333333333
0.7486123964190483
5.0
3.0
1.9275126792490482
2.545944880694151
3.333333333333333
3.1643936783075333
3.333333333333333
4.0
3.333333333333333
2.6377106457948685
2.5
5.0
5.0
5.0
2.895427793264389
3.5714285714285716
3.333333333333333
3.333333333333333
3.125
3.0546987615525723
3.333333333333333
2.451563614110152
3.333333333333333
2.424600770076116
1.860546711832285
2.0172618981450796
3.0
3.0
5.0
2.9556205017226085
1.6666666666666665
2.5
1.8240915533776083
2.6664584551018473
3.333333333333333
2.587989263850453
3.4775995714231906
3.0
1.711500695285698
2.2522638365626335
2.728571991125743
0.30462830513715744
1.5049124100481368
1.5386674413457513
3.094901518896222
2.0
3.75
4.0
2.6771085150539875
3.333333333333333
3.333333333333333
2.933185364334088
2.0574508545299373
0.4705831284324328
1.6666666666666665
3.333333333333333
1.25
2.5
1.8191411914808862
0.6456226759149992
3.199117623269558
2.5
3.75
3.0694887038809107
2.695939275145065
2.813420109450817
2.5
3.75
2.5
3.4523402620106936
3.0
1.4490386191755533
3.561407585533136
3.75
0.3561073665817579
2.3165299528925445
3.060434553772211
2.5
3.333333333333333
3.4989748001098633
2.696956438031422
3.333333333333333
4.0
3.2605881094932556
2.5
3.333333333333333
2.5
3.333333333333333
1.7754058415691056
1.90214474995931
2.1239952743053436
4.0
2.5
1.477334216849013
2.552640624344349
2.6825547590851784
2.0
3.6478364653885365
2.1143589839339256
3.333333333333333
2.7354575755695505
0.32596654879550135
2.256226303676764
1.8341023164490857
1.946408081178864
2.9154089093208313
2.833661027252674
1.0
0.427282378077507
3.333333333333333
1.8062597885727882
2.5985072237910596
2.5
2.179940715432167
3.333333333333333
2.5
1.7995130146543183
0.9249752759933472
3.2083046998715976
0.4016385848323504
2.5
3.75
1.9788537671168647
1.7690008568267026
2.1855696042378745
2.244448474229258
3.149319559659218
2.953374957044919
0.16061318417390186
1.716705633637806
1.7337104616065822
2.005607237418493
2.7265992388129234
3.75
1.8701757722306958
1.7690175026655197
1.7626567061676393
3.333333333333333
2.0193039998412132
2.2482531890273094
0.6586521744464345
3.0
3.0910632386803627
1.7226133681833744
2.171269084016482
0.4943391432364782
1.528763948008418
3.5714285714285716
3.0401124149836427
2.5956753734499216
2.275749146938324
4.0
3.333333333333333
1.6666666666666665
2.0
1.3818643568083644
0.396368385409005
1.4495334544547354
2.0
5.0
3.2832361459732056
2.6773519068956375
3.0
5.0
5.0
5.0
2.8015801310539246
1.9626152142882347
1.7374227568507195
2.5
1.4326702190029306
3.170528218150139
1.4274513209238648
2.803952284157276
3.8841996900737286
2.3057192067305246
1.380371211532235
0.15983756631612778
3.333333333333333
1.3658048771321774
1.8815295894940696
0.44500169671430445
2.5
1.8585169253249965
0.29872049887975055
0.48840515315532684
3.333333333333333
3.228892222046852
0.3905845185120901
3.018581485375762
1.3741898629814386
2.5449855849146843
3.0
2.2386598140001297
2.5442145951092243
3.0
2.5
3.134312182664871
2.351184129714966
1.7470469325780869
2.127372281891959
1.928541729340505
0.34395781656106317
0.45730641577392817
1.9025643169879913
1.7937742484112582
0.5108687281608582
1.7160972021520138
2.8571428571428568
0.3080388754606247
1.7119071756800017
1.2968506515026093
1.200571549905179
3.0
3.75
3.4377292792002363
0.2623198367655277
0.26378155996402103
0.1510277266303698
0.3199824566642443
2.8571428571428568
1.6666666666666665
3.333333333333333
2.5
3.75
1.9811351224780083
2.6854535316427546
2.360123816450702
1.3564193714410067
2.1594863744186505
2.5
2.8487785657246905
3.199037251911267
0.2210249192918552
0.47450381952027476
2.5
2.326745241880417
0.24195132156213123
2.142857142857143
2.1506332755088806
3.9600053060667872
4.0
2.0336358125011125
2.8571428571428568
1.6666666666666665
2.505303570145381
3.0233972147107124
2.467682972550392
2.655494064092636
1.1443364466540515
1.296021357178688
1.3193562540074364
3.02279262936541
0.27249003450075787
1.6144791524857283
0.8161650774104057
1.8257592428174696
3.3610308046142263
2.2286332026124
1.9817341097715178
3.75
1.6666666666666665
0.24599758287270862
1.6805271431803703
0.36305418238043785
2.225184801499992
1.5112018744860376
0.847563751133803
0.203595332801342
1.3293972667306662
4.166666666666667
0.7832370084526323
1.5239777176507883
1.6975009938081107
2.5
1.5663697943091393
1.853463314473629
2.259626934925715
1.1228021482626598
0.8333333333333333
2.1794151216745377
0.30955467994014424
4.166666666666667
3.333333333333333
0.588002676765124
2.025695974007249
0.8508259051873781
1.5015265308451176
2.6412450559437275
1.1091310468812783
1.2200385369360447
0.3722035884857178
0.4560151447852453
0.22887638459602994
0.6957813631743193
0.35135024758632755
0.7246328828235467
2.3215202159351773
1.5576864816248417
2.0
2.9196362360188384
3.333333333333333
1.25
3.333333333333333
2.5
1.7361365524785861
1.3383354642428458
0.2279842769106229
3.0
1.3361364677548409
1.4685103297233582
1.4592950173250372
2.728455088892722
2.5
2.56186094135046
0.3030162677168846
2.5
1.3153221160173416
2.0182878399888673
0.22985822521150112
1.3032500306144357
0.34291690587997437
1.7154008448123932
1.1025000510096978
2.5
2.2806878089904785
1.9426662315215384
2.112601896127065
2.17241121083498
0.5054672993719578
0.8235803246498108
0.1716576050966978
0.4648273438215256
1.9418129902834922
2.151957254074835
2.0779205408629124
2.178736388683319
1.4560836404561996
1.8847411603791733
1.3621707633137703
0.4871610800425211
0.3240344300866127
1.9017834067344666
3.0
1.0
0.9516467650731404
1.7790213602258342
4.166666666666667
3.4552488923072815
1.0
1.4791359901428223
2.0446143932640553
1.1174051612615585
0.3722877268436241
0.27935674879699945
1.9653537354928887
1.1156115145422518
2.827390482028325
0.6888666935265064
1.249830776253604
3.0
0.3997313044965267
1.309038967820682
2.5
3.333333333333333
2.0576313473284245
1.4849255234003067
1.6582241015774861
0.3960086960454789
0.16097480431199074
2.142857142857143
2.5
2.0
2.142857142857143
3.0697640380103257
2.05572297424078
2.113948556545856
1.1365695595741272
0.9500480070710182
0.898578898049891
1.25
2.7290335576981306
2.1252378395412355
2.0050793974660337
1.2742987896005311
0.4334534518420696
3.333333333333333
3.333333333333333
2.199635624885559
1.0727064187328021
1.0246514601793648
0.1828233851119876
2.0602559919158616
1.070677360572101
1.6960655525326729
3.75
0.8796770373980205
3.333333333333333
1.7112685149178963
1.3357113907822908
1.844963269929091
1.2435521185398102
2.5
1.948086228221655
0.4670404642820358
0.4657575935125351
0.3958901669830084
0.28520144522190094
0.20224197953939438
2.5
2.3198154249361584
1.13602876663208
1.9978417083621025
1.801655019323031
1.1892040659274374
1.0589407370001704
1.8199304599020718
2.1238907612860203
3.0
1.7825889005325735
0.6540840584784746
1.384419471025467
1.1663362588733435
1.109195995843038
1.1617189406284265
2.632640327016513
2.2717757672071457
1.7471709088857774
0.38750482723116875
1.8416333477944136
0.39499735459685326
2.3657860159873962
0.4189682647334707
0.25706945452839136
0.38023008654514945
2.556505873799324
1.7274653352797031
0.5218222253024578
0.08488454623147845
0.6400454640388489
0.3830759786069393
1.0780711179333073
1.4285714285714284
2.1127262990921736
1.0842276500029997
0.35646687261760235
1.7926424338171878
0.08752143631378809
1.481124913053853
0.6692534492938187
1.4436235332063265
0.1552182280768951
1.1806152326365311
0.984494867734611
1.298381295055151
0.8352456623594415
1.6965325735509396
0.687043306544371
1.5287044048309326
2.0047191955382004
1.6329327374696732
2.668676134198904
3.0417184866964817
1.2130364030599594
1.8815997160992524
1.243575822805328
1.1615724861621857
1.875
1.2776969266789302
0.9799755240480106
1.0
1.9270477715865373
2.531520484481007
2.0
1.172039155872885
0.17978351563215256
0.17202732618898153
1.9000887808700404
1.092023752591678
1.45870803296566
0.5318216482798258
1.2035433513422806
1.3515946385450661
0.20566745847463608
1.4719120492892608
1.347201700721468
2.4587433986364555
0.596557209889094
1.5254061562651677
1.25
1.2377177253083733
1.0310107783880085
2.050295729190111
0.8812205990155537
0.12881814191738764
2.846357648571332
0.5465254606679082
0.5017507184113742
0.5991510880320445
0.45051235361910863
1.1370638914097784
0.2156507410109043
1.4818923771381378
2.0
1.4132817275822163
0.6704185903072357
0.49222439527511597
2.1896186151674817
2.5
0.6309314519166946
1.7658882463971772
1.4658571353980474
2.0933665111660957
1.288384955842048
0.5083797499537468
1.6666666666666665
1.6666666666666665
1.1272032409906387
0.37054897751659155
0.3045811131596565
0.25352413207292557
2.5
1.5018689166754484
0.35445793718099594
1.5615242119703647
0.33518411219120026
1.2045726925134659
1.8008658587932587
1.9914895364201237
2.2222222222222223
2.106639873824157
1.1622391951580842
2.0
1.16080188502868
0.44292046294739423
2.0
0.5627271315422098
0.3258998319506645
0.6408872921019793
0.5581109970808029
1.367857193108648
0.2954234182834625
0.47079551964998245
0.5997109413146973
