3.14251442928
1.81532878962
3.36118718386
3.70077516351
1.56447693706
3.73766371049
2.51499580121
3.86046367139
4.04413191111
3.86892902851
2.98727303798
3.6083629341
4.11615258171
2.4794639647
3.23166600683
3.44659715891
2.90426655727
2.34581463716
2.99506536168
2.77541308353
3.5
3.53356355216
3.87096774194
4.47036274842
3.23032779538
4.10256410256
3.94539389537
1.6517755673
2.59993727912
3.79200321279
3.77038325071
2.72390868101
3.43523669633
2.70490005329
3.74384008348
4.13793103448
3.29864980446
2.58936607524
3.35709884763
3.65531948602
3.48673308846
4.73684210526
3.57029811332
2.36214087966
3.87096774194
2.08024340647
3.52491548374
3.09622682631
2.74959933609
3.87458465131
3.79249830265
4.23628799402
3.98151511496
3.32006395542
3.90730051789
3.69664302894
3.04347826087
3.0909833607
2.95462081209
2.17028639463
4.8275862069
3.15167594302
2.50252857804
4.375
3.63636363636
2.75232217319
3.26706978827
2.48238411629
1.92792979323
4.11274646719
4.10288128071
2.99366397952
1.43316858176
2.57713336012
3.1215315215
2.13844483718
2.62783477422
3.10746490307
2.98024560833
3.73327611014
3.46799952142
4.11967402467
4.5139114121
2.12256968382
4.8
3.33333333333
3.4024128717
4.0181353993
2.58124131858
3.05765694585
2.95855165854
4.07407407407
2.77132963905
2.03722119704
2.92658177133
3.7259012916
2.59895676126
3.94926709321
2.55364420637
2.27576325206
2.39922352135
3.18899026827
3.08667886192
3.78460612355
3.70796597365
3.60948816888
4.34782608696
2.77622298935
3.62175936855
3.33488824575
2.45707186992
2.68750758275
2.67730651342
3.65500648107
4.0625
1.55450475286
2.57656035013
2.74698016189
2.70815977877
4.0625
3.17576702488
2.77667340178
2.97096202432
3.27934676829
2.33622376807
2.63419338412
4.2279423335
3.43118877747
4.35143004398
3.27731735508
3.0643139957
2.74465922089
2.1121065204
2.76146626499
2.37662880371
3.4290558618
4.21052631579
3.37142583811
3.46768569946
3.49944032969
3.07698022378
3.47031188699
3.39047042653
3.78184750123
3.95345757594
2.99510075365
3.1108791523
3.95516297913
2.24270515582
3.90473913502
2.94586545698
4.07783118578
2.91729524732
3.81885783281
2.77822092175
2.57485083342
3.83054354191
3.56675640252
3.75
3.28142735575
4.0625
2.2239283153
3.59844545199
4.33333333333
2.73396743834
2.7227333861
3.9592543812
3.07647453113
4.18557145596
3.20286860583
4.39527357166
3.91304347826
4.53541588783
3.09284014567
2.95627216563
2.29373485781
2.70712078494
3.25587357249
3.41715097427
1.66966402548
4.05586556384
3.18190321326
2.9128353071
3.34080960406
2.38882192656
2.42125275504
4.41888046485
2.96244494254
3.73569920659
3.55031698039
3.94669233759
4.75
3.30392721902
3.29394903965
2.7698759675
2.52211779729
3.27926555709
4.31155994534
2.65053010368
2.4158924073
4.21052631579
2.44550462398
3.12054403002
2.76974522541
3.84615384615
3.69368580023
3.81183315407
3.02233075723
3.24736129626
2.43175901473
3.80818019176
3.37451615185
3.12923773314
2.70480773666
3.45063719011
3.26586852116
2.72251784305
3.49822179738
3.44449466372
1.49670562358
3.34542681989
2.57386050348
3.83790471463
3.59922455469
3.10897365212
2.09415020926
3.21026819944
3.71567755938
3.63636363636
3.76398961577
4.28546312608
2.62282111496
3.33333333333
3.51266916679
1.52281551338
3.77138480544
2.87550625801
2.70731013072
3.36662798844
2.95806114562
3.37565617696
3.14532869163
3.39116569895
2.01989577237
3.978844136
2.88416968364
2.4103164321
3.98634107674
3.35748433105
3.47833912518
2.96557577817
3.85998957432
2.538162563
4.16529523475
3.75
2.64747875689
3.3608678049
1.63651977252
2.24850895307
4.21843443997
3.08815739664
3.35748446662
2.85710743256
4.56505594046
2.87312878562
3.85982304279
4.24242424242
2.25042778067
2.72515581424
2.33794444137
2.85078289608
3.83106553306
4.1935483871
4.57440364928
3.34285484893
3.72247432359
2.99539002079
3.74935465554
2.80132342935
3.59209212661
3.6069021233
2.7179527945
2.77515468498
2.48378404865
3.44902649522
3.03199264189
3.88433923324
3.48593244329
3.32698459809
3.70995995402
2.32040445631
3.23468732337
4.01267010719
2.95784890482
3.78908920288
3.56286072994
3.66944828174
2.63157894737
3.74676682055
4.07426158587
4.04756346984
2.44744087
3.10451474041
3.39150472691
2.4239218235
2.70902685821
2.15346178412
3.60885177667
4.1935483871
3.81830634922
2.33307388029
2.91666666667
2.75944327053
4.32702981432
2.90495808406
2.82720722979
2.88910739124
3.63784099619
2.3955581896
1.95642317144
2.67194996948
2.55629230705
3.75465685152
3.05818755518
3.13964305818
2.44432674997
3.23194812983
2.22549568463
4.03243917027
3.66126380654
3.93139372092
3.66364315152
2.72038122882
3.90939483369
3.05195145669
3.63517264533
5.0
4.09428210463
3.59996740585
2.29570149199
3.22262329715
2.522886263
3.04503102755
4.15833117384
3.44827586207
2.82634007641
4.05344186291
3.7283787108
2.90745976425
2.94117647059
3.5887726735
2.24247033941
3.19542275476
2.78781314708
3.51717613521
3.52224504203
2.76697771116
3.79491443697
2.72428938876
3.1115038279
2.79922215183
3.05258689448
2.68315194973
2.65224814105
3.87270637239
3.67078681787
3.20732441731
2.52962405031
1.47992007434
2.16257329875
3.25306694547
3.75
3.59608228832
3.47615521263
3.35392705133
2.66742202852
3.52941176471
2.93679447184
3.88888888889
3.27911156363
2.63435816858
3.30577076014
3.88271391392
3.60420574434
2.33197240252
2.78566799368
3.40161799764
2.97107050717
2.24333489107
3.68421052632
3.57885824309
2.28643187567
3.80622439656
2.6577957798
2.66459097271
3.94736842105
3.06499287486
2.93779140072
2.7935403469
3.19913207747
1.56209780097
2.82577459324
3.43922887236
2.86279715416
2.66399950649
4.55996534339
2.8186111186
3.58242170486
3.36771315855
4.00941158148
2.48013035339
2.49126358067
4.0587939322
2.90622128105
3.21936841289
3.12931447057
2.86612978578
2.89343101283
3.53224095929
3.90442696307
2.79838065927
1.95515624733
3.44835969102
3.09195899715
3.37970766588
2.66800643746
3.44347372375
3.8817132087
3.22780293447
3.69347455827
4.17489404324
3.09743004984
2.23936844817
3.56753822948
3.79680235637
3.28307481607
2.87960317099
4.1702355817
3.63636363636
2.17418790928
3.63995497425
2.97708219982
2.31107989699
3.72819286734
2.14206136371
2.98855519308
2.15713237164
3.9909292421
1.98374591768
2.82481585271
3.73889950961
3.65384530637
2.48320200791
3.12248290234
3.29203777603
2.54017788712
2.74338061635
3.2596037304
2.91902406141
3.90460963807
4.6511627907
4.03632835671
2.90816419151
1.5597329813
3.26354974615
2.98826622233
2.66122934967
2.39403801784
3.59628894637
3.10054793954
2.38232789768
3.20495154834
3.60408413513
3.20964159237
4.0939938119
4.8
2.9895748198
2.93275386561
1.81818181818
2.86839345027
2.5881641591
3.88929610869
3.31790564954
3.5880154511
3.57231442345
3.88044722378
3.02646099493
3.96133892012
3.32396646792
4.04752231602
3.57051719628
2.32814543669
2.8011028666
3.3167297534
2.95114087118
3.81718632053
3.68421052632
1.43316899329
3.40788867188
3.57069199383
1.81480129494
3.6526585184
2.44697219976
3.05229518811
4.22329044342
4.13793103448
3.33569331897
3.8248147029
2.87166627434
3.71080299616
2.51467497286
3.02581382689
3.37388656206
3.89861053108
1.77149633291
3.05073997006
3.79045662625
3.73017957029
2.40094633709
3.53341359231
3.43977394563
4.15114167965
4.0
3.90815890149
3.66593569815
2.55972014597
1.69341647311
3.29720231513
3.38615242392
2.80202856795
1.8227297387
2.58687437727
2.688126492
3.6447213119
3.23211919694
2.40686383843
4.24028285875
3.25584781766
1.42724337211
3.77806292261
4.16666666667
2.35438468781
4.72222222222
3.30591865655
3.99375413303
3.59970558306
3.11952542852
2.91639971106
2.8689111833
3.93812702252
2.8211332627
3.57600457245
3.96121121686
2.83095844493
3.40746290658
3.29004737464
1.47875506964
2.67020854003
3.96805799788
2.5
3.09540830722
3.72466853763
4.33428627829
2.79037210231
3.50490539461
2.95146578415
2.66695582086
3.24493164197
4.21039021828
3.44659715891
3.93428669622
3.35738720638
2.68171486706
3.4364619592
2.13810509561
3.03740414764
3.67385282029
3.96104959711
2.34968396002
2.88939180225
3.75021099818
3.33829560611
2.66624022275
4.09934409979
3.40333192299
3.02966000575
2.87202520973
2.97932998942
2.72727272727
3.07534341928
2.43496260345
2.16713538518
4.09338304039
4.69425057211
3.75212562031
3.33595518361
3.26766157953
3.34004903382
3.10689075504
3.30539264941
3.59108474664
3.03681365214
4.11062294883
3.05978166915
3.56605162844
3.06355532408
3.30679415577
3.51419628694
4.47995837392
2.83795873876
4.00641030459
3.04924267779
3.19847676449
3.72506974638
4.24321718705
3.3084835019
3.38138429271
2.59986971461
3.05922780989
3.49172457796
2.97825592242
3.52941176471
3.75
2.9643939944
2.66361686756
3.11878625304
3.71218194719
3.29252980383
4.1851388601
3.55234876275
2.63974115252
1.99706143803
3.50949532137
3.39948926653
2.98966658155
3.24132092711
2.93336135609
3.80778447725
2.88697216177
3.66294745137
3.13683300383
2.78648126142
3.99501558958
4.36169137008
3.33333333333
2.6266164581
2.6812569797
3.66502476366
3.11741653384
3.9191082182
3.02447669747
3.47013336956
2.7096879027
3.69480533483
3.63790634487
2.47386380815
3.33667434752
2.65751346373
1.79232007861
2.78861124235
3.256116877
2.05586454272
3.14450226724
2.88895592878
2.22902276739
4.08177694054
2.15463927898
2.44855942374
4.07407407407
2.83284446038
3.24293375339
4.54545454545
2.63146645992
3.8832906064
2.43686815258
2.35943860507
2.75828637299
2.8714609713
2.92542358637
4.44444444444
3.85261145731
3.44055741473
1.77609186129
2.15248662978
4.0
3.39053131342
2.79190681875
2.74272534493
2.77470520884
4.41176470588
1.73810905354
3.07315460593
3.77633715939
3.4893799878
3.67887359113
3.19629563696
2.87710291498
2.95449001715
3.99324648508
3.20335852063
2.06793894586
2.29023569574
3.52835739156
3.54107721182
3.82153076656
3.37041067355
2.22450959931
2.13688662166
2.94542717515
2.79855347704
3.86298303554
3.2
2.79329010669
3.86919862613
2.63227326037
2.64859491693
3.51476932673
3.4737619461
4.4
3.13288745014
4.41436129957
2.79472650452
4.17982877814
2.98250408843
2.64811151624
2.29233291355
4.0
4.14414657014
2.90326380959
1.67104411282
1.80558932679
2.67592505241
3.61161646648
2.92119679485
3.18323002507
2.9951938575
3.21441553533
3.12825115115
3.38039562603
2.3347946374
3.35538392004
3.47012485067
3.36382976216
2.8546260044
4.24242424242
2.85271633863
3.17447927335
2.59257029154
2.53473024283
2.34589807556
