3.82586359978
2.60649675131
2.35905855894
1.8758648696
2.83882546425
2.77165848762
1.50958781441
0.950593327483
0.198618099093
1.05905363957
2.27644102648
2.48430371962
1.17164593935
2.39643919468
2.14425214699
1.44511360675
1.64435518059
3.01119299399
1.13098602403
2.1228942275
2.31412932954
1.08503340433
1.76920045506
2.0
2.10526315789
1.11010309309
1.43873822689
1.364037825
1.76496043801
1.14238687924
0.476124938577
1.92522052882
2.22222222222
1.24199305927
1.5405189693
1.23619737104
2.5040320307
2.72117536101
1.69597640634
1.38275804845
1.27953002495
2.65894061753
1.781708921
1.9890102413
1.93379651755
2.18375069174
3.33333333333
2.43341072039
2.21089868861
1.06672396037
2.2918614213
1.73148873605
1.6602544114
2.36778610282
2.31101925174
1.84843553947
2.77521975338
1.83296773583
3.01910507679
0.909090909091
1.09305629507
2.41802663439
1.36063852796
1.76101576537
1.24217553685
0.46634649237
1.69554867595
1.47826770941
0.79729585184
1.2322805609
2.79292128514
2.2071965225
1.38172497352
1.6202261565
2.14162826538
1.66666666667
2.16573784128
1.50884853469
1.02851683895
0.844630668206
2.96885634107
2.40845549107
0.686436031873
0.928014543923
0.560693501362
0.764711983502
1.00430329995
0.919951014221
1.22363644567
1.46536638428
2.77777777778
0.968265858564
1.92644668477
2.17759962593
2.28444612839
1.3634930104
1.48153891166
1.71161061951
2.6992531038
1.93677718823
2.02823750675
1.90855192641
1.76950395107
1.51050971821
1.90338576213
1.48411491513
1.38843403621
1.74997112714
1.503871462
2.6863685676
0.867340564728
2.29625340551
0.899538032033
2.7830878689
1.78746657712
1.0
1.59215174119
1.63753620216
2.21641116522
1.2584615623
1.6940108935
2.63579888476
2.13941109677
1.62754292334
1.46372511983
1.46851599216
2.72727272727
1.15052729845
2.25225855907
1.2696342729
2.47099313885
1.46210109549
1.44556422125
1.87618327992
1.75969638758
2.48067690568
0.61031472683
0.937512844801
2.21353640159
2.53019330176
2.90302269161
1.26261523366
0.382268718547
0.551281382258
1.16704969534
1.95462321242
1.29791050711
1.58766105771
1.73355587151
2.42047763788
1.21185448021
2.04561203718
1.83378303051
0.477753853359
3.33333333333
2.07188262181
2.22661831975
0.0408743859993
2.46048156704
0.729572121054
1.10751064184
2.36515002946
1.80662237108
1.64989240468
1.2936092789
1.27915596962
1.42226706331
2.41341013994
3.40438825389
2.05474749207
1.81540422969
2.12745067828
1.71694785357
0.777371457467
1.42857142857
2.47488086422
1.81818181818
1.93191342056
4.0
1.08124130302
0.104893871716
3.36819921221
1.61133080721
2.5655952841
0.832827441833
1.84990674257
0.938576567504
1.52633357793
0.878636330366
1.11687576771
0.861003313746
2.81055733562
2.23676694291
0.749082155526
1.25358897075
1.1165082893
1.30018928303
1.07133761048
1.5529224907
1.0863107862
2.47501076199
1.85199609026
1.66666666667
1.94971829653
1.26631508271
1.69658187032
1.68835701687
3.29593415771
1.0543763179
2.22222222222
0.72779725492
3.31591241062
2.96028248393
1.26261523366
1.9099236337
1.22812965512
2.48229051178
2.46893558237
3.67992603117
1.5697019015
0.677572786808
0.648701498285
1.11171590785
2.30280356748
2.12372206151
1.99094288624
1.93499086632
1.87080335286
0.518908679485
2.97120669713
1.17465883493
1.19427511096
2.64635685086
1.12434849143
1.35525609056
1.76470588235
0.868999809027
1.28942949387
2.04008088344
0.66287003085
2.9030466742
1.36267844588
3.33333333333
2.39002301461
1.25677159056
1.66666666667
3.85904982686
2.75522783399
2.74947484334
0.395355275832
2.25740547809
3.83641135879
2.01105276744
2.93577104807
4.0
4.0
4.28571428571
2.53782190965
3.63636363636
1.73692130617
3.93542845141
3.30999361617
3.63636363636
4.04440821707
3.57142857143
2.94228240848
2.85714285714
3.75
3.07216187939
3.33333333333
2.71267676726
2.56634401623
4.0
3.33333333333
3.11837179214
5.0
3.0
3.50256233166
4.0
3.17067600787
2.85714285714
3.77001898156
2.7317058133
3.56309711933
2.64893873284
3.07692307692
2.77028556913
3.33333333333
1.94809305171
3.63636363636
3.33333333333
3.84615384615
3.75
3.76129329205
3.13098944724
4.0
3.5750093725
2.07604181021
2.36936505418
2.5
2.59637696239
2.54214961941
3.00455701584
2.55225311965
3.75
3.82451226314
2.08977460861
2.89271173999
1.66666666667
4.28571428571
2.72727272727
5.0
2.63445337231
4.30896709363
2.76809332462
2.81428368555
4.0
3.33333333333
3.33333333333
4.27531264398
2.85714285714
4.0
4.19518361489
4.0
3.02772730589
3.33333333333
3.33333333333
5.0
4.0
2.83377990127
3.89873244546
3.3472179515
3.63636363636
3.36717987863
4.44444444444
2.30995381872
3.2024846971
2.5
1.76470588235
3.33333333333
2.23519302227
3.49730597809
2.65155677185
3.63554331164
2.4292755127
4.50075663626
2.24544429779
4.0
2.86661631614
2.43596802865
3.33333333333
4.28571428571
2.92888517181
3.86911673678
2.85714285714
2.57126935891
2.84922302342
3.33333333333
1.41779983416
3.33333333333
3.51493684782
4.00798678398
2.5963030383
4.0
5.0
2.61215031147
2.85714285714
2.9251969854
3.33333333333
2.0
3.42249480387
4.0
4.54545454545
3.0
2.53160039584
3.75
4.16666666667
2.90091185165
4.28571428571
3.75
4.44444444444
2.56738699041
3.33333333333
3.1098049134
3.75
2.85714285714
3.33333333333
2.5
2.85714285714
3.83154465817
2.63705761896
3.33333333333
3.320230335
3.62686518166
2.62388139963
1.8031752333
3.33311106477
3.26267639032
3.33333333333
3.63745714937
2.47575208545
3.98863732815
3.12046114888
4.37694740295
2.72727272727
3.09725622088
2.87861860224
4.0
3.125
2.70688325167
3.33333333333
1.86708531032
2.5
4.0
2.59456773405
3.0
3.33333333333
3.63492834568
3.84615384615
3.94365464266
2.82777633518
2.44817541803
3.25657486916
2.85714285714
3.84460840906
4.0
3.15343908966
2.67212703824
3.47979883353
4.0
2.18812008202
1.87643127782
3.92355510249
4.0
2.67677105963
3.33333333333
3.3538343651
3.71332255857
3.05272632092
3.57961931825
3.67416381836
2.88107782602
3.75
2.85714285714
3.33333333333
3.35994851589
3.07692307692
4.0
3.32491593865
3.75
3.75
1.96594494085
3.33333333333
4.0
2.9903149179
4.0
1.73996970057
4.0
2.72727272727
2.9750863115
3.23128051379
2.4267372489
2.77287519404
4.0
3.57142857143
3.78880067305
3.125
5.0
4.20363503695
2.87861241897
3.33333333333
1.63483973593
3.15894362601
3.0
2.91740735372
2.91455443416
3.84615384615
2.5
2.47042715549
4.28571428571
4.1103894636
2.78113401598
1.40180302991
2.63969385624
2.5
2.58754462004
1.6129649058
2.39438468218
3.33333333333
3.33333333333
2.0
3.0
3.68870768282
2.22222222222
1.70178160071
2.85398836319
2.6177406311
2.53181117587
2.91093114763
2.95403483841
5.0
4.28571428571
4.61538461538
4.28571428571
3.75
3.33333333333
4.44444444444
4.44444444444
4.54545454545
4.44444444444
4.48773426004
4.0
4.28571428571
4.28571428571
4.0
4.61538461538
4.54545454545
4.0
4.54545454545
4.28571428571
4.0
4.61538461538
5.0
5.0
4.0
5.0
4.0
4.0
4.28571428571
2.88388456351
4.16666666667
3.76430204936
4.28571428571
5.0
5.0
5.0
3.87041166425
4.0
3.48750994851
4.36504773796
4.28571428571
4.44444444444
4.0
4.44444444444
4.50047184314
4.44444444444
5.0
5.0
5.0
5.0
3.75610262156
4.44444444444
4.2384211421
4.28571428571
4.28571428571
5.0
4.0
4.54545454545
4.54545454545
4.28571428571
3.58846445878
3.57142857143
3.33333333333
4.36782430112
4.28571428571
4.0
3.84615384615
4.0
4.19815357029
4.61538461538
4.0
4.11764705882
3.84183156219
4.28571428571
4.16666666667
4.0
4.44444444444
4.28571428571
4.8
3.63636363636
4.0
4.0
4.209689177
4.0
4.16666666667
5.0
4.28571428571
3.00587011235
2.0
4.04605044052
3.84615384615
4.44444444444
3.8688248969
4.61538461538
3.33333333333
3.75
5.0
4.28571428571
4.0
3.33333333333
4.28571428571
2.63819836518
3.88182379983
2.72727272727
4.28571428571
4.61538461538
4.44444444444
4.28571428571
4.28571428571
4.0
4.28571428571
4.28571428571
5.0
4.54545454545
4.70588235294
4.44444444444
4.44444444444
4.28571428571
4.45684842765
4.11823317409
5.0
5.0
4.0
4.49754156172
4.70588235294
4.44444444444
3.33333333333
3.63840417729
4.0
3.99577706224
4.44555306435
3.57142857143
4.54545454545
3.75
4.61538461538
4.16666666667
4.44444444444
4.44444444444
4.44444444444
3.40831320112
4.15912177414
4.28571428571
4.28571428571
3.75
3.75
4.44444444444
4.16666666667
4.54545454545
4.58465923866
3.63636363636
2.5
3.66830859865
4.54545454545
4.0
4.31750060192
5.0
5.0
3.57142857143
4.16666666667
3.81298673424
3.33333333333
4.21052631579
4.0
4.30974208211
4.0
4.54545454545
4.22756859412
4.11764705882
4.16666666667
3.84615384615
4.28571428571
3.33333333333
3.53596695595
4.66666666667
3.75
4.07407407407
5.0
4.44444444444
3.82727886084
4.28571428571
3.75
4.66666666667
5.0
4.28571428571
4.78260869565
3.0
4.0
4.28571428571
4.06348085403
4.54545454545
3.84615384615
5.0
3.73944558203
4.28571428571
4.28571428571
4.28571428571
4.61538461538
3.75
4.0
5.0
4.44444444444
4.46262946725
4.61538461538
3.84615384615
4.4247892797
4.61538461538
4.0
3.90228239819
4.21052631579
3.63636363636
4.375
4.61538461538
4.0
5.0
4.44444444444
4.44444444444
4.0
4.28571428571
4.66666666667
4.375
4.16666666667
4.04605044052
4.28571428571
4.28571428571
4.44444444444
4.61538461538
3.65669019082
4.28571428571
4.19503627717
3.75
3.75
4.28571428571
3.33147166031
4.54545454545
4.3210554868
4.16666666667
4.02645025402
2.39218875766
3.89565183781
1.83450711891
4.54545454545
4.28571428571
3.84615384615
3.88888888889
4.5
3.75
3.52941176471
4.28571428571
5.0
3.33333333333
