5.7395
10.7868
3.15221
4.52105
5.46833
2.49205
4.18113
4.96753
6.30987
4.52105
3.36551
7.32463
9.86863
4.17332
2.47009
4.67318
4.29768
6.90471
6.72196
10.4819
5.82179
7.4265
5.92398
7.4265
9.86863
4.06932
5.23787
6.30825
4.38555
6.6695
5.79932
8.55931
3.10076
5.59633
6.63161
8.27431
4.46231
6.29048
12.0395
9.47976
4.35477
7.4265
11.4329
6.7894
3.48257
4.31343
6.64743
5.31782
7.4265
9.45458
4.67318
8.25016
5.44835
4.19225
6.53937
6.37472
6.19689
6.39658
6.65794
9.86863
4.18653
5.17703
2.90586
9.47976
5.54796
6.63866
6.64743
6.64743
1.81908
6.14901
2.5272
7.8386
11.4329
1.75797
6.26692
9.86863
4.43102
4.67318
4.60042
4.90107
2.90586
6.44977
2.61397
5.46833
4.14095
4.67318
9.47976
4.74013
7.45765
9.86863
6.19689
4.95401
4.36921
6.35632
2.8301
6.20453
4.74013
3.08054
6.65794
5.62267
2.74396
3.29764
5.46833
4.03768
4.70083
6.97649
5.785
4.67318
4.03768
4.37149
5.54269
4.52105
4.67318
3.36673
7.03509
7.4265
4.02281
4.52105
5.37391
6.09537
6.80743
6.52987
6.27815
5.93279
6.19689
6.35632
1.91446
7.26245
2.61397
4.74013
6.3186
4.46599
11.485
3.07594
4.20992
4.52105
2.61397
8.2351
6.72196
6.89123
4.67318
6.18244
4.4408
5.46833
3.68126
9.45458
2.30517
3.42196
4.10742
3.13853
3.07594
5.51381
2.89799
5.51381
7.56628
9.47976
3.09536
4.45462
3.41591
4.67318
5.80833
3.23536
4.51791
4.70083
5.17615
7.13951
3.55762
3.21663
9.86863
2.90358
6.13368
4.03768
3.28913
5.25095
4.99639
4.36245
6.59873
3.89326
4.7578
3.01113
7.4265
4.03768
3.38602
4.29416
6.70451
5.72404
4.52105
3.56323
2.79291
6.52481
6.64984
4.67318
4.67318
9.47976
5.40054
7.96596
9.78185
5.46833
11.1167
4.67318
6.65794
9.86863
5.22022
9.86863
9.47976
5.17615
5.32228
3.46536
4.27453
4.10308
6.19689
3.36673
1.86767
6.73927
5.15013
3.46536
5.46833
5.18461
4.01034
2.88712
3.63359
1.96408
7.74841
3.64196
4.67318
4.74013
5.0856
5.40894
6.72196
6.02761
10.1756
5.80292
3.50502
4.06715
9.47976
6.54856
2.57738
5.70495
7.7706
8.64444
4.59662
3.50449
3.51919
6.65794
4.71707
10.7868
7.49179
5.35141
4.52105
6.03441
5.05156
10.1756
3.50502
8.90011
2.98042
3.82849
4.20249
6.64984
-0.808036
3.21159
9.26345
3.46536
2.61397
-0.808036
6.72196
5.87102
2.0957
3.91839
3.63938
5.22022
4.38555
9.95484
3.07594
1.70325
4.86408
3.0916
5.46833
3.98132
6.02694
4.14095
5.76299
7.22538
4.03768
6.55372
4.74013
6.23178
4.70083
4.36245
3.09507
2.61397
5.21649
4.60042
3.91091
7.96596
2.696
6.2446
6.11122
8.05426
5.22022
6.85461
6.65794
4.63552
6.29045
3.46536
6.9902
7.47751
4.14095
4.15544
10.7868
9.86532
5.81878
4.64981
4.03768
4.46599
4.839
7.85795
6.29807
9.86863
5.31097
6.21434
5.05156
6.36874
2.58795
5.61471
5.96954
4.06079
4.52105
6.65794
6.64984
7.4265
12.0395
6.59797
3.51575
4.52105
6.01636
3.0277
6.53974
8.22545
6.29432
7.05336
5.70495
4.03768
9.47976
8.13476
6.42103
5.80292
4.74013
2.79291
6.14387
4.52105
8.63248
4.67318
4.14095
7.96596
4.51418
5.33337
6.07427
2.19936
7.4265
7.47751
5.46833
6.19689
4.67318
8.21844
7.4265
6.33094
3.46536
2.81344
4.74013
9.86863
2.61397
2.74693
4.43095
6.19689
5.06922
7.79965
1.0044
5.46833
5.81878
2.30517
3.26496
3.66392
3.91776
5.2468
6.55497
4.22902
5.05156
3.99191
3.65483
3.09507
5.32339
6.60335
5.83438
9.26345
7.45765
4.67318
9.78185
6.02668
3.09123
5.29268
4.56105
4.67318
2.61397
6.19689
3.575
5.05156
7.19834
7.4265
9.86863
9.45458
7.30433
3.44511
3.65483
5.39151
6.79734
2.18415
2.92904
7.5199
2.92904
4.70083
4.99851
4.1937
3.23134
4.03768
5.17615
1.71798
5.46833
7.4265
4.70083
3.24931
3.73955
11.6471
1.95501
9.86863
8.41479
3.7607
9.53321
9.26345
3.29922
5.34624
10.7868
5.46833
4.52105
7.01792
4.52105
5.96474
4.14095
5.46833
6.65786
7.56628
4.59662
4.25133
6.86431
3.93338
4.93826
4.53824
4.74013
1.64868
6.64984
