4.99893
-0.513933
3.33302
3.89745
-0.157858
6.32548
2.1038
4.69792
4.20594
3.96408
2.17895
6.41247
4.83694
6.63268
3.94063
4.87786
3.12598
4.19311
0.945756
3.54476
3.88173
2.80403
7.84178
8.01186
4.06582
3.12089
5.99704
2.28067
3.55867
5.50922
2.7715
2.39683
2.30737
-0.149286
6.44629
4.85086
2.50131
2.47507
2.61552
3.40862
1.87232
6.34359
4.49685
2.86984
4.25483
1.56026
4.30241
6.94592
3.39716
6.21406
3.63297
5.32169
4.25202
3.42098
3.75441
6.70706
3.28341
4.75637
1.12692
1.38984
6.84193
2.73271
2.91202
6.07532
4.34368
1.2696
4.69981
2.91691
-1.42379
4.80466
7.5671
4.28722
-1.0865
2.3899
2.45706
2.46777
1.58338
5.35879
4.48764
3.54727
5.00363
4.42508
5.42351
2.45849
9.01839
7.22732
5.26021
4.98743
2.94918
2.79748
2.58538
3.7707
3.00208
3.93381
1.8547
5.8852
5.04349
5.98671
7.00639
1.04786
4.70865
5.24345
3.83638
6.20907
4.62938
7.14764
6.78583
3.0057
6.64846
3.53511
2.89262
3.44005
2.32219
3.19314
5.7069
-0.547457
5.25404
5.40092
4.42741
3.866
4.86406
2.13407
3.17697
5.47058
2.21333
4.7306
7.2724
2.3605
6.88463
3.00928
2.89821
4.41015
2.86989
1.82907
2.40825
0.478545
3.00398
0.60215
0.0801891
5.38782
4.90722
3.70002
5.67237
3.29895
3.70221
4.68208
3.59044
3.22296
-1.84816
3.84657
4.83036
7.41351
3.18413
5.10508
4.47625
3.98855
2.88007
3.58762
2.97603
4.65329
5.88853
0.97248
2.52211
8.35289
4.80356
3.71595
4.26587
3.57383
4.6828
5.28882
2.95058
1.43492
5.71034
4.26412
4.07493
3.02859
4.06579
2.905
2.9678
0.393492
2.89478
4.4795
4.18115
5.86819
2.07737
1.75655
4.53841
3.61111
6.5798
3.31886
3.18949
3.98843
2.37282
2.76755
2.37325
4.84446
3.76017
5.32148
1.74649
3.06012
6.0982
1.3317
3.84772
4.80789
5.42423
4.49816
4.82266
3.34569
4.47086
3.92415
3.47378
5.90331
3.34289
-0.103944
5.14544
3.05403
5.99261
6.59146
2.22874
-0.949986
3.7192
-0.184418
6.67579
5.41227
0.822423
3.98948
2.11561
3.41985
6.11713
4.66022
3.81078
1.33746
4.6418
3.64082
-0.930007
3.85618
2.88696
4.85697
4.54421
3.12618
5.3317
7.27951
4.84164
5.79404
2.56744
2.57053
4.53076
4.93375
6.60934
5.06839
2.06128
5.09142
1.05401
5.79768
4.43134
2.24371
4.07824
1.76833
2.20324
6.43348
4.70938
1.42563
0.770657
2.63705
5.9134
4.06067
6.06293
3.01232
5.24186
0.8303
1.29732
5.09851
6.29118
5.74986
2.22201
4.96056
2.43852
5.79752
5.33224
4.89798
2.70475
2.26139
1.44525
0.954552
2.74372
5.35631
4.90152
4.71719
3.11539
3.96688
4.00186
4.68544
5.78485
1.6224
2.97351
3.32783
3.77725
6.05931
4.4341
6.20543
6.41257
4.72105
2.61824
6.25279
2.82644
4.11943
1.70496
3.87064
3.6421
3.0424
4.12478
2.3655
3.07362
5.93215
3.87428
4.30501
2.59988
4.69084
3.08218
0.080746
3.56621
4.41078
5.04221
3.0856
1.14554
2.39079
4.10955
3.58197
5.07218
5.74787
5.74759
7.34032
4.88177
5.16726
2.58997
5.41125
8.56051
5.03688
2.9806
5.09953
5.71826
1.74915
4.95107
5.7117
4.08059
3.94868
5.82311
1.16851
3.82626
5.86527
5.76768
1.71904
1.13129
0.526364
3.50613
3.51673
4.13106
6.03711
1.40808
3.4466
4.21037
0.391204
1.36059
3.83673
4.95792
4.14103
4.42803
3.41033
-1.69557
2.73425
3.36051
8.11499
4.21944
4.08393
3.01037
4.58725
5.31527
3.87009
4.74313
3.41518
1.72017
3.27257
3.23269
3.88492
1.76996
1.68389
4.74957
4.51182
3.87923
3.37022
6.46988
4.33747
0.524135
4.88423
3.45051
5.23447
4.80006
3.50587
3.53384
4.76471
-1.32114
1.82608
7.50348
3.3334
5.62516
7.53907
5.56658
3.48268
2.84441
3.41706
3.25196
4.50357
6.15529
3.11631
3.01905
3.95629
2.70235
3.16136
6.38038
6.28028
1.26381
3.04495
3.49688
3.627
3.12596
3.05591
4.86245
1.9764
3.318
4.85571
5.96567
4.23806
3.33091
3.29486
3.09254
1.72699
3.3812
6.03849
5.09217
3.16763
3.88044
0.920238
1.40692
3.17017
3.5605
3.91668
5.71291
5.21652
0.504564
4.50117
4.09008
3.5002
-0.411239
3.12321
5.71749
1.37719
2.59689
3.79408
6.06123
6.46379
5.75185
5.07134
3.32337
0.0243729
2.82761
4.38292
2.75958
2.29956
2.58206
5.26906
2.65129
4.19153
4.84366
3.93503
4.23669
8.89218
6.40061
3.23798
4.95569
1.97086
3.8255
4.70818
2.71783
1.65907
3.49193
6.33684
3.33175
3.45717
2.65447
3.59558
6.11278
2.13713
2.1989
4.83492
3.54685
6.02344
1.49092
-1.56086
2.71917
3.96985
4.84535
2.53087
1.81279
2.41544
2.42225
5.13822
4.26515
4.34158
3.16934
0.687389
1.69371
3.74875
7.26207
3.52167
3.00811
5.65924
4.74213
3.27972
3.59468
3.08701
2.97916
1.95913
2.66584
5.94227
8.97935
3.40267
1.0493
1.95405
3.65895
3.42868
1.18822
3.40607
2.78921
5.74978
-0.0828884
2.39231
10.2797
4.38937
-0.508288
5.21443
5.58081
0.284617
7.40845
5.11691
6.88175
6.76745
4.8145
3.90249
3.57663
3.72643
3.38769
7.71604
6.62994
2.85326
3.3387
5.91675
-0.275365
1.3532
2.60386
3.8818
5.53617
4.02171
6.22846
2.43791
4.80726
2.74075
4.96608
3.12522
5.60736
4.48474
3.22395
4.10718
3.99066
4.90481
4.34824
2.47575
3.84912
4.52994
3.73283
2.22668
1.5994
4.4342
4.23279
5.43334
4.15176
4.65248
4.3075
1.75256
3.00031
4.53668
5.35236
5.4284
6.5369
5.20744
5.16941
5.23621
4.82771
3.80421
3.78351
5.46454
4.29039
5.35123
4.76459
2.705
4.81902
1.03448
4.74655
6.03678
6.98495
4.54822
4.89081
3.64891
3.08327
3.67545
6.49492
4.83582
4.16628
2.89118
4.17817
6.55097
4.15316
4.7207
3.7356
5.96791
3.03569
5.50905
2.13608
3.6618
3.56265
2.99827
2.15305
2.92964
4.74255
0.126653
4.55886
1.77336
0.72469
5.48952
3.28233
2.37566
5.23104
2.10319
1.71031
7.30349
5.44052
5.46569
3.58895
5.68791
3.49684
6.73037
2.42182
1.82967
2.10344
2.96941
5.30734
4.40809
4.62952
2.53184
-0.0870106
3.15374
3.44022
1.72705
5.01563
0.89118
4.05487
6.5305
2.44873
4.68341
6.30458
4.44775
1.56603
6.53779
4.66494
4.67532
1.8607
0.750014
3.21375
2.39635
0.492667
4.78053
5.2219
4.25416
0.996389
1.31586
2.72567
5.06576
3.88187
3.97366
3.68146
7.91828
-1.68094
3.73865
5.79299
2.22176
6.60261
4.17341
4.40084
5.38899
5.52777
3.59411
1.46904
2.31797
4.1439
-0.234097
5.23376
4.63418
2.00878
1.10743
3.25088
3.05609
3.06789
3.31222
2.68604
4.30138
2.61053
2.41086
5.44681
5.1041
4.69791
2.2602
4.32215
4.41181
7.1232
5.74367
-1.21454
2.23996
4.67241
4.43966
2.38478
3.25987
0.814386
5.32214
3.08822
2.38372
2.11859
3.74173
2.8757
3.46449
2.73883
2.62158
3.06644
4.48135
5.37138
2.66477
6.04782
3.84111
2.55191
4.34247
3.18084
3.78503
