3.33206
1.85436
3.64749
3.76163
1.77689
3.59541
3.91242
3.97466
0.591385
4.53812
5.13725
3.73601
3.48254
3.47596
1.60486
5.2563
2.70002
5.20117
4.68592
3.42107
2.19637
4.84983
2.16875
2.23011
1.42685
3.79717
1.82492
3.2875
2.63479
4.19942
4.11074
3.34343
3.84734
4.39777
1.90509
5.14867
2.68406
1.21867
2.79503
3.94696
4.4832
4.65609
2.88901
3.55029
2.40375
3.24679
2.60271
5.79543
3.53071
1.96434
1.4264
2.93836
2.34024
4.34914
4.50984
4.26128
2.59681
2.49349
1.49742
2.59973
4.20725
2.02123
0.861716
4.43502
3.26394
1.80804
3.73142
3.36738
4.42102
-0.333116
5.87641
3.97697
3.31325
1.66147
2.02424
4.23791
3.30707
-0.163046
4.10584
0.491897
3.2234
1.09226
5.24241
3.58658
2.43011
5.63914
2.21636
2.9715
4.34464
3.05234
5.55143
4.27781
4.34574
2.12667
4.14324
3.8857
2.13555
0.0340174
2.18126
0.950757
2.76991
2.62604
4.79573
3.39832
3.98226
5.0515
6.34107
3.40593
2.9497
3.30093
2.19302
2.05647
4.67474
3.21314
1.49901
2.87986
0.665589
4.61428
4.81338
4.12335
5.36703
4.20595
3.65853
2.34215
4.52423
0.475867
5.49645
2.40319
0.162422
3.67561
2.7356
2.27511
2.86163
0.536507
5.02458
2.70474
4.09889
3.12251
3.01973
4.69147
1.60198
3.79579
1.34183
2.83699
3.56731
6.14278
1.49297
3.20181
6.2981
4.50886
2.92433
4.59186
3.05703
1.12102
5.1799
3.04177
3.39515
1.29656
1.27058
4.18283
1.75239
5.18075
0.740853
2.45311
1.71642
2.16473
2.13974
3.59545
5.66912
2.39549
2.68156
3.64863
1.86504
3.4865
3.09608
0.473969
3.58748
5.04644
2.21578
2.66871
2.16164
5.00377
2.98985
2.08708
1.05632
3.46294
4.84501
1.78039
4.24861
2.06012
1.58179
4.05766
5.1445
4.08544
3.68683
3.41197
5.42746
4.55785
1.96384
5.17461
3.77939
6.06888
2.17278
1.27029
2.09574
1.49913
4.52886
1.51836
2.29799
3.33357
2.41995
3.37675
5.52715
3.96971
3.39592
5.13117
7.81205
3.71285
2.7663
4.37201
4.25255
-0.302212
4.17051
2.72494
5.59738
3.01605
3.62341
4.23609
2.5767
1.42451
4.40779
4.20732
4.59949
3.39877
3.73262
2.91658
7.13124
2.30705
3.15663
4.368
4.29259
2.37232
3.57941
1.93273
3.3242
2.24035
4.11557
4.65698
2.81523
3.26773
2.77485
5.58988
6.30628
3.7805
2.6759
3.5008
4.60533
1.03439
3.8864
6.18151
3.62645
6.23138
4.76771
2.09133
5.84308
3.32266
2.49476
2.01604
2.88249
3.07316
4.40123
6.02176
2.00364
4.59971
2.80218
6.14211
3.04797
3.67436
3.84519
2.56155
2.96314
5.39319
5.80598
5.87217
2.97714
3.52722
5.86098
6.15813
3.60802
6.88104
4.60628
3.76927
5.45474
6.31435
1.99493
5.71871
6.43934
5.03916
3.67731
4.63934
6.14835
4.29859
4.35547
2.91755
4.59944
7.329
3.61262
5.08875
6.56052
4.51134
5.35715
8.92771
6.78089
3.15612
4.38691
2.91801
3.42266
1.73344
6.0793
5.34155
5.26989
3.61166
4.02709
4.86115
5.95785
4.31725
2.94529
4.79321
4.47216
3.67304
3.6653
2.37142
4.48701
0.0898241
4.17885
3.34533
2.85986
4.60275
4.16642
6.28371
4.66899
4.8105
3.38234
5.84566
2.70579
7.16796
4.2772
7.86609
4.58843
3.19612
2.65889
7.35089
4.00016
4.22054
3.63294
5.0621
2.6524
1.82901
4.5129
3.81617
5.78768
5.26924
4.40659
4.66828
3.94717
6.04013
2.66262
5.28023
7.31243
1.4782
4.12018
4.39928
2.02608
5.68051
6.11252
4.05369
5.15991
3.52841
8.04131
1.34389
1.77535
2.95469
5.87812
3.6477
1.50094
1.44511
4.78779
3.77991
2.32308
4.71549
5.69218
7.91864
4.07191
2.5916
3.95897
3.49375
2.0488
3.46825
4.49805
4.60889
0.306421
2.74958
1.64661
7.25926
4.66232
5.80344
4.30008
3.84432
6.5464
3.82317
6.4391
5.93926
4.46316
3.55338
4.92456
4.90079
5.11903
5.3401
5.80345
4.18194
3.31905
6.70881
6.5588
0.70432
4.83285
4.94041
3.66816
6.37661
5.23359
5.65977
3.95231
3.22161
7.01008
3.29526
3.78745
2.61532
7.14813
5.46446
4.86413
5.48182
1.59718
5.06801
5.86085
5.63801
2.26962
3.8152
4.25067
5.23848
6.12331
5.7631
3.15183
1.01122
4.8206
4.06044
5.30468
6.24622
4.26502
3.28918
3.23027
4.89875
1.75075
2.16924
3.93968
3.87166
6.16619
5.19169
6.35978
2.81615
4.31305
6.91341
3.75668
4.65672
5.75014
2.25415
4.38096
2.3687
6.28405
4.11229
6.55691
6.14523
9.87776
3.55793
4.20042
2.24108
2.43025
5.52087
4.25752
5.30697
3.66017
5.34769
3.48438
6.03899
4.82157
4.738
4.67937
7.08115
7.7827
2.43872
6.92304
3.44183
3.70679
5.12904
5.70403
4.61216
4.15596
7.25341
4.36503
5.22806
6.32361
6.83124
6.86731
6.93355
5.81127
7.33004
4.41148
6.84056
4.26387
1.15818
5.47976
3.29208
3.84032
7.47982
4.70876
5.22328
4.38421
3.10433
4.96291
5.057
8.97989
3.68255
5.62206
7.73571
2.762
4.87544
4.96887
5.14731
7.00485
3.60993
4.42561
5.98953
6.19604
5.34525
8.94679
6.77904
7.74357
7.15837
5.74086
7.6443
7.58281
4.78741
5.29141
4.70559
5.24221
5.62544
7.57958
8.03202
7.80469
5.17181
5.02387
3.44128
2.55874
8.9302
3.66966
6.49887
7.64867
4.36246
8.35761
6.88074
4.01859
5.33495
5.56188
1.70773
5.07666
2.84981
6.37763
2.76237
4.75501
3.59234
10.8318
5.17509
5.5895
4.02448
6.71945
5.44164
7.7963
5.0925
2.66612
5.27265
3.86072
5.52262
3.99359
2.96382
7.8805
7.94708
1.54691
6.49076
8.26939
3.92052
8.02479
5.70035
1.75488
4.80889
5.13335
8.38791
7.0102
8.13835
3.05779
3.49602
6.84402
3.98833
5.27406
5.47463
4.84789
6.08575
7.37724
7.64271
4.45772
5.78018
6.57885
5.94666
5.85569
8.00371
5.45692
6.72864
9.33071
6.90289
5.93065
4.50609
7.18014
4.9555
4.3086
4.82323
4.99214
2.68843
6.44768
5.90527
4.30709
7.23536
2.98358
5.39754
1.57089
4.16248
6.90934
3.94206
7.91312
7.14005
7.85102
7.40618
7.70315
6.44497
4.45858
7.34646
5.32612
8.73141
10.3625
7.04176
3.67012
8.65138
5.63325
6.08258
5.72094
7.92989
8.20919
5.52239
3.82468
8.31594
7.41238
8.06733
8.13188
8.18278
3.65768
5.6377
6.90227
5.55826
7.26397
6.89629
9.77554
4.83966
4.67425
4.48468
2.40679
5.7485
7.69642
4.81753
7.45282
3.48447
5.54532
7.38637
5.29692
4.49406
5.96176
6.38897
6.05297
5.71517
5.2578
4.56841
7.16602
6.3331
3.507
6.39174
6.10338
4.96499
6.12428
6.17271
2.71331
5.5352
5.32174
3.92294
4.32081
7.03429
7.26309
9.53678
4.17497
10.9388
7.36421
8.5994
5.34053
4.4806
8.15641
7.85463
7.75702
4.57954
5.37803
8.54949
7.15585
8.40412
5.57267
4.84404
5.02986
6.49538
6.98882
6.86388
7.47261
9.39515
6.84883
3.93286
2.16337
5.15345
7.45535
1.69422
4.29956
5.07914
5.12192
6.00827
5.71618
7.50183
7.89163
2.69889
6.70956
2.60082
