2.91858
4.43637
6.13056
2.80947
6.75409
4.64938
5.57696
3.85113
4.91833
5.49475
4.70432
4.42367
3.54185
0.140946
9.20352
4.15997
3.73996
1.92566
-0.0121809
4.49889
3.48681
4.32751
6.38152
4.90754
3.61043
4.99713
4.42907
2.06119
4.59474
7.66758
5.16399
5.91968
7.58231
4.45366
3.57586
4.77683
8.08959
3.5633
2.49482
4.23017
6.72207
5.05537
4.19227
4.45259
4.90005
2.64643
3.69108
3.54185
6.24133
7.2057
4.11884
5.30275
4.44099
4.43256
5.63164
5.25193
5.56313
8.16717
2.81229
4.91255
5.26022
3.07785
2.49482
3.15591
5.30065
3.42381
4.74211
5.72386
5.61471
7.01258
4.16911
5.29194
3.38225
7.58231
4.40827
4.76119
5.40606
5.23614
2.70324
3.69088
4.77683
6.07063
5.79801
4.31148
7.77509
-0.153826
5.97253
5.13944
4.94082
2.70324
4.5629
2.46138
5.42148
5.89837
3.97837
1.71833
9.43722
0.77566
5.62039
3.41358
5.3444
5.81766
4.09733
2.49482
4.39321
2.82479
6.43908
6.23112
4.19227
3.96626
5.35082
8.44893
5.063
5.49475
4.09733
4.96647
8.42816
4.83867
2.17312
4.62535
5.47772
5.50704
2.49482
4.93216
4.72929
3.98073
5.96086
5.61945
2.22392
4.47877
5.39645
2.24095
4.62885
4.16225
5.41573
3.17647
4.02842
5.59018
2.64368
6.63386
4.36186
5.11948
4.88801
4.9451
4.63197
5.49475
6.12276
3.93506
3.91137
3.99605
3.09082
6.87097
7.26031
2.35711
2.18341
8.96318
7.17643
3.70934
6.36212
0.788535
5.56813
3.87977
3.99999
5.25544
6.40499
4.7024
5.92325
4.37496
7.46968
6.66086
1.97315
4.66335
7.55113
3.12025
5.41629
4.3612
4.22334
3.05536
7.16934
3.5633
4.0978
5.31852
5.03665
5.51547
6.97661
3.516
7.42489
0.60663
5.00911
4.87506
4.05433
3.49369
2.17452
5.41629
2.88311
0.662149
5.63623
1.55812
5.03745
6.66086
6.78523
2.49482
7.27879
3.61638
7.03937
4.56793
5.23662
4.64646
6.25047
5.06147
2.91032
4.29408
3.31125
3.54412
4.11884
4.64646
6.87879
4.1764
7.79883
3.2366
6.5302
2.64643
3.65691
5.81369
6.68421
4.83682
6.49072
3.41531
5.42148
5.07729
5.13944
4.42655
6.9149
3.85899
6.41802
4.53962
2.91032
5.90835
4.89463
5.50704
3.97837
5.47159
7.45249
5.42148
3.07584
5.75019
5.0007
3.55587
4.04415
5.16399
6.66241
6.78523
3.94798
5.68277
7.92517
4.60823
5.28939
4.67975
3.88489
5.71846
6.75079
2.88734
5.60596
3.38465
6.66086
7.19199
6.0512
4.97381
5.42148
6.66086
4.1322
0.788535
4.05283
6.36359
8.10568
5.46019
4.67042
5.0363
4.1045
3.36639
5.27299
5.96086
5.07247
4.79889
7.53456
5.7821
3.31125
4.13827
5.49475
4.31672
6.83906
4.83867
6.10432
6.09255
0.788535
4.56843
7.27993
6.49072
4.10168
6.03845
1.5667
3.89042
5.07221
5.5188
4.49079
4.30965
4.18934
4.09733
5.98912
5.96086
4.84128
4.89149
2.07458
7.22878
4.5533
5.92208
3.41358
5.84193
4.34166
4.16917
5.04612
4.09733
5.93341
4.00414
3.94317
4.57322
6.78523
6.40717
5.86481
4.02726
2.86911
4.57851
4.34231
4.03636
3.54412
5.67151
5.86673
6.43571
4.58207
8.71439
4.74853
2.64643
2.64643
5.62311
4.13977
3.59433
4.5533
4.58137
5.52999
6.78523
3.09812
7.58231
3.43437
6.4047
5.36653
4.85012
4.98458
7.83937
4.55972
3.65277
3.32822
4.3939
4.34258
3.31125
4.90754
3.98769
0.788535
9.39612
3.41531
4.02726
5.063
5.24241
4.89658
7.01258
4.63144
4.6672
3.84602
3.65939
5.49475
3.11042
5.25193
3.96338
4.30965
5.09458
3.45485
4.30965
4.19227
4.74211
5.9309
6.57353
3.58607
6.78523
1.823
4.16505
5.6508
4.74911
1.5589
1.55355
5.70489
