3.136
3.284
3.461
3.915
3.461
2.889
3.390
3.209
3.209
3.136
3.209
2.887
2.391
2.887
2.824
3.915
3.915
3.740
3.360
3.461
3.136
2.606
2.348
2.838
3.136
3.915
2.391
3.069
2.888
3.913
3.136
3.617
3.913
3.740
2.887
3.913
3.913
3.913
3.915
2.887
3.913
3.913
3.209
3.401
3.771
3.624
3.461
3.915
3.913
3.913
3.069
2.060
2.887
3.694
3.461
3.913
2.887
2.893
3.913
3.740
2.887
3.461
2.606
3.658
2.606
3.913
3.209
3.913
2.060
2.060
2.887
3.617
3.617
3.617
2.691
2.394
3.461
3.461
3.913
2.887
3.341
2.887
2.887
3.235
3.913
3.913
2.606
1.595
2.391
3.401
3.360
2.887
3.195
2.887
2.887
2.887
2.887
2.887
2.606
2.606
3.913
3.913
3.461
2.391
2.391
3.136
3.461
2.932
1.876
2.691
2.887
2.887
2.394
2.887
3.915
2.887
3.915
3.136
2.394
3.624
2.887
3.209
2.887
2.207
2.887
3.209
2.887
2.887
2.606
3.136
3.209
3.195
2.888
3.913
2.888
2.391
2.391
2.887
1.876
2.887
2.887
3.617
2.887
3.042
2.060
2.887
2.394
2.887
2.887
3.915
1.975
2.887
2.887
3.461
3.136
2.898
3.560
3.401
2.530
2.888
2.847
3.913
3.235
3.913
1.876
2.887
3.913
3.461
2.606
2.060
3.284
2.060
2.606
2.088
3.510
1.876
2.887
0.322
0.322
2.887
2.887
2.391
2.391
3.584
2.394
3.461
3.390
3.913
3.293
3.617
2.572
2.552
3.913
2.552
3.136
3.201
4.766
2.259
3.461
3.560
2.088
1.876
3.560
2.075
3.617
0.322
3.913
3.461
1.876
3.389
2.599
3.532
2.887
3.136
2.606
2.898
2.888
3.913
3.913
3.913
2.887
3.287
2.887
2.887
3.242
3.093
2.530
2.887
2.887
1.876
1.876
2.394
3.136
3.461
3.910
2.530
2.088
2.887
1.876
2.606
3.560
3.462
2.606
3.461
1.876
2.060
1.876
0.231
1.719
1.876
3.136
2.572
3.461
3.461
2.394
3.198
2.887
2.552
1.876
0.253
2.343
2.887
2.606
3.284
1.876
0.253
3.694
2.887
3.195
3.136
2.394
2.658
3.284
3.461
3.617
2.394
3.136
1.719
2.934
2.572
0.253
1.876
2.888
2.394
2.358
3.287
2.226
3.617
3.461
2.394
2.749
3.658
2.898
3.913
1.876
1.595
1.876
3.401
3.209
1.876
2.606
2.089
2.226
3.238
2.838
2.529
2.935
0.275
1.876
1.876
1.876
3.235
2.394
1.859
0.000
3.287
2.088
1.876
2.888
2.606
2.887
2.887
2.088
0.000
1.876
0.281
3.456
3.461
1.876
2.088
2.343
1.595
2.826
2.034
0.000
1.876
2.088
2.226
2.606
3.136
1.876
1.876
1.876
2.887
1.876
1.876
0.000
3.461
1.876
1.719
1.876
0.000
1.876
3.287
3.293
2.394
1.876
3.461
2.691
2.903
1.859
1.719
0.231
2.560
2.606
3.461
1.574
2.847
2.888
3.913
3.322
3.461
2.088
1.876
1.843
2.887
1.876
3.198
1.719
2.606
2.394
2.494
2.276
0.000
2.691
2.903
1.719
0.253
3.284
2.599
0.000
0.275
2.887
2.369
1.633
2.606
1.595
2.502
2.394
3.136
2.303
2.888
2.932
2.838
2.888
2.041
1.588
1.975
0.253
0.231
2.088
1.876
0.253
1.876
2.888
1.126
2.640
3.136
1.719
3.136
2.888
2.606
0.000
0.253
2.303
0.253
2.737
2.343
2.887
2.530
3.915
1.494
2.838
2.726
1.719
2.669
2.606
1.719
2.887
1.491
0.231
3.284
3.339
0.253
2.888
2.394
2.826
3.360
2.394
2.691
3.284
3.147
2.572
1.859
1.719
1.719
1.719
1.719
3.259
0.281
1.595
0.231
2.226
2.887
3.101
2.144
2.887
3.617
0.000
0.231
0.231
2.394
2.358
0.000
0.215
1.719
3.740
0.199
1.445
1.806
3.617
2.394
1.876
2.089
0.000
3.198
2.606
0.231
3.389
3.284
0.442
2.606
2.207
1.719
2.116
1.595
1.494
0.253
0.000
0.253
1.409
0.253
0.000
2.856
2.096
2.207
2.226
3.617
2.041
3.617
3.910
1.595
1.719
0.000
3.136
1.574
1.494
1.719
2.258
3.461
2.089
0.201
2.391
1.595
1.719
0.231
1.595
1.708
1.411
1.411
2.089
2.700
1.719
2.343
1.494
0.253
0.231
0.231
0.253
1.876
2.089
1.719
2.207
2.226
1.411
0.253
0.000
0.253
1.595
3.136
1.719
1.847
0.190
3.560
3.560
2.226
1.595
2.606
1.719
0.231
0.000
2.060
1.719
2.599
0.000
1.967
3.287
0.231
1.595
3.198
2.887
2.394
1.494
1.964
0.000
1.409
2.530
3.461
2.898
3.287
2.606
1.719
3.460
1.719
1.595
1.138
2.116
2.041
1.876
1.692
1.409
0.000
3.560
3.461
1.595
2.116
0.253
0.000
2.669
2.226
2.378
2.887
2.552
3.617
1.595
0.000
2.516
1.494
2.530
2.431
0.000
0.000
0.231
0.000
0.231
1.876
2.089
1.719
1.692
2.847
1.340
1.225
1.714
2.502
3.136
1.340
0.000
0.000
2.669
1.719
1.225
2.394
1.595
1.719
0.253
1.719
0.000
2.669
0.201
0.000
0.281
3.198
1.279
0.000
0.000
0.231
0.000
1.719
2.226
2.089
1.714
0.000
2.887
0.000
2.691
0.215
2.089
0.000
2.464
1.411
2.088
1.340
1.876
0.000
1.719
1.340
1.953
2.394
2.502
1.340
2.887
0.021
1.595
2.378
1.719
1.494
1.719
1.650
2.887
2.599
1.340
0.000
0.000
1.494
0.000
1.494
0.000
2.700
1.595
0.000
2.394
1.494
2.303
0.000
1.494
1.876
0.231
1.967
1.411
1.479
0.000
1.876
0.000
0.000
0.000
0.000
0.000
0.000
1.595
2.838
1.494
1.719
0.253
2.394
3.136
0.215
1.876
1.494
2.089
1.279
2.463
2.088
2.278
1.859
1.719
0.231
0.000
2.394
2.060
0.000
1.595
0.000
1.411
1.340
1.595
2.530
2.461
1.967
2.394
1.494
0.000
0.025
1.411
0.215
0.000
0.000
1.876
0.000
0.000
0.000
