2.555
2.425
3.168
2.699
2.215
3.216
2.864
3.371
4.297
4.061
2.638
3.474
3.265
3.420
3.693
2.886
2.399
2.460
3.416
2.285
3.655
2.743
3.695
4.136
3.011
3.974
3.809
2.003
2.556
3.385
2.951
2.107
2.699
3.275
3.126
3.909
3.275
2.166
3.024
3.526
3.863
3.961
2.872
2.689
3.895
1.820
2.731
3.002
2.408
3.526
4.286
3.967
3.622
2.851
4.908
2.430
3.459
2.542
2.884
2.071
4.097
3.311
2.786
3.469
3.395
2.408
2.732
2.868
2.597
2.430
3.839
2.755
1.763
2.344
4.110
2.024
1.957
3.275
2.537
3.490
2.919
2.998
3.671
2.345
3.419
2.699
2.951
3.435
2.885
2.665
2.685
3.425
2.324
2.876
2.893
3.651
2.126
3.549
1.908
2.299
2.230
3.282
3.459
2.872
3.143
3.325
3.720
2.861
3.275
3.275
2.835
2.229
2.795
2.884
3.519
1.727
2.660
2.782
2.722
3.557
2.782
2.353
3.172
3.306
2.478
3.496
3.450
3.587
4.004
3.400
3.089
2.344
2.696
2.555
2.535
3.254
3.621
3.600
3.556
3.937
2.699
2.892
3.493
3.924
3.252
2.299
3.275
3.695
2.835
3.350
3.431
3.724
2.491
2.892
1.257
3.198
3.301
3.584
3.086
3.746
3.695
2.271
3.092
4.105
3.139
2.679
3.255
2.614
3.981
3.353
3.977
3.967
4.406
3.013
2.460
1.138
2.375
3.533
2.520
2.320
4.258
2.557
2.121
2.971
2.166
2.387
4.599
3.137
2.314
3.718
3.765
3.646
3.238
3.255
2.107
2.504
3.259
3.857
2.513
2.597
3.508
2.345
3.066
2.555
3.252
3.987
2.899
2.003
2.994
2.555
2.921
3.520
3.241
2.353
4.244
3.200
1.548
3.580
2.555
1.976
2.819
3.024
3.318
3.987
3.468
1.695
2.684
3.648
2.969
3.523
3.428
2.284
2.420
3.007
2.252
3.318
2.542
3.540
3.521
3.244
3.083
3.783
2.661
1.727
3.931
2.898
2.678
3.082
3.286
3.438
2.699
4.069
2.920
4.291
3.252
2.596
3.511
1.731
2.169
3.552
2.684
3.720
2.478
3.239
2.788
3.544
3.469
2.489
2.639
2.252
2.863
3.275
3.635
4.840
2.430
3.447
3.099
3.843
2.534
3.337
2.887
2.982
2.773
2.985
3.030
2.937
3.375
2.700
2.781
2.544
3.120
2.819
3.079
2.836
3.498
3.197
3.516
2.971
3.283
3.436
3.807
2.712
2.894
3.686
2.229
2.872
2.286
3.081
3.718
2.919
2.229
3.156
2.529
1.622
3.460
3.198
3.633
3.651
2.493
2.392
2.711
2.660
3.009
3.115
3.198
2.795
3.437
1.820
3.413
3.549
2.967
3.780
3.016
3.234
3.292
3.397
4.815
3.754
3.345
2.063
2.375
2.464
3.468
3.896
2.860
2.638
3.189
3.293
2.137
3.193
3.609
2.375
2.709
2.761
3.481
3.206
2.431
2.881
1.595
2.661
3.099
2.290
2.057
2.491
3.289
2.811
3.021
2.663
1.909
2.500
3.103
3.481
3.305
2.983
2.792
2.799
3.082
2.720
3.183
4.033
2.130
3.213
3.948
2.917
1.691
2.555
2.992
3.207
2.359
3.174
2.849
2.166
3.639
3.125
2.523
3.808
2.441
3.030
2.786
3.619
1.985
2.922
2.731
2.933
2.863
4.088
3.460
3.836
3.420
3.490
3.222
2.554
4.088
2.556
3.099
2.956
2.765
2.614
3.100
3.083
2.446
2.178
2.826
3.258
3.083
2.797
3.279
2.849
3.131
3.867
3.036
2.555
2.748
2.769
3.408
3.683
2.778
3.143
3.086
2.323
3.469
3.237
2.003
3.254
2.684
3.292
1.954
3.397
2.309
2.722
2.542
3.083
2.545
2.996
3.259
2.191
2.555
3.740
3.357
3.252
3.988
3.508
2.249
1.879
3.915
3.002
2.154
2.480
3.803
2.154
2.129
3.340
3.164
2.968
3.617
4.353
3.016
2.818
3.009
3.205
2.460
3.278
2.855
3.684
3.314
3.754
2.523
4.102
2.782
3.572
3.086
1.999
3.459
3.095
3.339
3.215
4.438
1.798
3.876
3.174
1.886
3.205
2.745
2.554
4.514
3.961
3.045
2.979
2.396
3.607
2.436
2.797
3.348
3.329
2.104
3.172
3.375
4.199
2.141
3.631
3.375
3.625
3.832
3.347
2.886
2.081
2.003
3.042
2.996
2.899
1.364
2.303
3.056
3.009
2.749
3.468
4.346
3.237
2.200
3.149
3.985
2.096
3.930
3.254
2.754
3.532
2.698
2.805
2.375
3.724
3.493
2.759
3.501
2.114
2.742
2.746
1.650
3.523
3.490
2.375
2.746
3.160
4.160
3.024
2.755
2.229
2.462
3.082
3.431
2.886
3.882
3.756
2.819
2.624
2.096
2.568
3.082
3.676
2.299
2.917
4.306
3.069
2.506
3.876
3.409
2.975
3.839
3.628
1.764
3.443
2.688
2.145
3.083
4.038
3.741
2.811
3.035
3.152
3.510
2.782
2.802
3.106
3.536
2.765
4.168
2.952
3.143
2.975
3.833
2.720
3.210
2.930
2.256
3.554
3.446
4.691
2.819
2.500
1.945
2.855
2.705
2.460
3.275
2.324
2.290
2.781
3.069
2.720
3.735
3.490
2.284
2.360
3.008
3.427
2.609
2.555
1.980
3.617
3.276
3.299
2.901
2.542
3.024
4.168
3.233
2.324
3.036
3.219
2.116
3.333
3.116
3.550
1.700
3.733
4.140
2.107
2.748
2.304
2.823
2.390
3.098
2.086
2.555
3.086
3.110
3.646
2.638
2.003
3.895
2.544
3.035
4.380
2.375
3.324
2.284
2.345
2.497
3.400
3.040
3.530
3.408
3.420
1.860
2.805
3.318
3.223
2.684
2.940
2.539
3.901
2.127
3.017
3.671
3.083
3.259
2.952
2.602
2.555
2.759
2.649
1.906
2.349
2.900
4.544
2.895
2.872
2.444
2.246
2.460
2.554
3.728
2.555
2.645
3.424
2.861
2.574
3.265
3.399
3.906
3.103
4.151
3.648
3.556
2.670
2.968
2.045
3.446
3.780
2.555
3.312
2.024
2.196
3.543
3.112
3.298
2.512
2.555
3.652
3.597
2.143
3.356
3.536
3.055
2.604
3.524
2.982
3.600
2.417
2.409
2.661
