1.823
3.491
2.449
1.781
3.133
2.641
1.957
3.133
1.598
1.915
1.501
2.229
3.132
1.640
1.617
3.120
2.445
2.324
3.023
3.491
2.114
3.130
2.048
3.130
3.132
2.248
2.591
2.067
2.009
2.510
1.951
4.294
2.769
1.724
2.405
3.133
1.501
3.035
3.491
4.101
1.972
3.130
3.262
1.608
2.061
1.915
1.916
1.996
3.130
3.132
3.120
3.023
2.813
2.445
1.806
2.057
3.477
2.442
2.828
3.132
2.072
2.712
1.182
4.101
2.500
1.916
1.916
1.916
3.162
2.771
3.162
2.578
3.262
1.845
2.828
3.132
2.047
3.120
2.546
2.214
1.182
2.229
2.229
3.133
2.229
3.120
4.101
2.685
3.152
3.132
3.477
2.199
1.806
3.023
1.553
1.916
2.685
2.225
2.828
1.926
2.469
1.997
3.133
1.501
2.199
2.442
1.916
3.120
1.501
2.074
2.406
3.468
3.120
2.158
2.324
3.130
2.016
3.468
1.714
2.248
2.406
2.828
3.494
2.769
3.477
3.023
1.323
2.387
2.229
2.685
2.828
1.742
3.262
2.047
1.578
3.468
2.229
1.713
3.023
3.133
3.120
1.848
1.916
3.133
1.814
3.132
1.781
1.239
2.009
1.672
2.047
2.962
2.424
2.962
2.457
1.567
2.048
2.871
1.365
3.120
1.995
1.781
1.916
2.199
1.916
2.700
1.972
1.366
3.132
1.915
1.598
1.501
1.425
1.662
2.599
1.479
2.590
1.850
1.672
2.047
3.130
1.501
2.009
1.748
1.997
2.433
3.468
1.979
1.916
2.769
2.114
3.120
3.120
4.101
2.955
2.181
1.823
2.712
3.179
3.120
2.828
3.132
2.713
3.132
4.101
1.916
1.909
2.140
1.904
1.646
3.477
2.158
1.272
2.337
1.773
2.140
3.133
1.790
2.114
1.501
1.859
1.890
1.799
2.186
3.120
2.685
1.916
3.104
3.023
2.048
4.899
2.047
1.742
2.059
4.101
1.634
1.428
2.048
2.657
3.009
1.885
2.008
2.300
2.828
1.997
3.491
1.373
2.384
1.915
2.229
1.916
3.104
2.190
3.132
2.312
1.830
2.391
2.114
1.502
2.591
4.390
2.140
2.229
1.502
3.023
2.014
1.685
1.669
1.376
2.713
2.009
2.667
2.047
1.742
2.491
1.376
3.133
2.059
1.758
2.229
2.154
2.067
1.501
2.457
2.685
1.979
2.199
1.479
1.553
2.229
2.067
3.133
2.048
2.181
1.781
0.014
2.257
2.848
2.713
2.257
2.828
1.942
1.916
2.140
2.457
2.067
2.229
2.306
3.491
3.064
2.769
1.615
1.501
1.742
3.048
1.818
2.730
3.132
1.790
2.379
1.916
2.534
1.553
1.749
2.479
2.085
3.468
2.828
2.114
3.130
3.491
1.916
1.501
3.468
3.730
1.553
2.067
3.023
2.257
2.248
2.048
1.501
4.101
1.845
2.828
2.047
2.685
1.916
2.652
1.915
3.133
3.120
2.229
2.181
1.916
2.320
2.316
1.845
3.130
2.067
3.133
3.477
3.120
2.126
3.130
2.324
2.140
1.553
2.685
3.132
2.229
2.061
1.672
3.477
1.781
2.126
2.931
3.133
2.769
1.781
2.146
2.136
2.047
3.255
3.023
2.047
1.916
2.009
1.896
1.845
2.114
2.828
1.915
4.390
3.152
3.120
1.823
1.504
1.631
2.195
0.000
3.120
2.229
3.477
1.293
1.916
2.373
3.130
3.132
3.132
2.229
2.298
1.896
2.394
4.455
2.067
1.845
2.457
1.845
2.199
3.992
2.199
1.553
1.501
1.916
1.502
3.133
3.130
2.199
1.741
2.074
3.491
2.048
3.132
2.312
1.547
3.262
4.390
2.002
1.797
3.491
3.133
3.468
2.316
3.468
1.906
2.229
3.133
2.534
2.457
1.885
1.742
1.770
2.040
2.511
1.758
2.685
1.868
2.114
