3.4451275
4.3578915
2.8742725
4.0955912
4.1957087
2.4525538
1.9545321
3.4561662
3.9769441
3.0480873
3.3658349
3.1425366
4.1329687
3.0668529
2.1144125
4.3528586
3.46197
3.8863592
4.3479587
4.5996868
2.4111649
4.063617
3.2775313
4.063617
4.1297644
3.5073911
2.9657056
3.5934121
4.5644476
3.5439328
2.4396661
-1.2961233
1.7828741
2.2530977
3.62942
4.4791932
1.7483963
2.8983897
4.2948333
5.4807141
2.9215308
4.063617
3.8433432
3.2131818
1.8170283
4.0510742
3.6602679
3.1164257
4.063617
4.2220297
4.3528586
4.6737361
3.0878469
3.0944375
3.4807682
3.5722818
5.5079306
3.1516256
4.1131822
4.1297644
2.3409831
3.0406696
1.9461357
5.4807141
3.9924311
3.2839485
3.6602679
3.6602679
4.1161899
3.8944661
4.8316682
3.6467853
3.8433432
3.2579587
4.2062148
4.1297644
2.6993741
4.3528586
3.6800222
3.0671581
1.9461357
3.6275553
4.0181357
4.1957087
4.171591
4.3528586
5.4807141
3.2938725
4.1308863
4.1297644
5.5740518
3.7816105
2.432731
4.4215852
2.8849
3.7067449
3.2938725
1.6942036
4.1131822
3.9943503
4.2961314
1.536236
4.1957087
4.9755697
3.7736038
4.2263648
1.8719664
4.3528586
4.9755697
4.6928793
2.9362991
3.6384949
4.3528586
3.2507878
3.9195903
4.063617
2.9912375
3.6384949
2.381748
3.0927023
3.8908595
4.1656504
5.4807141
2.5043686
5.5079306
4.420697
2.2555657
3.869903
4.0181357
3.2938725
4.2238482
2.0389196
3.776818
2.8393425
4.6570153
3.6384949
4.0181357
3.127266
4.3479587
4.2608827
4.3528586
4.2737193
2.6338861
4.1957087
2.7886281
4.2220297
3.0821698
1.5345658
4.7167653
2.2900935
2.8393425
5.5079306
3.6232125
5.5079306
4.151696
4.0098121
3.8466939
3.6989982
1.8236705
4.3528586
3.0067205
3.0773882
2.924263
3.7736038
2.555653
4.4224496
2.7266816
1.7378048
4.1297644
2.5247182
2.5527947
4.9755697
2.5929607
2.069178
2.5228823
2.4093709
2.9256657
2.9856545
1.9063469
2.8358342
4.063617
4.9755697
4.8496188
2.366598
3.5540656
4.0600843
3.6384949
3.8744483
4.0756854
2.3611355
2.7264667
4.3528586
4.3528586
5.4807141
4.2119388
3.7941225
4.274741
4.2446282
4.2262714
4.3528586
4.1131822
4.1297644
4.0366196
4.1297644
5.4807141
2.555653
2.8849319
1.8286953
3.5102697
3.8980954
5.5079306
3.2507878
1.4931625
3.7217213
2.437629
1.8286953
4.1957087
2.7101742
2.7048404
3.272626
2.6153454
2.268828
3.3497589
3.1518949
4.3528586
3.2938725
2.7105901
4.0087303
4.3479587
2.4165179
4.485132
2.5720836
2.6786212
2.9347546
5.4807141
4.4181098
1.7503198
2.9752082
4.1447128
4.2305839
2.6902485
3.3195379
3.5791643
4.1131822
3.0127965
4.3578915
3.6767376
3.0797521
3.0480873
2.7188407
2.7723199
3.4076272
3.6785799
3.4933688
3.7747772
3.9860265
3.9287294
2.7264667
2.1261348
2.8296613
4.6725804
1.8286953
4.0181357
2.1261348
4.3479587
3.0361481
1.7104222
2.3547078
2.6742576
4.0366196
4.5644476
4.3385113
2.8393425
2.5574967
2.9871343
1.8385525
4.1957087
2.7839363
3.3214879
4.171591
3.3824191
3.4564231
4.9755697
4.1458476
3.2938725
4.0379065
3.7736038
2.4093709
2.994021
4.0181357
2.30843
4.2778547
2.7691505
3.7941225
3.2601078
0.13340024
4.0275413
4.0009562
4.0366196
3.9425129
4.1131822
2.7637103
3.2935958
1.8286953
4.2874504
3.4233189
4.171591
3.5020875
4.3578915
3.8341436
3.6220907
2.8474146
4.9755697
2.0389196
0.2263211
3.8027764
4.0417734
4.1297644
2.2377187
3.511031
2.7723199
4.0352737
2.9567043
2.3450211
3.8638387
3.9274185
3.6384949
4.1131822
2.7264667
4.063617
4.2948333
3.3189128
3.2247291
3.6384949
2.6082018
2.6733654
3.5881825
4.6737361
3.9170958
4.2964605
2.9836164
4.9755697
5.4807141
3.5429712
4.1515507
2.5885793
3.2938725
4.0756854
3.9324361
3.0480873
4.1801816
4.3528586
4.171591
3.7941225
3.1885503
3.2241766
3.8104161
3.0064228
4.063617
3.4233189
4.1957087
5.5079306
4.3528586
3.4930984
4.063617
3.1992135
1.8286953
3.0089639
3.2938725
4.1297644
4.0181357
1.8147801
2.3470148
5.5079306
1.3173288
3.1750483
3.450782
4.1957087
3.6220907
3.0821698
3.5015379
2.7918991
2.7731441
2.6078509
4.5187358
2.4474702
2.7723199
4.5056906
3.0288199
3.0421438
2.4577012
4.2623695
1.1331214
4.5114973
4.1308863
4.3528586
4.274741
2.782817
1.7516194
4.0530004
3.8272765
4.3528586
4.0181357
5.5740518
2.0419057
2.7723199
3.769722
4.063617
4.1297644
4.2220297
3.7082107
1.9378881
3.0509428
3.8489047
-1.761533
2.517124
3.1494164
4.1687961
3.1494164
3.7736038
3.5446841
3.7837367
3.4667638
4.9755697
2.4044538
3.4614889
4.1957087
4.063617
3.7736038
2.2595015
4.5605449
4.3672792
3.3656678
4.1297644
3.8695089
2.0993316
3.9655537
5.1229762
3.4384418
2.3435415
4.3578915
4.1957087
3.6384949
3.8769146
3.6384949
2.317818
4.171591
4.1957087
4.0929269
4.151696
2.6902485
2.6788468
2.9846331
2.559927
3.5959273
2.0550915
3.2938725
2.4703152
2.7264667
