3.7717499
3.6917607
3.4150094
3.1252725
1.9606693
3.6877649
1.8891238
1.4902752
1.1819872
1.8215017
3.1537831
2.4227545
1.2668668
1.8478173
2.5159494
1.4989743
2.4144782
3.224484
2.3482875
0.47312098
1.304024
1.0371928
2.8919005
2.3018793
4.2185325
0.68553516
1.7412386
1.0566259
1.4613553
2.3534386
1.7402296
1.2655373
2.8369836
1.0065672
-1.0852617
2.1320253
1.0910976
2.1514468
1.389967
1.94638
1.3566674
1.6241255
2.289525
3.0557792
3.0109467
4.7185012
3.1551355
2.5243441
1.4329166
1.2229097
1.7340801
3.4256462
1.2660169
3.5168226
3.5449898
2.1715903
2.6084405
2.1429093
2.015277
2.8991757
2.5304668
1.284893
2.7004301
2.9167691
0.18794503
0.71881073
1.746742
0.81169998
1.0386991
1.7743529
3.601136
2.4194431
1.7644183
1.8033003
0.86625609
3.7772978
1.2906824
2.5357048
1.626893
-0.012611757
3.3866616
2.3531309
2.1116911
0.82422084
-0.64158027
-0.34491631
1.7116194
1.590726
0.66887537
-0.65376153
4.1547241
1.6439564
1.4222152
2.1135962
2.7312051
2.3025728
2.0974372
3.2295287
1.5638081
3.4010628
2.2388614
1.5757859
1.4903106
0.90319163
2.8456788
2.6967829
1.1712823
2.4888786
1.3606476
1.6442389
-0.56535801
2.0383765
0.31434654
3.0133392
0.077730607
-0.68736023
3.8456375
1.4800811
1.9902571
0.92455956
1.1614996
1.7679404
2.9917313
1.3954877
-0.052184596
2.9251824
3.0984382
1.3887214
1.7089719
1.0054177
3.5944773
0.88024818
0.73616557
2.6471723
0.76801278
2.5016402
1.264033
1.5574641
3.0182153
1.9447698
4.0025078
3.1101197
-0.28032131
0.46846104
0.49559723
2.3832414
1.5431711
2.0930827
2.7499018
2.7018947
0.94706269
1.6588651
3.1298726
-0.93927444
3.042056
2.4928794
0.04159988
0.13153947
2.1785149
1.2620643
0.46548211
1.7032258
-0.062593587
3.834728
0.1605586
1.5005748
1.8935358
2.0315333
3.894858
2.2511395
2.2470982
2.311446
-0.25572289
1.0245191
2.2693355
3.5972094
2.5854302
2.0478096
3.1233961
1.2838373
3.0517798
3.2300839
0.60223836
2.352771
0.17974445
3.3954885
1.1726782
0.84979463
0.8040755
-0.55286447
0.81444854
0.78950722
2.6345132
0.89207477
0.85585962
1.2459755
2.3433722
1.0891512
3.0145299
1.3623356
1.9007688
0.41089336
1.2814916
2.1144968
1.2517731
0.96087679
2.4642498
2.7348259
1.5426006
2.5464625
-1.0460003
2.4925784
3.0624894
3.157709
2.3401505
-0.5757354
2.2923786
2.5990249
2.3366922
1.3592459
0.25098577
0.28924487
0.37150622
3.1155787
2.7639763
1.8926363
2.9153875
2.7600643
0.28752747
3.357047
0.4209852
2.1989265
2.2114752
3.6029283
2.0969378
4.1802645
2.0832877
1.4991475
1.6525444
-0.13970392
3.8788458
0.53881754
3.7356977
1.7954774
0.62221654
1.7828126
3.4644622
2.7423568
2.72034
0.43084155
3.283673
3.2804171
-1.149786
3.6219688
3.9329903
3.4265194
2.7118104
3.8648011
4.4205792
2.5932908
3.1481462
1.9405933
2.5602393
4.1395224
4.8337475
3.6482887
3.4874905
3.6998176
2.5001882
3.1602942
3.2411253
4.2322779
4.7034278
4.3703838
2.9852051
5.1873753
2.4383082
3.4512652
3.8191963
3.2720465
4.1495344
3.3974434
3.7584228
3.53915
3.2883137
3.7237477
2.1466778
3.4259105
0.43653792
3.6632135
2.1496646
3.6003575
3.6555268
2.6366542
3.6860348
3.5891546
3.492267
2.7843728
2.4252689
2.8220931
3.5707748
2.1239619
4.503628
1.6101227
4.3460024
4.512381
3.2887094
3.1550401
3.3213762
2.448572
3.7606185
4.0636139
3.7547814
3.4248595
2.8386222
2.4972825
3.1830604
3.1241267
3.4833486
4.455003
2.116928
3.095296
3.0817522
2.7959667
4.175826
2.9452916
2.5161747
5.2853821
4.0789037
2.3057721
2.6152184
3.6960015
3.6283047
3.9178803
3.8911795
2.4510932
3.4001911
2.0601697
3.3177474
3.3698548
3.0568771
3.2034883
3.5548703
3.858547
0.25789431
4.187571
4.1376019
3.4915262
4.1020352
2.319292
3.7159348
4.2201518
4.0204103
2.8269933
3.0163986
3.0650071
2.9663483
2.5777217
3.2806542
1.9097405
2.2287888
4.3916682
2.0826786
3.7775631
5.3054605
2.388815
3.2092663
3.7216649
2.9307838
1.6510209
3.6763357
3.7158286
4.9834145
2.6540734
2.2837928
3.8198974
3.996128
3.4305069
3.9895695
2.9062769
3.6827413
2.8907461
3.4316521
2.7785876
3.5406583
3.6441875
3.5470121
3.3970923
4.0873574
3.3480828
2.5124095
3.3922729
2.9984252
3.9996277
2.24336
1.9764107
3.5198298
3.1595197
2.8721058
0.67471884
4.0690545
3.9275954
3.3549633
3.8450395
3.1106006
2.0702451
2.3178911
3.3208386
3.5232329
2.6673116
3.9101654
1.4815629
2.2167759
2.1574084
2.2177412
2.1415928
2.2532649
1.758834
3.8424667
3.0848695
1.9667935
4.222804
1.6951268
2.7340826
3.1041888
3.2447763
1.965985
2.6256701
2.9899678
3.942674
2.9959501
3.4968219
3.5945558
3.2069596
3.2538113
3.5471137
2.8523248
3.5555625
3.5140557
3.007026
3.9722412
3.1356676
3.8959948
4.1636285
2.7052883
1.7115784
4.242005
2.6885917
3.1295707
3.591948
2.6546781
1.5340611
3.513722
1.7955445
2.9359641
4.5160755
1.0533977
3.0806805
0.93319551
2.9121875
3.2439414
3.9648024
2.3012614
3.7437028
4.0381445
3.7255147
3.33735
4.7532148
3.804913
3.6796678
3.2462064
3.028255
2.7371384
3.6886237
3.9142401
1.2906075
3.9242898
3.3952472
3.4895432
3.7388067
3.5963948
3.4786739
2.3756934
1.9915608
2.6388382
3.6613605
4.5520397
0.89455975
3.6282019
3.8152442
4.0548068
2.1439954
2.7263847
2.27177
3.4620067
3.1307404
2.7415324
2.5204541
1.6085909
3.986329
4.2075024
4.1258817
4.026881
4.0674894
3.4029981
3.885619
3.5778849
3.6003354
4.0819002
4.3898126
3.9342723
3.5479494
4.1923795
4.41677
2.7623513
4.6130809
3.8515049
3.4545818
3.0672224
3.5646876
3.4070684
4.4572931
4.0515535
4.5084395
3.8593964
4.8585433
3.9022407
3.3532951
4.034085
2.6396694
3.79583
3.2026482
3.8102915
4.8328836
4.3093046
4.7657418
4.4563927
4.0233294
3.1127018
3.5799863
3.9665401
3.8947895
3.9433465
3.7538392
4.2157418
4.1883252
4.3987154
4.1969458
4.3529049
4.289985
3.2719969
3.6150265
3.1979512
3.58062
4.3268287
4.4867435
4.8548447
3.7404636
4.0272915
3.5432585
0.80146505
3.9535234
4.2967872
4.4882934
4.0642221
2.3206214
3.5088975
4.5385887
3.4919529
3.7931446
3.2344007
3.7508318
3.2222969
4.893156
4.573365
3.8551396
2.7710174
3.827549
4.6399483
4.1355637
4.0742392
3.4176537
4.2872049
4.0112214
3.4385829
4.6905101
4.4506298
3.6075251
2.0554628
4.7954988
3.8913407
4.0302057
3.0225494
4.0945917
4.4765292
2.6299518
3.7653324
3.6618243
4.0308693
3.7129225
2.6514356
3.9543995
3.5107263
4.0197962
3.766209
3.5540371
3.5083173
3.9247267
3.7601398
4.3091914
4.2358492
3.6614084
4.6470602
4.046303
4.0704605
3.822346
4.4467218
3.2706195
3.2429121
3.3013576
4.3560228
4.3885201
4.1703022
3.498323
4.6202347
4.3018227
3.6395205
3.5290429
4.2921572
3.834525
3.3578109
3.3932001
3.624702
3.3101879
4.434037
3.4794046
4.3813384
3.7607138
4.0526214
3.4287796
2.5633687
3.8076547
4.3761408
4.0622816
4.2141737
4.537296
4.2459085
4.3956555
4.9570855
3.6673867
4.2897287
3.4817645
4.0893889
3.6279362
3.2108639
4.3845496
4.5702142
4.4337242
4.8564232
3.6050373
4.0533006
4.5085656
3.8036538
3.8998356
3.9815398
4.1357314
3.3933558
3.8735848
4.0248944
4.3199502
4.6494346
3.6518834
3.0741034
3.8693955
3.8034069
4.0667329
4.6046752
2.8152832
3.6402963
3.8746806
1.0972358
4.0891187
3.8977543
4.0434321
4.3677083
4.0597968
2.5761537
3.9771408
3.2817859
4.0369198
4.1116805
4.4441764
4.23962
3.8124077
4.0438144
3.5465611
4.1326606
4.3881862
3.8387314
4.1220831
4.6239285
4.0189463
4.5055042
3.7253172
3.6773548
4.6584381
3.7421198
3.3177631
3.6629562
3.7545947
4.0659466
4.3284739
3.8868102
4.3032106
3.9523607
4.4538746
5.243691
4.4416423
4.0801601
3.9987021
3.8597456
4.6749836
4.273894
3.8759118
4.3031348
4.7229096
3.2504644
3.9088723
3.0933271
4.5932484
3.9651802
4.6875104
3.9537078
3.9058177
3.5215289
4.644974
3.1186304
2.9615695
3.181658
3.5935551
3.9794625
3.3607841
4.2187433
5.0218824
4.5562957
4.2060284
3.697373
3.7365414
4.2619184
4.1737976
