3.458
2.527
2.460
3.503
2.554
2.586
2.539
2.625
2.756
2.467
1.834
2.605
2.246
4.170
3.391
3.089
2.535
3.011
2.228
2.426
2.625
3.037
2.971
3.083
2.989
3.409
2.780
3.678
3.082
3.896
3.086
3.450
3.753
2.638
2.145
3.908
3.551
3.736
2.722
2.624
3.925
3.333
2.989
2.970
3.578
3.736
0.495
2.246
3.699
3.868
3.063
3.334
2.229
2.229
3.196
3.367
2.187
3.601
2.834
2.920
2.003
2.246
2.722
2.782
2.535
2.107
2.682
3.508
4.179
3.949
2.407
3.172
4.174
3.948
4.014
2.375
3.753
2.665
3.506
3.177
3.908
4.179
3.823
2.622
3.668
2.795
2.677
3.556
2.998
3.506
3.997
3.752
4.174
3.604
3.508
4.299
3.913
3.919
2.794
2.722
2.834
3.347
2.527
2.722
2.660
3.208
4.464
2.460
2.989
2.872
2.638
2.745
3.082
2.467
2.527
3.637
3.913
3.196
2.749
1.993
2.431
3.408
2.722
2.568
3.333
2.390
3.081
2.741
2.722
2.780
2.986
2.408
2.662
3.177
2.172
2.630
2.360
2.531
3.736
3.615
3.645
2.834
3.206
3.037
2.003
2.467
2.920
3.529
3.756
2.782
3.703
3.833
2.229
2.408
2.408
3.908
3.771
3.100
2.229
4.170
3.222
3.691
4.176
2.983
4.178
2.808
3.102
2.555
1.834
2.950
2.284
3.082
3.656
3.202
2.660
2.767
1.740
2.782
2.900
3.736
2.624
3.305
3.126
4.179
2.834
3.624
3.334
4.170
3.334
3.385
2.950
3.158
3.517
2.660
2.731
3.208
2.420
4.170
2.568
2.460
4.176
2.722
3.334
2.921
4.840
3.305
2.638
4.176
3.843
2.631
2.535
2.749
2.780
3.387
3.063
4.176
2.731
1.834
3.887
2.003
3.984
3.736
1.548
2.998
2.229
2.541
2.950
4.177
4.174
2.517
3.556
2.061
3.082
2.780
3.694
3.408
2.535
2.731
3.409
2.781
3.695
3.753
3.771
4.174
2.746
3.305
3.800
3.784
2.867
3.086
4.014
4.176
4.915
1.905
2.950
3.082
2.682
3.800
3.458
2.864
3.475
2.246
3.347
2.780
2.071
2.520
3.949
3.252
4.174
2.834
2.360
4.170
2.972
3.486
3.634
2.921
3.328
2.921
2.344
2.285
1.834
3.081
2.801
3.800
1.834
3.002
2.780
3.082
2.467
2.971
2.840
3.196
2.387
3.585
4.170
3.181
2.467
2.950
3.328
3.753
2.644
2.229
2.383
2.998
2.172
2.807
3.275
2.527
2.178
3.081
3.215
3.804
2.932
2.781
2.554
3.466
2.722
3.694
2.677
2.638
2.756
2.527
3.486
3.082
2.351
2.555
4.176
4.174
2.835
3.420
2.360
2.890
2.229
3.336
3.556
3.408
3.060
3.305
3.949
1.997
3.233
3.736
3.736
2.660
2.622
1.548
2.554
2.481
3.333
4.176
2.625
3.948
2.625
3.244
3.645
3.508
2.426
3.304
2.532
2.284
2.944
2.727
2.522
2.780
2.209
2.998
4.170
3.913
4.177
3.420
3.082
2.239
2.727
3.949
2.430
2.757
2.457
2.756
2.467
2.532
3.367
2.443
2.807
3.442
2.756
2.807
2.989
2.682
2.987
2.085
2.147
4.176
3.899
3.082
3.315
2.786
0.980
3.899
3.443
