3.94868025497
4.63380270768
4.14827158123
4.25291177712
4.64461531543
3.93165684958
3.89482934102
4.58033193205
3.68475487688
4.11829602019
3.99845129683
4.32680308621
4.53496145454
4.03141648237
3.5668322431
4.88333333333
4.14775098627
4.29534401315
4.4409681272
4.50205238576
4.23648249488
4.62120238402
3.74416278223
4.62120238402
4.69692682898
4.15085773839
4.14827158123
3.81048118864
4.04458007401
4.28683867263
4.08518260582
4.40563000097
4.37637665973
4.20852377686
4.28683867263
4.32482032361
3.49964213909
4.25346082282
4.63380270768
4.56038589372
4.07128914607
4.62120238402
4.43648440149
3.97047780607
3.89481262888
4.01230201622
4.43935086177
4.01586841846
4.62120238402
4.69692682898
4.88333333333
4.45550240656
4.14098282009
4.09084862571
3.83599736205
4.35636063536
4.4509387288
3.59748733404
4.47625884444
4.69692682898
4.06998549812
4.37059335611
3.76317337678
4.56038589372
4.28560989721
4.0173402593
4.43935086177
4.43935086177
4.24294830508
4.37059335611
4.4509387288
4.30937109886
4.43648440149
4.1510881286
4.47625884444
4.69692682898
4.08164872295
4.88333333333
4.437337415
4.16614427509
3.76317337678
4.38932112067
4.19015571482
4.64461531543
4.19015571482
4.88333333333
4.56038589372
4.14098282009
4.3674734032
4.69692682898
4.54325768475
4.37631345885
3.95086505458
4.4409681272
4.29381949931
4.38932112067
4.14098282009
4.0654857167
4.47625884444
3.97757571982
3.86716786623
3.89481262888
4.64461531543
4.24051842876
4.37631345885
4.11036799831
4.10922060515
4.88333333333
4.24051842876
4.00739331166
4.19714052527
4.42709923434
4.88333333333
4.08164872295
4.35636063536
4.62120238402
4.06806930479
4.42709923434
3.96801771051
4.23054088236
4.37631345885
4.47625884444
4.31509876464
4.62120238402
4.4509387288
4.4409681272
3.903618167
4.44963674255
4.19015571482
4.14098282009
4.47625884444
3.95444391881
4.43648440149
4.08164872295
3.84074958826
4.42709923434
4.19015571482
4.12972999175
4.4409681272
4.26071382937
4.88333333333
4.30548037845
3.93252736853
4.64461531543
4.03338495862
4.69692682898
4.29390696288
3.47594091574
4.04458007401
3.58507658342
4.08164872295
4.06283616883
4.48671137992
4.06283616883
4.44963674255
4.46914623414
4.21536998157
4.41313570373
3.65903871496
4.88333333333
3.93785155648
4.29390696288
3.88487930409
4.37631345885
3.93317050149
4.23390843244
4.23051964984
3.90846204203
4.69692682898
3.70382778093
4.19577541972
4.24051842876
4.2639398506
4.0024846095
4.07484540678
3.85013281172
3.804779507
4.16216277495
4.03574865717
4.08164872295
4.62120238402
4.24051842876
4.04458007401
4.09974025976
4.37970689715
4.28560989721
4.42709923434
3.90210717173
3.94232409316
4.62120238402
4.32645957339
4.88333333333
4.88333333333
4.56038589372
4.29179601413
3.78360508773
4.16655991254
4.64461531543
4.51589401959
4.88333333333
4.47625884444
4.69692682898
4.28560989721
4.69692682898
4.56038589372
3.93317050149
3.87936182057
4.06945651772
3.72784258681
4.24051842876
4.4509387288
4.08164872295
3.61799099974
4.24925297811
3.80333666447
4.06945651772
4.64461531543
4.16614427509
3.93076792277
3.99845129683
3.88487930409
3.64262512551
3.90692772627
4.19739508036
4.88333333333
4.14098282009
3.93254991979
4.36835914953
4.4409681272
4.27307602164
4.56038589372
4.08129277425
3.95444391881
4.03052200828
4.56038589372
4.09524207095
3.66062866487
4.23672054323
4.25422117925
4.21930725254
4.16614427509
4.15085773839
3.8677576397
4.47625884444
4.14805420911
4.63380270768
3.83328951584
4.14107085597
4.11829602019
4.27343256833
3.93317050149
4.23920907352
3.95444391881
4.4411050412
4.06367070936
3.67952883926
3.86709640743
4.32645957339
3.73813879122
4.14899346386
4.54325768475
4.06945651772
4.19015571482
3.73813879122
4.4409681272
4.2473460578
3.56973348227
3.57958397579
3.57958397579
4.28560989721
4.04458007401
4.25852403535
4.08164872295
3.95444391881
4.25346082282
3.3850457448
4.64461531543
4.07128914607
4.05423427791
4.19015571482
4.28683867263
4.0045320429
4.24051842876
4.39247725318
4.14098282009
4.43935086177
4.37631345885
3.85013281172
4.29381949931
4.19015571482
3.72775410278
4.437337415
4.13626953741
3.78360508773
4.29390696288
3.02785490801
4.38791153203
4.57437854077
4.28560989721
4.35636063536
4.47625884444
4.20823306745
4.1846094822
4.06945651772
4.44963674255
4.12675541728
4.19015571482
4.88333333333
4.63380270768
4.22512751516
4.62120238402
4.20823306745
4.24051842876
3.95444391881
4.24193003062
4.01021185592
4.24492108877
4.69692682898
4.06898253865
4.25691939182
3.93317050149
4.39247725318
4.06528707784
3.80333666447
4.38932112067
3.99845129683
4.42709923434
4.47625884444
4.32645957339
4.62120238402
4.63380270768
3.89008490126
3.99845129683
4.42709923434
4.56038589372
3.78181283791
3.82961766079
4.4868510591
4.35636063536
4.32824499116
4.23672054323
4.24051842876
4.56038589372
4.2473460578
4.47625884444
4.08411116507
4.14098282009
3.94232409316
4.31120629526
4.11829602019
4.44746968857
4.88333333333
4.19015571482
3.78360508773
3.97269251301
4.0529851001
3.86472780126
4.19936912444
4.62120238402
4.12675541728
4.64461531543
4.4509387288
4.88333333333
4.32645957339
4.62120238402
4.28683867263
4.06945651772
4.20215774696
4.14098282009
4.69692682898
4.19015571482
3.89481262888
3.57486785038
4.4509387288
3.80431718748
4.23648249488
4.48671137992
4.64461531543
4.62120238402
4.29390696288
4.08651356947
4.14870215424
4.08164872295
4.272497363
4.4409681272
4.08164872295
3.93317050149
4.04458007401
4.08164872295
4.29381949931
4.23648249488
4.47625884444
4.29004152304
4.4509387288
4.3674734032
4.88333333333
4.16655991254
4.27172493445
3.62005240446
4.29669814158
3.85013281172
4.88333333333
4.19015571482
4.54325768475
3.71683506935
3.93317050149
4.0573849359
4.62120238402
4.69692682898
4.69692682898
4.2473460578
4.22106454611
4.08164872295
4.35636063536
4.46914623414
4.0024968898
4.29381949931
4.44963674255
4.29381949931
4.37631345885
4.54325768475
4.37631345885
4.29381949931
4.24051842876
4.01331709918
4.08176771225
4.64461531543
4.62120238402
4.37631345885
4.03249883472
4.0075450849
4.63380270768
4.43365473655
4.69692682898
4.08477094405
4.30913268414
4.16852111909
4.34885061877
4.08164872295
4.06898253865
4.63380270768
4.64461531543
4.42709923434
4.10796885366
4.42709923434
3.96297829964
4.19015571482
4.64461531543
4.44963674255
4.44963674255
4.16614427509
3.82231756463
3.41023290682
4.14827158123
4.25654703137
3.87028294758
4.14098282009
3.90313252435
4.32645957339
