4.51695514129
2.72401479412
4.06077821171
4.11583192795
2.43500334292
4.70470706042
3.70297439086
4.64633036125
4.63356694258
4.87876061231
4.20520387526
4.50215922
4.38600813217
3.94109743296
4.78383238898
4.07826662015
4.06703483536
4.4517434309
4.29423707899
4.08518757962
4.28083475095
4.58609925804
4.94006974045
4.90769212532
3.91834911137
4.96262677429
4.18001047473
3.00860620834
4.02285955001
4.6995256806
4.62863047573
4.16066454162
3.92448772461
3.88391854631
4.63030462224
5.0
4.72574388484
3.93703446047
4.47852649509
4.57419735733
4.72247582232
5.0
4.29710202311
3.83107602649
4.6485963038
2.85002046156
3.79041794936
4.41265219379
4.02505373846
4.79943759849
4.63403081589
4.92380012769
4.93403128797
4.1070914128
4.99747216074
5.0
3.79849040363
3.81015926283
3.50166615509
2.71275457127
5.0
4.30528144819
4.09881391812
4.52557994717
4.68922964976
3.79995956215
4.14447806975
3.65630254525
3.41224747952
4.80194005746
4.13542449551
4.51457720066
1.91356251447
3.65044662639
4.42271394952
3.30053423302
3.56110792221
4.69627802516
4.54301448282
4.56457973803
4.11265424213
4.82227917277
4.98859719726
3.11875486755
5.0
4.97748510584
4.12494950196
4.85917101009
4.23264649171
4.09187872593
3.69939335116
4.91447454453
4.29619909971
3.77444629137
4.05658474357
4.81227999492
3.66441873148
4.9404194676
3.8844155807
3.22605413644
3.91152217186
4.5389079263
4.44077485767
4.43491944065
4.73287951834
4.83116899121
5.0
4.02621327939
4.63855233857
4.19729705828
3.80058453859
4.3032993212
4.26999450915
4.22210781383
4.53648542366
2.34333440247
4.10560020023
3.75133770999
3.96950016126
4.77490588201
4.52726339936
4.07368838676
4.47856755505
4.74204310686
4.34896708805
4.64581910534
5.0
4.62688760827
5.0
3.60520460425
4.06204569861
4.28414258679
3.4703042005
4.31525797584
3.42138745471
4.46553808147
4.23552613148
4.51375470822
4.24035211417
4.60199045622
4.60004746785
4.27191959868
4.47551151506
4.9387416251
4.86945454359
3.76547793366
4.46814072836
4.84141070127
3.90228117186
4.48258594949
4.17604234143
4.98756287121
4.09114492654
4.75548418277
4.02480899625
4.56023060915
4.81167018254
4.73671585094
4.56968019391
4.42248388459
4.979743753
3.2656806855
4.51494855008
5.0
4.24132890462
4.12618803356
4.55543937977
3.56540497869
4.81675308188
3.79771664786
4.73617318929
4.11365897222
4.7553176633
4.24819617184
4.03065871833
3.90801574357
3.86878329915
4.58010109111
3.84652035872
2.99966592093
4.92719148297
3.84793551002
4.33549319402
4.36779946359
3.8894886368
3.16931931062
5.0
4.5268053261
4.37255157506
4.6002837579
4.51109660835
5.0
4.16492429735
3.88502143183
3.93038544791
3.99860884063
4.5084962925
4.78381291204
3.42808219108
3.7982317216
4.80821927812
4.18126666113
4.22834088131
4.17025345084
4.8129534456
4.39088259976
4.26179586276
4.17583144748
4.29719500608
4.04395099162
4.75226411061
4.25923664426
4.38032194876
4.11451904064
4.04054928533
4.07760272007
3.52453555828
4.46475780962
4.1896706205
2.38492768886
4.3919310791
3.2066618831
4.09303598482
4.16032323444
4.24547203398
3.31309298162
4.36497532203
4.90464940212
4.74617409072
4.28892958742
5.0
4.33423120806
4.5507971024
4.12813854654
2.09232787921
4.78005382601
4.06394327873
4.55369974019
4.2904720016
3.91264895273
4.73814211331
4.20583129589
4.3382270917
2.92538909773
4.67815715332
3.7887849614
4.2981331177
4.8489239249
4.54528566734
4.60603730796
4.0154038291
4.27921584982
4.09421390045
4.79877734931
4.20279522442
4.10349084256
4.11770837562
2.85825596059
3.36695173403
4.92587818534
4.41860824825
4.46828695633
4.24951371918
4.96719868519
3.93919822984
4.63656070723
5.0
3.87477994975
3.97919381819
3.0062319876
3.67354557855
4.94963786022
4.83014434591
4.50725767879
4.84951123401
4.57540209386
4.25094212423
4.76386046231
4.20629378567
4.47202148769
4.79238586651
3.90245588294
3.53764856003
3.93603370535
4.47385179751
4.47460019359
4.85859807997
4.4309016772
5.0
4.40754164476
4.12839232882
3.90443605644
4.64176459984
3.37636130896
4.60112085381
4.74337305983
4.12593388331
4.48057094399
4.18245416617
4.61953474944
4.89551554545
4.12109820836
4.19169698792
4.62309714512
4.25195196726
4.22454569462
3.42371902667
3.95554206488
4.30409419103
4.96305708071
3.81680781636
4.34707150844
3.57925106006
4.69082706605
3.62436713008
3.57998781249
3.44078428354
4.19088133082
3.7700764248
2.98507350793
3.92396050382
3.64750769351
4.92416549385
4.95405723941
4.25021562625
4.31275970217
4.52256224247
3.2680914601
4.82209617128
4.86298637773
4.96001059811
4.7735266786
4.71272483755
4.40744250509
4.05596729991
4.30544136974
4.93932527182
4.92830313551
4.64564844814
3.69770378902
3.86131700135
4.29378865866
4.15799689963
5.0
4.45896442002
4.33877593651
4.76391017547
4.36543910641
3.86780484802
5.0
4.09462226969
3.83213800551
4.16802571626
3.61265696687
4.38696628618
4.03864085516
4.13881963089
4.69788375817
4.19873218884
4.25858540778
4.63663301737
3.7033899689
4.10255919128
4.24455798209
4.55326815957
3.92746139646
4.41329353919
3.71757061338
2.27239085958
3.24615334911
4.30801583606
4.40461747794
4.30253048933
4.04885981716
4.46606685334
3.92850706519
4.63815292148
4.21938615053
4.42692070011
4.34489765486
3.97589292123
4.85826874403
4.93383905507
4.14449900694
3.79863453813
3.88164292626
4.62351673648
4.90979210388
3.62411625438
4.7972360823
4.66445674254
4.23571925191
4.71248697232
4.48778944272
4.04841945381
4.82805592846
4.31162004968
4.25984022102
4.43667899249
4.33545837369
2.30831408677
3.87420914666
4.58618033236
4.01038626626
4.13205062971
4.93245068377
4.37340525829
4.86806957936
4.04260892287
4.9130931834
3.4162606223
3.59803236813
5.0
4.33851700134
4.36683916169
3.93468730771
4.23602987417
4.07244745784
4.75571890931
4.5922717813
2.98456478309
3.54874165869
4.67356928356
4.07323152999
4.61296872888
4.41736772909
4.28978085268
4.61907221027
4.68647944412
4.51634368705
4.33285262191
4.13432829102
2.99072614153
4.19717521708
4.60089725419
4.6327685666
3.42879489067
4.88067128016
4.93707104667
3.8814153668
4.7882241695
4.61069679806
3.28864072827
4.92423361272
3.89413245398
4.62841322202
3.87057834055
4.88353528322
2.47557409454
4.3257668842
4.27501845516
4.6774633647
3.11569224673
4.03898988391
4.71160422582
3.68510956647
4.11734630512
4.17421750987
3.90986899034
4.67222269296
5.0
4.82237074358
3.97331724954
2.95971502216
4.23289799793
3.72758588947
3.68797291491
2.75629234997
4.77931809366
4.1023203946
3.33362495311
4.66630733562
4.66271899969
4.5994048817
4.94076563809
5.0
4.46575769929
4.62487767921
4.67891698642
3.60446290396
3.13147074572
4.76942147459
3.79676685559
3.83301848043
4.26467947334
4.75490535986
3.58358430124
4.66476647238
4.50641820408
4.72289100243
4.52822104772
4.18594654936
4.3686664218
4.64928680929
3.82287233544
4.72564380476
4.51861722171
2.28906597739
4.28196977345
4.61026988383
3.18097319202
4.41251693657
3.64535436163
4.20518933097
4.7887662998
5.0
3.77255601907
4.84486989127
4.04352422481
4.37148724559
2.4245437715
3.87822081948
4.38913357211
4.85121671342
3.07649066414
4.19465500643
4.20514960913
4.35305236551
3.50199681472
4.48417323739
3.7748074901
4.94934053244
4.74395072841
4.71792220384
3.76353301031
3.8447669854
3.53013850306
4.29347972709
4.3791081139
4.13360162952
3.35268370585
3.6155200505
3.8150340748
4.49357082683
4.44055832284
3.84833178232
5.0
4.62557157341
2.53567266671
4.60661334254
5.0
3.17359396779
5.0
4.6156504129
4.82685962817
4.80738605761
4.10739405636
3.84293943516
4.17703200289
4.34364993737
4.29294321648
4.56010504483
4.51702799853
4.29899569092
4.5206878462
4.57398612253
2.25981856515
4.2628281364
4.90327946196
3.70996584748
4.14122553737
4.59253506195
4.91550812179
4.25419995976
4.71550474141
4.05228556684
3.34819652636
4.46101113623
4.91036573503
4.13447181569
4.71672539125
4.47224401035
3.73780478467
4.45521047148
3.96052749359
3.70075837732
4.23950361568
4.93887377628
3.61406041037
4.12825183692
4.47979545658
3.71810096144
4.36108490007
4.6286678871
4.99007832985
4.14539536872
4.28800108827
4.0995804031
4.15260986648
4.73365059279
4.44661260713
3.8872119917
4.8586432222
5.0
4.72452374323
4.7891677349
4.532453848
4.34583230842
4.12493940666
4.50959513272
4.53057478567
4.38343584588
4.95640513071
4.43823651775
4.63598751127
3.14110413817
4.44987215043
4.6654504527
5.0
4.43561323768
4.53784749627
3.91805990061
4.25909813395
4.61988648756
4.86342737373
4.85258608863
4.32921632535
3.81916223558
4.0673395465
4.17842479612
3.46059165058
4.10415129056
3.64566135798
4.43028836283
3.28180764334
4.63295556636
4.56469912406
4.48519545535
5.0
4.73841041427
3.61716717806
3.26217477496
4.21078882585
4.59868994629
4.1605867784
4.07747194609
3.12746711161
4.59151579155
4.3289945732
4.4042983686
4.14180217316
3.94689051117
4.7659781286
5.0
4.66437096747
3.97968381147
3.99185198549
4.8016095834
4.00650300239
4.77830989769
4.05855494143
4.02959706343
4.28743902536
4.58672737719
4.45020421131
3.93266007669
4.18207768611
3.95629653864
3.16827672628
3.90840345127
4.51908010371
3.71054968342
4.26715903471
4.53792555155
3.40054264397
5.0
3.16738377724
4.01550746653
5.0
3.82801079089
4.29454664747
5.0
4.41577246239
4.47424772516
3.85846777643
3.83217305829
3.82507089688
4.6317758143
4.08712396314
5.0
5.0
4.03444274004
2.64656992258
3.57552233064
4.47203760616
4.10202028772
4.31544722237
3.65733738443
4.01443446221
4.99476142621
2.05187550111
3.01588969715
4.53200311803
4.01917636074
4.79526882262
4.72744963786
4.34338874782
3.96567224318
4.72163200738
4.33159590122
3.95069219246
3.68993781079
4.17475559729
4.66135840805
4.32728833006
4.13927933123
3.19981815594
3.03826654739
3.67494688078
3.63787417531
4.52905058512
3.89452410399
3.22504384274
4.2620088344
3.6153543478
3.9916120677
4.72528863385
4.30198293585
4.9753684905
4.32719774399
4.71212735673
4.40172949196
4.68984216661
4.12814381105
3.86488775607
4.05274691078
4.34833257518
4.8048667972
4.59764514455
3.97840754533
3.91798012711
3.82099970258
3.8407628091
4.40006669501
4.02385222747
4.25191500454
4.47043582287
4.26554763486
4.66243970258
3.89342743752
4.21649543526
3.8701100542
4.67122965493
3.99674829151
4.77817173422
3.70845579406
4.23599212813
4.02053002574
3.59699348209
4.00176434735
