2.81
1.8426
1.8444
1.57309
2.53442
3.09869
2.01979
0.696886
0.700108
0.95444
0.893091
1.09486
0.863149
2.36816
1.97239
1.92831
1.97104
2.82265
1.89555
1.18008
1.24684
0.532979
2.42613
1.8301
3.49117
0.918502
2.53237
3.54271
1.63883
2.65121
3.56881
1.06971
1.91734
1.67785
1.33619
1.36342
1.92359
1.99445
1.05715
1.94218
2.56198
2.04915
2.12333
2.1885
0.744842
3.334
2.26419
0.511443
1.91758
1.62307
0.175361
3.35644
1.46572
2.19677
3.22163
2.62506
2.36647
1.05353
1.08561
3.26171
0.744512
1.94801
3.177
2.88979
1.93289
0.872228
1.84951
1.1645
0.20966
2.89182
3.09027
2.34933
3.3486
2.04504
0.815272
3.37679
1.59667
2.77626
1.26405
0.556154
1.93345
1.61016
2.3991
2.21233
1.19868
1.3147
0.969218
1.34577
0.536873
1.48298
3.29972
3.71514
2.04117
3.1282
1.53064
2.21707
2.58303
1.0781
1.13164
1.33462
1.62492
2.33856
1.91452
2.67608
1.51541
3.58922
2.37221
3.58033
1.66598
0.884031
1.42238
0.378153
0.154807
3.29703
0.602785
3.55903
2.65691
0.824476
2.48657
0.668075
1.94015
1.04035
1.44457
1.02231
1.168
1.66617
2.28104
1.79248
3.74442
0.889879
2.77605
0.814032
0.695678
2.0575
0.795403
1.63717
2.13785
0.750282
3.18586
2.63042
1.39023
3.40895
1.21879
1.03679
1.77947
3.17309
3.03204
2.51877
3.6656
1.24481
0.746486
0.640691
0.966682
1.93219
2.70997
3.18637
1.1253
3.09523
0.38254
1.3948
1.83338
2.12309
1.07229
3.019
0.419988
3.23832
1.97922
0.499097
2.48141
2.32874
2.0477
2.18446
0.818836
0.717806
1.43875
2.51723
2.24524
1.44782
2.83967
1.06709
0.24966
2.04112
1.54849
1.36148
2.60959
1.85039
0.945311
0.49219
2.00638
0.266582
1.18991
0.379634
3.19478
1.39722
1.39545
1.82913
2.63909
0.965376
2.20617
1.76381
2.86683
2.10795
1.38491
1.36675
1.68107
1.48086
2.00985
2.46322
3.36571
3.58452
1.4033
2.20504
3.30577
3.29574
1.57161
1.12419
2.57615
1.84929
1.00933
1.44346
2.19293
1.46024
2.03055
3.81306
3.02899
1.92464
2.25927
1.12119
0.465117
1.34988
0.865857
2.98412
0.576439
3.31188
2.68194
3.45218
1.16952
2.0685
0.650231
0.965208
1.95636
1.95022
3.34151
1.60311
0.809968
2.5845
2.13208
1.95909
1.14928
1.3103
3.06163
0.959916
0.517786
2.22562
2.65241
2.5163
0.942114
3.27532
3.41758
1.18866
1.33951
1.99864
0.576821
2.40415
3.18007
0.809033
2.88784
0.883908
0.891132
3.28964
1.81208
3.19488
2.94689
3.0343
3.2023
3.61583
1.34008
2.35513
3.80017
0.654687
2.52288
2.89838
3.69574
2.15072
3.08234
3.28555
3.47012
2.16586
0.411055
2.26851
2.80838
2.83337
1.40069
2.31604
3.59484
3.50375
1.86874
2.65306
1.92936
2.47629
3.11755
3.53586
1.94943
0.782469
2.78851
0.985508
2.09207
1.43874
2.59753
2.21463
2.33662
4.34742
3.08701
2.00403
2.22629
0.77934
1.35852
2.13177
0.638865
4.50119
2.95355
1.46394
3.9858
1.40419
3.59759
1.83286
2.31072
0.398863
2.28551
2.02097
0.541152
2.84648
2.86545
0.58573
3.08106
1.67622
1.75543
2.53264
2.70693
0.910933
1.93395
0.671108
3.50827
2.11138
0.265054
1.19335
2.55293
2.14971
2.78807
1.8225
2.95989
2.09425
3.44686
1.6466
3.74076
0.436514
2.41433
2.07526
2.23936
1.46659
2.23934
1.80478
1.21418
2.21886
1.70379
1.28795
2.86586
2.61939
1.22717
2.00469
3.11986
2.06606
2.58409
1.88455
1.63776
1.25185
2.59926
1.89587
2.81922
1.80509
1.35161
2.04795
2.81277
2.51905
1.94466
0.663614
2.18214
2.21903
3.38706
1.87417
1.32975
3.61422
1.31679
0.145521
0.842996
2.24565
1.8283
1.38668
1.35492
0.770503
3.45894
3.68593
1.38762
2.87561
3.41035
1.16297
-0.529744
1.70218
3.88998
0.872504
0.952582
0.980571
2.59652
1.89443
0.829263
2.51139
1.8476
1.09548
3.91566
1.11472
2.97877
3.5126
2.23533
3.47402
0.933143
1.92296
1.63063
1.7755
0.801669
2.17071
1.74917
2.29305
3.14167
2.38752
2.65385
0.707904
1.74124
1.61882
3.41802
0.301584
1.01768
1.32966
3.66813
2.12387
3.74666
1.57891
3.45494
1.15199
0.703527
1.27902
1.13725
0.624963
2.39707
2.64082
2.01049
1.7873
2.06953
1.63831
2.61491
2.28983
2.01317
1.99918
2.45617
3.54849
2.88316
4.24345
2.75603
2.84365
3.68774
3.13885
3.39598
2.04226
2.50274
2.58552
1.37025
1.85701
3.73385
1.41267
4.32508
2.24213
2.16218
1.70742
1.42408
1.24839
1.77818
1.26801
3.43991
0.908309
3.54955
3.04147
2.86481
2.64004
0.846839
1.10498
4.08406
2.93521
2.75338
0.729053
1.61983
3.51382
4.15651
2.5486
3.64566
2.00113
1.30408
3.2825
3.28942
1.28156
2.04595
2.95761
3.46134
2.54871
3.3506
1.86162
3.74956
4.44053
0.874504
2.48098
2.8726
1.26959
3.68046
4.1316
4.32069
3.63758
3.01416
2.85621
1.08856
3.57506
2.96181
3.07224
3.00951
1.8281
1.47887
3.85288
4.1827
4.71237
2.76015
3.2248
1.8037
3.00497
2.57007
0.645418
3.99301
1.99143
2.5744
4.01739
2.82078
2.40586
0.878307
1.34036
1.73543
2.78663
1.11766
2.4957
2.18423
3.16298
3.69866
2.0033
1.99004
2.07268
1.66619
3.49017
3.74987
4.1937
2.24099
3.167
3.2087
2.84008
2.87385
4.84329
1.95247
3.38125
3.23813
3.06812
3.89275
0.617436
1.31835
2.33024
4.05567
2.9943
2.59242
2.17776
3.42106
2.47837
2.1784
2.80416
2.96919
2.04687
2.16372
4.71532
2.51263
3.81826
2.49206
2.15115
1.28382
2.1881
1.78667
2.91137
3.46339
3.15345
2.92904
1.81099
3.50021
3.38941
2.70457
3.53024
0.935589
1.60531
3.10512
3.14991
1.62877
2.52767
1.38425
3.79145
2.27477
2.91891
2.58992
1.59211
3.96806
2.77133
2.96598
4.74827
1.20446
3.06217
3.0369
3.2344
0.601009
3.06259
2.40184
3.65361
2.89953
1.89759
4.7366
3.74474
4.3041
2.26353
3.99858
1.98989
2.24819
1.99591
1.46676
3.53979
2.66939
1.68962
2.64164
4.53959
3.25857
2.70782
4.20545
3.15473
2.26517
2.9305
2.43319
1.52763
1.82315
3.24815
3.41184
1.89063
2.27665
3.41949
3.02551
3.77025
2.17071
3.50509
2.57473
2.96744
1.48452
4.7316
2.35113
3.63766
3.41325
2.05428
3.72686
3.98834
0.782893
4.30537
4.42774
3.07846
1.52539
3.53235
2.76946
4.00218
1.51516
1.71208
4.00275
2.73975
2.057
3.2242
1.72573
2.46099
3.86061
2.58522
3.21665
1.07353
4.12402
2.47138
3.06706
1.7507
3.58371
3.67441
2.45318
0.720041
3.72059
2.54477
2.50122
4.12757
2.19944
3.56775
1.63508
2.68776
2.39228
1.51568
1.7864
3.68731
1.82847
1.60479
0.922928
2.22492
2.9427
2.35588
4.87284
5.1829
4.06878
2.25983
4.56389
3.53896
2.87427
2.52526
2.58661
4.25689
1.86947
4.67148
3.54206
4.71085
2.20636
2.15103
2.27179
1.48281
2.37642
0.782877
3.76939
1.07683
3.08986
3.90902
3.50552
1.80361
3.44035
2.06598
3.86947
1.65785
