3.4834627
1.4775585
4.3037669
3.1831045
1.802988
4.8468044
3.0007242
4.366326
4.1431194
3.9940754
3.6306457
3.829125
3.2550161
3.4587917
4.1410635
3.7032251
4.020377
3.8554162
0.95494913
2.9390129
3.0289097
4.4642248
4.2643092
4.4362519
3.6078037
4.5031218
4.1170765
3.416255
3.1015884
3.7824071
4.3319301
3.4564156
3.9545805
2.81652
3.7284245
4.5654939
3.5586435
3.7020507
3.7599133
4.3532755
3.259915
4.8060896
4.0053563
3.0481819
4.3370996
2.4218772
2.66295
4.254818
3.1757656
3.9286691
1.9138743
4.1837616
4.5819313
3.5783887
4.0559188
3.6823408
3.5712302
3.9358537
3.9784156
2.5880019
4.8114049
4.1565326
2.7931247
4.3640031
4.2646757
3.5256171
3.8876243
3.1699579
2.2701983
2.6033139
4.2079096
3.9293605
0.99224052
3.5556288
2.4159399
3.1381278
3.0807635
3.5419547
4.0421683
4.0541533
3.9314272
4.1381635
4.7055814
2.6799885
4.7640834
4.030362
4.130572
3.8800998
3.6140686
3.4081119
2.9554807
4.3659995
2.8395745
2.4045183
3.435128
4.1533533
2.8868301
4.1431072
3.3446205
2.620827
3.1020873
3.60801
4.3809978
2.7481671
4.2491169
4.6803909
3.9436994
3.4884261
4.0141056
3.7627725
3.1017342
3.0713754
3.0032259
3.9491348
4.025075
1.000309
3.1829347
2.8887067
3.3647041
4.1705002
4.2417413
3.0741775
3.8750072
4.2214846
3.4134123
3.9333754
4.9228907
3.7092345
4.696122
2.7065565
4.1056916
4.2008043
2.3696692
3.5484967
3.3372085
3.7624068
4.4048562
3.0949693
2.7720688
4.036695
2.8701472
3.1069645
4.1440038
3.4775998
4.7658053
4.2466111
3.8469038
4.4562321
3.2492689
4.1366447
3.1184763
4.3351466
3.5573103
4.2077062
3.1648306
3.9463612
4.4222799
3.8281333
4.7280745
3.1956678
4.2445859
2.9328742
4.4385995
4.7072799
3.6704415
3.8426842
3.196275
4.2056876
4.3070737
2.3785309
4.0719724
3.8802411
4.6912089
3.5309962
4.0744174
0.35330848
3.5304309
3.4998379
4.3484682
0.70536487
3.8804215
3.547168
3.5585826
3.5948579
3.6949644
3.2105922
4.2869693
4.692138
3.9715865
3.9937242
3.9559225
4.6367121
3.6966608
3.8598692
2.6121596
2.8807107
3.6513059
4.1986241
3.1055791
2.9951607
4.1753506
3.4889391
3.2987527
3.4521925
4.1470617
3.7495168
4.0894214
3.8402701
3.3548711
2.6217697
3.9979407
3.1438114
3.0277194
3.9191289
3.4607611
3.9621246
3.3319996
3.7665385
2.9005099
1.2833519
3.4366522
4.3001157
4.0008195
3.6673982
3.6622278
1.7994421
3.4661412
4.3382705
3.4247309
3.5977761
4.586379
3.065356
3.5182316
3.2309032
0.9282936
4.2428839
4.3206323
3.1228224
3.4172809
3.107744
4.428908
4.0329251
3.0780758
1.9732203
3.4756824
3.6672356
3.5655186
3.9421047
4.0077991
4.8588953
3.2488143
3.1582203
2.0092399
3.8880851
4.346649
3.4118633
4.3168433
2.4945128
1.8985379
4.5578957
3.8136205
2.8891646
2.9624318
3.8432601
3.764523
4.3566866
4.4229636
1.9508447
3.7845925
2.9743258
3.4803627
4.6429851
4.6546072
4.1818332
3.7511163
4.2259697
4.0705426
4.6275909
4.0950148
3.8357098
4.4369417
3.2967491
2.8307214
2.4193721
3.9205618
3.758401
4.6916235
3.9404416
4.0767863
3.5454204
2.7446063
2.8007038
4.8272522
3.780834
4.5013063
4.5751182
4.6456584
3.8823508
4.1940967
4.1879498
4.6256248
3.4748591
3.4109288
3.6525373
3.2914107
3.5391087
2.4600666
3.8108351
4.2819686
4.6182904
3.2702551
3.175214
3.2306691
4.5686435
3.8002103
2.4703927
2.090358
3.3959591
2.6384328
3.5184827
4.1559395
3.0888641
4.6836351
3.9418272
3.4342485
2.6878891
3.4790952
3.591661
4.8514421
4.5880428
4.4498534
3.7949753
3.6323051
4.3525525
2.9363772
3.7760814
4.6620172
4.3713404
3.6280914
2.2817937
3.484074
2.4341969
3.808049
4.1792498
4.0784671
4.1811679
4.4900394
4.3572497
4.2291341
3.8314953
3.5413073
3.6790286
4.1918101
3.458272
4.1693969
3.4455519
3.3079909
4.5648538
3.5877229
3.9366879
3.0236664
3.38512
2.9128168
2.6065047
4.4091152
4.0996236
4.0408023
3.5926528
0.53683704
3.1430329
3.1231814
4.0294668
3.2059798
3.874563
2.4116239
2.4966726
4.4367628
4.3897284
4.392387
3.4832692
3.4428906
3.4362069
4.1480533
4.0432395
3.3719433
3.8385909
3.3787218
4.1268603
2.9943585
4.2821443
3.7156745
3.1922586
4.0222547
3.2459591
3.5574728
4.6118792
3.5707333
3.5096913
1.3370847
3.1988263
1.1253646
3.2525318
4.0944626
3.8571445
4.2263552
3.9685512
3.3633581
3.6293783
2.2177167
3.7566446
1.764268
3.5980586
4.1896564
3.6928872
4.3732002
3.7127277
4.0341158
3.0811828
4.1038458
4.7876907
3.1579837
2.7048531
4.4947642
3.8742089
4.117658
3.0041531
3.2429929
4.3694915
4.2254656
3.8231239
3.5910491
3.3276611
2.6394917
3.7041732
3.684301
4.0963121
3.8006953
4.4203833
4.3237614
1.276753
3.9237206
3.4045908
2.6000624
4.0135439
1.969911
4.2508741
3.9890745
4.493633
2.9840297
3.0898374
4.1502261
4.3920836
1.7744439
3.5406589
4.7096289
3.6328468
3.5770004
3.3044812
2.652478
3.7458405
4.2199426
4.4593093
3.2827046
2.2578411
3.2321036
3.841248
2.2391391
2.517854
4.2127384
3.4545748
1.3234707
3.1763771
4.4713525
4.2020106
4.366911
4.5073793
3.5364692
3.4945062
3.8465129
2.0991889
1.8702322
4.7042229
4.2875222
2.4118626
3.3750703
3.4741224
4.5381507
4.3011947
4.0313783
4.3641827
3.906609
3.5034962
3.4403588
4.5971134
2.5186701
3.1741104
1.4825898
1.0755819
3.3368077
3.943216
2.4284942
3.9381787
1.8734115
2.8446422
4.1040717
4.5655249
3.5724167
4.5267534
3.2807474
3.785232
1.961567
4.1890467
3.9525881
4.5465595
1.7848934
3.9707466
4.2014769
4.0654032
3.047101
4.0349689
3.6554425
4.5705231
4.4175665
3.7860152
3.7038018
3.1344794
2.3705908
4.5407509
4.4477712
3.5868393
1.8000749
3.4460984
3.1365861
3.746222
2.3154668
2.7056357
4.5280469
4.2002396
1.1923572
3.8520752
3.6403199
2.1493269
4.8423879
4.0977838
4.1474641
4.4391988
3.0734165
3.4348845
3.7819791
3.7710747
2.0285578
3.9546813
4.1213277
4.3548506
3.7703225
3.68212
0.96506331
3.385134
4.4714384
3.0006562
2.9481314
4.0204617
4.4595128
3.8106926
4.3909366
4.1713259
3.6605786
4.0635155
4.1539469
3.6856667
3.7079785
4.1530708
3.8757145
3.8959999
2.9650879
4.0392758
3.8508644
4.07137
4.2308977
3.8260557
3.7129571
4.8619397
3.4478864
3.6939791
3.7295627
3.9323791
2.8990606
2.5865045
2.2573446
4.1027295
2.7603157
2.7527659
4.1425306
4.6419531
4.1081952
4.1792786
4.3350857
4.3287713
3.7013786
4.1227007
4.2580629
3.7932734
4.7250393
2.0727334
3.1574572
2.6622472
4.0554916
3.6339248
4.4424377
4.0480647
3.9597319
3.6242288
4.1713354
3.5518336
4.6347594
3.1503636
3.9404674
2.9591841
2.8967783
3.8680827
2.580619
3.5050089
3.6049858
3.2682583
3.0978083
2.8868658
4.0665933
3.3144778
4.6360396
3.5526834
3.6659201
3.030497
3.3657868
3.461172
3.1552222
3.8432306
2.1379924
3.7019232
3.4654259
3.8129223
2.2600681
3.6187543
3.752885
4.505348
3.8304504
3.9769522
3.1191657
4.3381756
3.7328065
3.5563681
3.0730129
2.9510276
3.2373168
3.5148891
4.1967506
1.1579652
3.661198
3.2961593
2.2017397
3.409853
3.8832957
2.2306504
4.2137145
2.015061
2.2587981
4.5157818
4.2833588
3.0292223
4.5881487
4.2578348
3.9427516
4.3269056
3.2056603
3.6023908
3.7357137
2.7579591
2.9054431
2.3294249
2.2932111
4.3512514
4.1989919
3.6048587
2.9352009
2.3419405
3.6173961
3.6791187
3.6443844
3.3836798
4.0557273
4.5218358
0.81015952
3.5773005
3.8054188
3.4694526
3.7261704
3.8685074
3.1081764
3.0069858
4.4373137
3.491308
3.0992522
2.8995074
3.5017279
2.7048999
4.0587572
4.4581831
2.9990902
3.7394561
3.282534
3.5605866
2.6963467
3.53519
2.8901571
4.1457137
2.8998968
3.4350599
3.9590554
3.7625941
4.4178353
3.1333441
4.2609449
3.810434
4.0821684
3.2563946
3.6106956
1.9442104
4.5715648
4.4027415
2.6920557
3.3130212
1.4814152
3.3554105
3.0080484
3.4663187
1.0429634
4.578612
3.6569393
3.324635
2.6607326
2.610347
1.9616598
3.8913493
3.3693684
3.563654
4.4087181
3.0174308
3.1665871
1.7547979
2.5803316
3.5117981
