2.6887588614
1.4117575395
2.0575373482
0.5337827902
1.5951650876
4.3688921083
3.2689080790
0.4967422040
1.3041943649
4.6923752167
1.4689073142
0.5510355660
0.9034026206
2.0686222652
2.2431884000
2.5878134549
0.0300739879
4.7132958443
0.4798069413
4.1684286638
1.7180194278
0.3947042280
0.6715329389
1.5357180300
4.3777802175
0.2010508886
2.5858804449
2.9570050498
2.3377706456
3.0623241871
4.1818756677
3.6519239109
0.0371365971
3.0400158426
1.1934207893
4.9526853823
1.2899374297
2.7931395240
4.1329768774
3.7729213894
4.7934667003
3.6251947700
0.7690367428
3.2645783834
0.8805269707
3.3999192257
1.0849639699
4.2644251055
2.2063041452
2.9981517079
2.7893391957
1.7696683541
2.7958116590
2.0662726841
0.0887056011
3.9361262031
2.4789833829
1.5990051869
0.3878940580
2.6157121096
1.9193004161
0.5044807988
0.1019110204
2.0990807845
1.0508800613
3.1441599421
3.8632906122
3.8137479207
0.0213992741
4.9293261110
4.1220730154
2.2605161584
2.5778588237
2.2224576984
0.7600257611
1.4174393638
1.0034323440
4.9469515088
1.6898494327
4.3697816878
2.1315254677
0.6916867291
4.0630061735
4.6585472900
3.9333583793
0.5251598590
1.2612048070
4.1043663570
1.6441694488
0.8528976950
0.1568218900
3.9361434412
4.1974322021
4.1851997298
1.5726101957
2.4163504889
2.8538217796
2.6817310896
4.5925465184
0.7417495497
1.7102243209
2.4349651841
3.5308258751
3.4473543579
3.2626424340
3.1039694219
3.3776707064
0.4434060711
3.2748261341
1.2496704334
2.3472681218
3.9639917536
3.9118904322
2.4167850864
0.4588771445
3.3487450149
3.8657321736
0.0984429573
3.6066878594
2.6660318651
2.0980188410
1.4776626788
3.3027169128
1.6204616477
3.8188049054
2.6139115022
1.7108655183
3.0759181682
3.5069759889
3.2097323305
2.9958485495
4.4271501558
0.6558916690
4.5067481912
4.6702530163
4.2309883087
1.6275832580
3.3052584455
3.0843527795
1.1782886692
0.5460773962
0.7382567821
0.5299703304
4.0686842879
2.7198988760
2.7482860383
2.4507374066
2.8142293587
0.2112208155
4.2814819304
2.8112906928
1.2202375719
2.0607661937
3.9229546822
1.8875984317
3.9003696323
0.4203359104
3.0249471222
0.2257250079
1.9097590534
1.6662839986
2.6257478890
1.6685050259
3.7092507683
2.0855444590
4.5030117542
4.5760426474
4.7933591119
1.1997254749
0.2579535571
3.3395275469
2.5651506352
0.3717395514
0.1729706542
0.1970423443
2.8668683286
2.3134714834
3.8388689333
3.1589293504
0.4728074626
1.1627640356
1.9014021434
3.5086134696
3.0209247248
2.2448128989
1.2507913489
2.0978947123
3.4552319366
2.6888219139
3.1709035585
2.2546045376
0.4286387063
0.0880158020
0.3035938026
3.0817667370
4.0851352094
3.1130047655
1.2732359600
0.7832423461
1.7137422062
3.7988323891
2.7896922747
0.1991206926
1.4103207222
2.3992293422
4.4160325699
0.2883217254
2.7660738350
2.6526795220
3.6894694693
1.9350997736
1.8454580550
3.8395465383
4.2376082904
1.2751124256
4.1464471553
3.5739959049
1.0827274951
1.0957918576
1.6309773282
2.2056960053
4.6980404710
4.6409062414
4.2543945138
0.4818279375
4.1234998071
2.9820273801
3.1443929948
1.6079447398
2.6945739017
2.6673540301
2.8199741741
3.5554833550
4.6435605432
0.5438300202
1.6901861719
1.7936620377
4.0355358236
1.9102188449
4.8247738076
0.1141308288
2.5642272034
0.7008534456
1.3914449764
1.7987472699
0.5993295610
1.4418979655
2.6574387109
0.6255127653
1.3165604314
4.7494889347
3.4597826389
4.5769409969
0.6037081893
2.1530431732
2.1654984319
2.2114776001
1.8968224712
2.7939302501
2.4296234841
0.4752140023
3.9154124692
0.8518351778
1.2779607985
2.9018269502
3.0170636822
2.4363337048
0.9087671780
1.1978428880
3.2413900872
1.7129446664
3.0420876566
2.8030120471
0.0499643122
0.5403129217
1.0192119555
4.2074449357
4.8601960561
2.2229390089
3.2429619366
3.2945029378
2.1125665356
3.7423593521
0.9805378524
0.3481590034
4.2758069410
1.1448702147
1.2559009799
2.3431930026
4.6852895812
3.5273811788
3.2227212809
4.8443232855
2.8059643907
2.1820062988
1.4194663694
3.0349903996
4.6206285827
0.1074047948
1.0060725987
3.7274148301
0.6532962637
3.9591447790
1.0107658214
3.4627871120
0.2601956007
1.0465846077
3.7730586338
4.1746797682
0.4498464538
4.6596735860
4.8549380068
4.1812853330
1.6492690743
0.5610184863
2.3600924421
3.2047972726
2.6142773306
3.1575212334
0.7071564846
4.5416999869
4.5147757762
3.6884677247
3.7569428837
4.6690843262
0.1158915236
2.7653646551
3.8081842409
1.3531452491
1.7556371552
1.0709319641
1.3172369196
4.5011624426
0.4007525909
3.7839396808
3.4334556397
2.4825519877
2.6836697628
4.9221310743
0.1955978415
3.7436715443
1.3025669257
1.8820256829
3.8308579066
4.2012521131
3.1487372754
4.8622975589
4.3152829593
2.9575302651
0.7346220674
0.9626524910
1.6738295745
4.3139048855
3.9836094323
3.6942846119
0.3547545858
0.2374060080
1.8389593952
1.5783042312
2.0440886371
3.3642292896
0.9119910260
2.8678465139
1.0824384671
3.2064721506
1.0550919947
4.1463713118
0.0022484666
3.5020456527
1.1774418908
0.3330496217
4.8659941226
3.0441938527
1.2629613028
0.1858283379
0.0047748637
3.9174187409
0.6714166509
4.7191237637
0.3357418707
0.8127979844
0.7534589448
4.5470923018
0.7821829236
3.1002336326
0.2654107978
4.2916654200
4.9914616259
3.0912467544
1.2847229939
2.1392419553
3.8060677097
1.5673247305
1.3852074851
1.9389556246
4.0075988704
0.1999486812
4.8935506927
3.9722558372
4.1415080437
4.1143173373
3.6044772351
3.5172570938
0.6139835108
1.1051046120
4.4486524913
4.4266529867
3.3065780299
3.0956302787
1.1804905682
1.2453066435
2.2074876467
4.4285005572
2.1561050682
4.5388969403
4.7421462458
3.7136271256
1.0064613776
1.4798205236
1.7846185886
4.8567231708
3.3572438106
4.7481501697
3.6328378437
3.8066926240
1.4130466834
2.1266818580
2.3758637753
3.6431877681
4.9953680478
4.9884426809
4.1139801185
4.1660500090
4.6157862139
4.1465809428
2.9096745541
0.8270328377
4.0700151392
0.2300450584
3.3495474129
0.9824239369
0.3757730732
4.0992307168
2.3372960989
0.2548490634
1.2461923337
0.5748128003
3.5725665393
4.6261928365
4.6176045683
0.4368812813
4.9092210545
1.4843749374
3.5408381289
1.7924953517
4.9421392145
3.5984635386
4.3316700797
0.3057089090
