0.5170416091
3.5283519577
2.8465871806
4.8003877215
1.7933394825
0.5814833123
0.0926353312
0.3994690827
2.6286300574
0.6621435241
4.4274302061
0.0104302680
4.5441555175
2.9253272856
2.2104984805
4.2882358287
4.5496222143
1.1509338283
0.8351075897
4.4848866369
2.0683684297
3.6844017441
2.8843376310
4.8955161682
1.1873432548
0.9844760774
0.7525270355
1.2807388203
1.7219309260
1.6013968452
0.1736129387
1.8308508978
3.2488973008
1.4111975832
3.6387235125
3.6320047056
2.5895658739
2.3270852663
1.0192456442
1.0229925771
4.9785388954
3.7050468064
2.0113388087
2.0346109468
2.9802788160
0.5440251176
3.9719713649
2.8256700676
4.9066955162
1.9654872592
4.7791203503
4.6676429805
1.2242096351
3.5353512428
4.9895267377
1.2839031872
0.0398708651
3.7835545253
0.5216865983
0.8728044599
0.9349163863
4.8816688213
3.6105612583
4.7929536659
4.0231977310
2.2836504713
2.8804079022
0.9734886977
2.3943483753
3.2239460021
1.0953927268
2.6446938928
1.9411982891
3.1337565315
1.7721032475
1.9306850146
1.7421796280
1.1914351094
2.1872012675
1.3751202647
3.5873487591
1.6060057668
3.9663549009
2.2050132095
4.2068379530
3.6610347742
2.9919834586
4.4019332526
3.2293344095
2.6650612037
4.6775945169
0.7224996755
1.7024788680
2.4881381569
4.1015646664
3.1725516195
2.1244199567
1.3635057796
3.2147158326
4.0262789984
3.7343177181
1.7288952408
0.4911942423
2.9306235328
0.2981494687
1.5314570255
0.4038206408
2.5372251913
3.7041473787
3.1599499861
2.9117248028
1.2530426281
1.3896289507
2.8618774359
3.4538062926
1.3435870238
0.3885329993
1.5940959488
4.4661033777
2.7096723941
3.6879338448
0.0135592849
0.1698545444
3.0930222260
1.5740893044
3.0889267805
0.8108787690
3.3544275590
1.8367227458
2.2805204600
3.9364831263
0.3699956506
3.5774100323
1.6504408367
2.9556560316
4.2690564740
2.0679276925
3.7095556997
3.6896729707
2.4073267971
1.6516331543
1.4446919365
2.9469055454
4.0499137992
4.2404304598
1.2869454314
4.1766856046
1.1027424094
2.0872895792
1.8479611246
4.8172607110
0.9532081126
1.4059233366
2.9608322188
1.1625367676
4.0896101711
2.1519971111
1.8895571043
1.0574148670
1.3956543716
2.1016919391
2.8175326427
3.8836938852
3.0455998395
3.8817254899
3.7712358178
3.5249545846
2.6451564740
2.0788466706
2.6880602485
2.9724165851
3.5138384655
2.1357724072
2.1833624662
2.1429430622
3.8300904720
0.7145685019
2.8253930079
1.2792610087
3.2581966636
1.2582544543
2.0803220727
4.9607939020
0.8459543115
2.9282238081
4.0635265556
2.5066202331
4.5776632086
3.1508310162
2.4263175036
4.1509521145
2.3445952755
0.0237420611
0.0461122716
3.3327746798
2.0643355439
2.5545431965
2.1775766773
4.2971257601
0.7539216277
2.5144392390
0.6954870957
3.7537779490
1.0053741056
2.8630639113
2.4281235018
1.8932881966
4.1949502623
4.6515088758
2.0821597695
2.6996050838
3.0013386712
2.8453193602
0.2136498936
3.3173974677
2.2382374787
4.0736917389
3.2503260176
1.5913418253
4.4016452623
1.2423561404
4.9416590443
2.6697559272
0.6731853136
0.7231741815
2.3567429887
2.3977949886
4.8424524356
2.3214923349
2.7959329144
0.7731597571
2.8514111737
1.9315542831
2.6883010928
3.9227556475
2.5131061155
1.1202049667
2.7495097437
2.3204646008
2.7093138265
0.3697539499
3.7378891798
0.5082483807
4.7743424291
2.2928702745
0.0127401830
4.6249200941
2.2751641179
3.3770442138
3.5386568218
1.0744513926
2.4047683204
1.1853873270
3.8416234624
3.6796026400
4.3224940983
1.0368900265
0.8835352689
3.4335738878
3.0617100305
0.0058795567
1.6365078256
1.2645023352
3.8442535512
1.2511099118
4.8898864654
4.1128286368
4.5083398452
0.7340828550
0.1723722702
0.6532965198
0.1911482312
2.9788848985
4.6084073213
2.5007392357
0.7810618220
4.7176929339
2.6192894480
3.0665689822
0.0427694304
3.7534402217
3.0209242520
4.9913731246
4.7494575227
1.7408587221
1.7353023916
2.3942104157
4.8615698052
4.5667623401
2.8234708050
4.9426929906
3.4556630884
3.7181726256
0.2438305451
1.8669622853
0.1174357066
4.2215028812
0.8490490110
2.6880707466
3.2108693089
0.0669225443
3.9438533905
3.2955428238
2.3645515721
1.2892601882
3.8487329056
1.5441098361
4.6737066477
3.2410346020
1.5435027732
2.2155204431
4.2024472468
4.8857182044
0.6202804812
0.7432731791
4.0385974989
3.8720496048
2.5563278428
0.7770764033
1.2595644173
0.5756614956
4.1501781420
4.4864156365
0.0217282641
0.4556403095
0.8543793365
4.5010251506
4.6003736501
4.8546742687
2.5180495461
2.8581714321
2.5481141489
3.5465906444
1.6333927486
4.0859372923
1.3760188431
0.8193703142
3.8016185327
0.1772485337
2.9152998927
3.9808220870
3.6127327363
4.2959367445
1.1136612085
3.8342898556
3.1159236437
4.4640335590
1.7375599565
3.7299664669
1.2663939315
3.5847201458
4.7711402193
4.2311383565
4.2222395625
3.0995123310
0.1590320070
1.6121485236
3.7612361335
0.5185731969
3.5712642622
4.3348313961
3.8501686034
4.4223627756
1.6650378474
4.2320556118
3.0647646767
1.2496351465
4.6739890555
4.4008487865
3.9906232010
2.9651784101
1.3179162574
0.2040360088
3.3771495746
1.2603892057
0.9449371994
1.3696901691
0.9379281575
2.2661322393
1.3970125186
2.9238813432
2.6408098573
4.3513332384
2.4351575415
0.6967633885
4.7860292209
3.7089924350
2.2320397123
3.8981127225
4.3857723308
2.3760116336
2.6997183507
4.8998260043
4.4168023792
2.6422527388
4.4848471901
4.9140042047
4.5801467987
0.5410658329
3.7516736074
2.8811393664
0.7577160673
4.1072420902
4.2567019314
3.1392413173
3.4724426006
0.1836875439
4.2731370277
1.5277837386
0.2316062964
4.8654295439
0.1765088117
3.5770263916
1.6360841318
3.8148352373
1.6866437540
0.5711220203
0.8730825284
1.0567421042
2.0599661206
3.1706065427
2.5563658253
0.8738010844
4.8276749568
3.1951886767
0.5440899306
1.7435646649
3.8204729789
0.2506141882
1.1362198837
2.0781920565
0.2531659022
3.4238195529
0.0454114561
2.7991928078
4.0596756192
1.9492740593
3.4395528683
0.4731154692
1.6710133570
1.8876273057
3.6914010125
3.0848607729
1.1688598038
0.6674447231
2.8395400575
3.2843358171
3.5820435113
4.1744662549
1.0919967879
0.6260684785
0.8319669689
3.6736266958
1.4941493071
0.4623963076
1.9885969124
0.6008195130
1.4690716226
0.5467830299
2.5368319948
2.4384832893
3.7322989496
3.3681750639
1.9428322184
2.9065803186
0.8234351196
3.8491917190
3.0733108153
0.3640843965
4.5014370891
0.3950725310
3.7830458889
2.0719885590
2.6643100082
1.7370350791
4.0252863921
4.1539974821
1.5009624560
0.4490031796
2.1377502456
2.1830225313
4.8148630785
4.0721501216
1.9481118908
0.1885141105
4.0057898005
0.1145911673
4.1649476462
3.0303350530
3.0153788257
2.7267054451
4.2638702107
2.9187144021
4.6704956163
1.0244461766
1.0379838283
3.9168620966
1.6599217476
1.0477114673
0.9038993298
2.4737358728
2.7968627980
0.4181222133
4.3895587936
2.9705211832
3.0228410588
4.3857405951
1.3813532408
3.3875271760
3.6462756466
0.1283387118
2.2819189117
0.1109558356
3.7582293905
3.6563937104
4.2861385666
0.5945313255
3.3832994549
2.2642698541
2.2839492406
2.7030714507
1.2884548629
4.2009009090
1.1603872545
2.6181570426
3.1479117099
3.6751845741
2.4048303676
0.8451470163
2.9371437270
0.7913459978
4.3346960637
0.1815609321
3.5712347692
0.8724462806
3.9591193922
4.1855961575
2.3074985845
1.4863558107
3.5836838696
1.3071772558
2.7732526752
2.4638578941
3.9195599807
4.1399900624
0.4585950098
3.1846969742
4.3939881241
1.3395961318
1.5108775860
2.3115643551
2.9516217383
4.3887438980
3.8903072071
0.1470743090
1.2286421215
3.2258050541
3.6808641153
3.5632013271
4.1177144539
3.5759073903
2.2117711516
3.4605266217
2.4188450341
4.8174726859
3.8244526826
1.4257053735
1.1892180881
2.2007893047
0.6388014726
4.4051671991
4.2174569908
0.9218679459
0.6292557921
1.0521774583
4.6109146842
0.7966846260
1.1424361531
2.9496178847
0.1081217889
3.3211714656
1.6787839668
1.1944181757
2.4251036988
3.6247622982
1.1537909284
4.1493371736
2.6797401382
2.0043505621
4.8611408805
4.3372296808
2.8816275565
1.2762104500
0.2196630821
0.0511443307
4.2480866500
0.4114329307
0.9158000394
4.8753058542
0.0352295488
1.7720250900
2.8988321502
2.8175930945
3.9346840975
1.5769283242
4.5710081810
3.5195087963
3.3631115087
2.9773673218
0.4907628527
1.1764500950
3.0976187846
0.6773115505
3.6042433684
3.5265563093
2.3232540053
4.4062031904
4.8964233910
1.9733846743
2.8498011741
2.6368941795
0.9442885698
2.5346215882
1.8180071149
3.7819793327
0.0251900558
1.5600783616
1.8972462373
1.1270764155
4.6258643284
2.7570729027
4.7276551372
3.0413766696
4.6823169058
2.9853138185
0.0832683017
2.5058846523
4.0063969377
2.0375576178
3.0351039394
4.8207234378
0.7982070906
4.4732046291
2.8340554834
4.9878642906
3.1593813512
3.8018614586
4.5755349213
3.8484379229
2.1937302012
2.4705788772
4.1669091054
4.6088114615
3.7699308672
0.2554504929
3.1138149087
3.0819103173
1.8150878460
3.6246310108
1.0445038146
0.3554913598
0.1754884419
0.2703298622
0.2776465939
1.8735221899
4.5172374622
4.4123080576
4.6368444221
1.1674049552
3.4183072979
1.2808298588
3.8558894546
2.9280411157
3.0266421840
4.7844978215
4.4871658064
2.3858299124
4.3061913060
3.1651565061
3.1091763968
1.3224170773
1.6721224038
3.1109382458
4.6688425277
3.6247756108
2.5141184301
1.5280203627
3.0338966759
2.3990463111
0.8368424723
3.9158686982
1.7674451180
3.9691562206
4.7017533417
3.0193838345
0.9708109679
0.9148573360
4.8549737984
2.3797954898
2.9254003216
3.8673998521
4.4704881166
1.3253438397
0.5560097698
1.4311129622
2.2533334197
0.3493455066
3.2462828738
1.0788758581
0.7385327446
4.2493932348
4.7746216256
4.5626111419
4.8213049299
2.6450333920
0.5715867184
0.5609364327
3.7737099928
4.8657809727
1.7966229828
0.3700065857
0.9816064601
4.7858692825
2.0148938771
0.2360327106
4.6909919753
3.0714175265
4.3492967990
3.8752641307
4.3299782221
3.8600856617
0.6666794958
1.1662796357
4.6954485957
2.9887486735
0.6123323315
3.4077939106
0.0136199390
3.1628634583
2.5675619058
1.7810079276
4.7311608414
1.5792472989
2.0092538515
0.2476074363
4.8262162943
3.3947890785
3.3886268505
1.4522555400
4.4827847200
