5
2.75
5
5
1.2475
2.84
2.5
3.6
3.6675
3.12
2.7625
1.195
1.045
4.1675
5
4.235
3.225
4.375
0
1.3325
3.6
3.75
3.28
4.025
4
3.165
5
2.02
3.28
4.1
2.6375
5
4.1675
4.1675
0.895
5
3.595
5
2.64
3.245
3.0875
2.125
4.375
3.75
4
5
0.85
1.045
4
5
3.75
3.64
1.91
3.215
2.6375
4.165
4.1675
5
3.245
3.5825
3.3325
1.16
2.64
3.77
2.6375
0
2.315
5
3.375
5
1.085
4
5
5
4.5
2.745
4.48
4.025
5
2.6375
5
4
5
3.3325
4.5825
2.005
4.165
3.89
4
5
5
2.265
5
4.5825
4.375
3.545
5
2.775
3.975
1.085
2.71
4.48
5
2.64
3.2625
3.0925
5
3.28
4.375
3.1825
3.065
5
4.5825
1.805
5
3.565
4.5
0
3.4375
3.125
2.9725
4.5
2.64
2.06
2.125
4.35
0
2.75
2.64
3.0775
4.36
3.24
4.375
2.5
3.16
2.345
3.75
2.7175
5
3.75
5
4.1675
3.985
2.53
0.6575
3.12
3.75
4.1325
3.2725
3.745
2.8475
4
3.75
3.2525
3.2525
5
4.5825
3.9975
4.1675
4.1675
2.125
5
0
4.36
5
3.75
4.1675
3.645
2.985
2.5
1.9975
3.2275
3.06
4.375
3.98
2.75
3.28
3.77
3.1825
5
3.245
4.5
4
3.375
3.28
3.8275
3.915
4.1675
3.64
5
2.84
4.28
4
3.98
3.245
4
3.16
4.1675
2.5225
3.125
0
2.64
4.27
4.285
5
3.2
4.1675
5
3.64
3.185
3.3325
2.315
5
3.185
3.75
5
5
2.7625
4.5825
2.94
3.2725
5
1.045
4
3.75
3.335
4.48
5
5
3.185
3.89
4.1675
5
5
4.5
4.5
3.3325
2.82
4.35
4.5
4.375
3.75
4.5825
5
2.76
3.375
5
5
2.6375
2.6375
5
0
4.375
3.75
3.6
3.2375
2.315
4.025
3.255
5
5
1.045
4.48
5
1.63
3.595
5
3.75
5
2.475
1.765
4.1675
3.7075
3.155
5
4.36
4.375
4
1.875
3.3325
5
0
2.5
3.9225
1.79
3.625
5
3.98
1.805
5
3.63
0
3.16
3.64
4.1675
3.6675
3.685
4.48
3.815
4.48
4.1675
4.1675
3.1625
3.345
0.95
2.4
4.0575
5
3.205
0
3.2675
4.165
3.24
4.5
4.1675
5
1.085
4.1675
4.36
2.515
3.69
5
2.98
3.4825
2.28
3.1275
0
5
0
3.89
3.225
2.87
4.1675
3.88
3.185
3.66
3.705
2.7775
5
5
4.5
5
5
3.3325
3.125
3.5825
4.1675
2.76
2.125
0
3.6
5
3.6425
3.64
3.375
3.98
2.6375
4.345
4.375
3.635
3.3325
2.5225
5
5
4.025
4
4.1675
5
5
3.89
4.5825
1.84
2.6575
5
5
3.2275
2.88
3.75
1.805
3.2375
4.165
3.75
2.4
3.8675
3.75
1.18
4.375
2.315
4.5825
3.75
2.7675
0
2.205
3.24
3.7675
3.1725
1.0725
2.3
5
