4.375
3.255
2.8025
2.3875
2.6525
3.335
2.53
0
0
0.8175
1.0425
2.92
0.93
1.345
0.87
1.1075
1.18
2.165
1.855
0
3.3325
1.115
2.0675
2.9175
3.6475
0
3.75
3.125
0.74
1.2475
0.7575
3.125
0
0.9975
0.5825
1.07
1.145
1.125
0.77
2.1575
0
0.8375
2.5375
3.125
0
1.82
3.3325
0.68
1.945
0.82
0.845
2.8525
2.2475
5
2.575
3
0.8425
0
5
3
1.1325
0
2.35
1.715
0.5275
0.9925
2.2675
1.19
1.325
2.585
4.09
3.75
3.215
0
1.35
3.13
3.75
2.5125
1.1175
0.73
3.75
2.93
0.9875
1.0175
0
0.8025
1.2075
0.9475
0.9225
3.75
3.75
3.3325
0
0.93
2.33
2.09
2.88
2.61
0.9875
3.555
3.75
2.085
3.12
0.9125
2.685
2.515
2.1525
3.125
1.1825
2.5625
0.695
1.6
0.765
3.785
0
3.125
2.2275
0.7725
2.295
3.125
1.01
3.75
1.1025
0.77
0.7575
3.75
3.3325
1.2625
5
0
2.4075
3.75
1
1.51
0.9575
2.4
0
0.9675
1.85
3.095
3.135
3.75
0.7825
1.23
0.9925
2.485
1.2725
3.3325
2.525
2.46
1.0775
0
0.845
0.865
5
0.92
0
0.8725
1.0075
1.2025
0.9925
1.005
1.22
1.9875
0.945
0
1.7725
0.685
4.045
3.3325
3.3325
2.03
0.73
0.87
0
3.3325
0
0.93
3.75
1.0425
1.845
3.02
0.74
0
0.835
3
0
3.125
0.4825
0.74
0.905
0.8525
2.225
0.975
0
0.9775
1.7975
1.415
2.3425
0.85
2.69
0.5575
1.295
2.5275
1.22
1.0875
2.245
2.43
2.0175
3.75
0
5
3.3325
5
2.275
0.72
3.5
3.125
2.975
1.1975
1.1125
0
0
3.75
2.2
2.62
2.5625
2.5625
0
3.255
0
3.3325
2.6925
2.0075
0.5575
3.5325
1.18
2.365
0.9375
0.765
4.08
1.015
5
2.6175
0.805
3.75
3.065
2.6625
0
1.7425
5
3.005
3.75
5
5
0
2.9175
3.0225
4.375
3.75
3.75
5
0
4.375
4.055
4.1675
3.38
0
0
3.16
2.1
2.7825
4.36
3.75
3.73
5
3.695
3.08
3.75
3.75
3.75
3.005
3.885
3.75
4.375
3.5
2.4225
4.1675
5
3.76
3.5
3.04
3.3325
3.75
3.2925
5
4.1675
2.96
3.3325
4.1675
2.5625
3.3325
3.335
3.3325
4.1675
3.75
2.01
3.75
2.905
3.75
3.75
5
3.985
3.125
3.12
3.205
1.405
0
0.855
4.355
3.3325
0
5
0
3.565
3.0075
0
0
5
3.75
4.1675
5
0.985
3.135
4.375
5
4.1675
5
2.0825
5
3.75
2.94
2.245
5
1.16
5
5
3.75
3.11
3.75
0
5
4.5
1.135
3.75
3.19
3.1775
0
2.715
3.75
5
2.605
2.0525
5
5
2.925
3.75
3.0125
0
0
3.845
5
4.1675
2.9175
0
3.75
3.3325
3.75
4.1675
0
3.75
3.75
4.1675
3.3325
5
3.645
3.125
3.75
3.75
3.04
0
4.1675
3.75
3.805
0.865
3.1875
2.685
0.995
3.3325
5
3.885
5
4.1675
5
4.1675
1.1
1.915
0
3.125
2.21
0
1.0125
3.75
5
0
2.6625
5
3.685
3.75
4.1675
4.1675
4.1475
3.08
3.3325
0
0
1.435
2.5425
2.5125
4.375
2.9175
0
4.1675
1.22
0.84
3.3325
1.145
3.28
3.75
2.465
5
4.1675
4.1675
3.75
3.75
3.3325
3.75
0
2.93
0
0
2.995
3.75
0
3.75
5
3.75
0
3.75
2.185
3.145
3.75
3.625
3.3325
3.335
5
2.1725
5
5
4.375
3.5
3.115
2.555
4.1675
3.485
0.74
4.1025
3.5075
3.0325
5
5
3.255
0.7275
3.075
0
3.5375
3.5275
1.035
3.75
5
5
3.75
3.05
3.3325
3.08
1.8975
1.295
3.75
3.41
4.1675
5
5
4.375
4.1675
0
3.75
5
3.75
5
3.75
3.525
3.3
5
3.75
5
4.375
3.75
3.75
2.5
5
5
5
4.1675
5
4.1675
5
0
5
5
1
4.1675
2.885
0
5
5
5
5
5
0
3.17
4.1675
0
5
3.75
4.1675
4.5
5
5
5
4.1675
0
5
0
3.75
4.5
5
5
4.375
4.5
5
0
4.375
4.3425
3.8225
3.75
3.3325
4.375
5
5
5
3.3325
4.1675
3.645
4.375
4.6875
3.75
5
4.1675
4.6875
5
4.1675
5
4.295
3.75
3.75
5
4.1675
0
0
5
4.1675
4.1675
4.1675
3.7
0
4.1675
5
5
3.75
0
3.75
5
4.1675
4.375
5
4.1675
4.1675
5
4.1675
0
3.75
3.75
5
4.1675
5
3.015
5
5
5
5
5
5
4.1675
4.25
4.5
4.325
3.3325
3.89
4.375
4.5
5
3.75
5
1.085
5
4.375
4.375
5
4.1675
0
1.165
3.75
5
5
4.375
5
5
3.3325
4.7725
5
4.1675
4.1675
4.1675
0
2.94
5
5
5
5
3.255
4.24
4.5
3.125
4.375
0
5
4.1675
4.6425
4.375
4.1675
4.375
3.75
3.685
4.375
3.75
4.1675
5
3.75
4.1675
4.1675
3.75
4.5
5
0
4.6425
3.045
0
5
5
5
3.68
5
5
0
4.1475
5
5
5
4.5825
4.375
4.1675
3.38
4.5
3.75
3.08
5
4.375
4.1675
5
4.1675
5
5
3.75
5
4.1675
5
5
5
4
3.75
5
5
4.44
5
4.05
4.5825
3.9375
5
4.1675
5
3.75
3.9325
3.905
3.75
3.45
5
5
3.75
3.65
0
4.1675
3.75
4.375
4.5
4.5825
3.8725
4.375
3.3325
5
2.7525
