4.03
1.4625
3.095
3.75
1.7375
4.17
1.9975
4
4.005
5
3.8025
4.06
4.205
2.605
4.285
3.895
3.5875
2.8175
1.74
2.9625
2.6675
3.6025
4.375
4.7225
3.55
4.1525
3.5675
2.405
2.96
4.25
3.7175
3.3975
3.02
2.955
4
5
3.495
2.5525
2.7425
3.9375
3.275
4.8225
3.96
2.555
4.25
1.07
3.3175
2.5725
2.6875
3.405
3.1525
4.2575
4.565
3.1375
3.9525
4.375
1.2625
3.25
3.45
2.1825
5
3.6
2.9575
4.5825
3.655
2.9275
3.715
2.69
1.905
3.0775
4.2225
3.4275
1.4625
1.435
3.43
1.64
3.2325
3.69
3.5625
3.305
3.52
4.6425
3.6925
1.645
5
3.89
0
4.1525
3.8825
2.315
2.845
4.1675
3.6925
2.7775
2.7725
4.375
2.9425
3.4375
2.775
2.5
1.8675
3.8175
3.375
3.1825
3.745
4.445
3.375
1.855
3.75
2.7775
2.9675
2.5925
2.7075
3
4.1675
1.4625
3.125
3.21
3.18
3.75
4.175
3.6625
3.3575
3.325
3.125
3.095
4.6425
4.25
4.56
2.6025
3.6375
4.5825
1.665
3.16
3.1275
3.8675
4.375
4
3.4875
2.9625
3.9275
3.6
3.515
3.0675
4.355
2.565
2.365
4.0175
3.205
4
3.5425
4.0475
3.1075
3.63
3.635
3.345
4.6425
3.745
4.25
3.57
3.89
1.8325
4.0975
4.7225
3.6425
3.11
4.375
3.3275
4.75
1.885
4.0875
4.0625
4.47
2.185
3.26
2.49
2.5425
3.02
3.465
1.7125
3.9375
2.045
2.14
3.4425
3.6325
2.8575
4.68
3.3125
2.34
3.88
4.545
4.66
4.5825
3.2025
2.8525
2.495
3.07
3.1675
3.025
2.9175
4.1675
2.945
2.145
3.425
4.0325
4.165
2.425
3.67
3.7875
2.4475
4.16
4.065
3.5
3.2025
2.9575
3.2375
2.93
3.42
3.065
1.4
3.6325
3.5
3.7875
3.11
3.48
2.2275
4.0625
4.6425
3.905
3.4725
4.3825
3.6
3.4025
3.7125
1.505
3.705
2.465
1.69
3.2
2.435
3.8125
3.73
2.875
2.5125
4.09
3.6825
0.4425
4.38
3.845
4.245
3.6675
4.6425
3.75
4.545
3.9275
2.48
4.14
1.095
1.905
4.65
2.4825
3.25
3.56
3.9275
2.5
5
4.445
3.33
2.0575
2.36
3.7875
4.16
4.1675
4.555
3.4
4.1675
3.8475
4.0775
3.445
4.165
3.865
2.7
1.895
2.1875
4.1675
3.5675
4.2925
3.9475
4.375
3.3325
3.215
0
4.2775
2.63
3.735
4.0525
3.5625
4.5
3.555
4.1375
3.9525
3.49
3.4975
3.53
2.0225
2.9175
2.575
3.81
4.09
3.7725
2.5975
2.9175
2.675
4.5
3.4925
2.3825
2.855
3.7625
1.5475
2.25
3.235
2.7225
4.5
3.735
2.92
3.22
2.9575
2.5
3.98
3.92
4.2
4.0625
4.145
3.4375
3.59
4.375
4.5
3.505
3.4025
3.135
4
4.375
4.1675
4.445
4.04
4.305
4.6425
3.7
2.9825
3.27
0
3.215
3.34
2.62
4.5
3.785
3.32
3.8275
3.48
2.9525
3.61
1.605
3.06
2.6125
4.3125
3.75
3.89
2.6275
1.4625
1.8125
3.615
5
3.005
3.1675
3.19
2.8325
4.0575
3.495
4.3175
3.325
3.6375
3.2775
4.5825
3.255
3.295
2.6125
3.8275
3.75
2.2425
3.6675
4.0625
3.0425
4.2275
3.6675
3.3525
4.1625
2.36
2.8375
4.1675
3.9325
1.4625
1.955
3.8225
2.8925
2.875
4.5825
4.04
3.765
3.4275
3.645
3.335
3.125
3.9025
1.8525
3.4925
2.855
3.0225
2.725
4.5825
4.28
2.7725
1.6475
3.6175
3.75
3.7775
3.35
3.6725
4.5825
3.75
3.2625
2.59
3.3625
1.5375
4.32
3.5
3.395
3.0375
4.5825
3.64
0.825
3.565
2.81
1.6025
3.435
2
3.47
1.2825
4.375
1.155
3.275
3.81
3.995
1.8325
3.13
3.445
2.985
3.045
3.375
4
3.9375
4.375
4.34
2.8025
1.215
3.57
3.6225
1.4225
1.41
4.2425
3.6725
1.2475
3.5925
4.27
3.285
3.7975
4.7225
3.6475
2.85
3.75
2.5725
2.82
4.13
3.645
3.005
3.5125
3.5975
3.385
4.405
3.75
4.02
4.1275
2.645
3.2225
4.285
2.905
4.1
3.75
1.4
3.9275
3.7875
1.4375
4
2.9175
3.85
4.0875
4.285
2.735
4.23
2.5225
1.815
2.105
3.5625
4.04
4.625
1.4575
3.6425
4.6425
2
2.365
2.59
3.61
4.105
4.545
4.1
2.59
2.4575
1.9425
3.1525
3.1125
3.4375
1.69
3.0325
2.78
3.505
3.4975
2.095
4.565
3.47
1.4625
3.1475
4.375
1.395
4.7925
3.92
3.655
3.7775
3.095
3.5
2.9225
3.2
4.0525
3.76
4.165
3.2875
4.145
3.865
1.4625
3.3775
4.6875
3.125
2.59
3.6525
4.245
3.64
3.6825
2.6675
2.875
3.8725
3.7
3.65
4.105
3.695
2.7425
4.2
1.59
2.615
4.015
4.445
2.6775
4.03
3.89
3.3475
3.16
3.9275
4.5
3.275
3.8325
3.6825
2.9175
3.385
1.3525
3.0175
4.35
4.7725
3.73
3.75
4.1875
3.31
3.1425
3.565
3.88
4.1675
4.1325
3.275
2.9625
2.4175
3.085
2.695
4.56
3.6175
3.6675
3.2425
3.905
3.3325
3.865
3.57
3.375
3.1475
3.0925
3.37
1.3375
3.5
3.3325
2.7375
2.31
2.5675
4.115
3.87
4.155
3.41
3.965
2.6675
2.035
3.085
3.17
3.9125
2.63
2.58
3.1
4.16
3.9275
3.11
4
4.39
3.6675
4
3.8325
3.75
1.3475
2.935
2.865
2.7275
2.865
3.8225
2.825
1.7725
3.14
1.84
1.3325
2.4125
3.6575
1.6125
3.85
3.7025
2.955
4.25
3.3325
3.2075
4.445
2.6225
3.0425
4.605
3.3575
3.6875
3.4675
1.8125
2.6075
3.63
3.125
4.5825
3.75
3.6575
1.6325
2.5025
3.75
3.19
2.665
2.53
3.66
4.5
1.4625
3.095
3.3675
3.1025
3.61
3.3
3.2975
2.71
4.7225
3.59
2.3575
1.6175
1.45
3.415
4.1675
3.505
1.57
1.88
3.225
3.3225
4.5825
3.83
3.2225
3.355
2.9525
3.045
3.9825
2.67
4.5
3.005
4.505
3.6175
3.9
3.4725
2.25
2.5525
3.5725
4.21
3.2
2.4025
2.3525
2.7775
1.875
2.9375
2.7125
3.8725
3.575
2.86
2.9175
2.25
1.485
3.4575
2.475
3.0825
3.7925
3.095
4.0625
2.145
2.035
2.8075
