1.93
5
4.1675
2.795
5
3.73
1.785
1.58
5
2.9175
3.215
4.1675
5
3.335
3.3325
5
4.145
3.8925
4.7225
5
2.4875
5
4.1675
5
5
4.1675
3.63
2.11
4.285
3.3125
2.2825
4.03
3.3325
2.4875
2.9825
5
1.44
4.145
5
5
3.62
5
3.91
2.9175
4.1675
2.9175
3.8575
1.765
5
5
5
4.7225
3.73
3.73
2.9175
3.6225
5
2.11
3.695
5
3.6975
3.0625
2.51
5
5
3.5125
3.8575
3.8575
5
2.8575
4.5825
3.655
3.91
2.4125
3.695
5
2.3225
5
3.75
4.1675
2.51
3.8575
5
5
5
5
5
4.145
4.5825
5
5
4.335
2.2525
4.7225
2.63
3.8575
4.145
4.1675
3.695
2.125
3.5275
3.795
5
3.75
4.335
2.11
4.1675
5
3.75
4.285
3.7075
4.375
5
3.305
3.865
5
4.1675
4.375
2.55
3.6
4.335
3.695
3.75
3.75
5
4.7225
2.5425
4.26
5
4.145
3.695
1.17
3.91
2.655
4.285
4.375
5
4.375
4.7225
5
5
3.655
2.6975
5
3.685
5
2.4125
0.9225
4.285
1.4075
2.655
4
5
4
4.5825
5
3.125
4.315
1.32
5
3.3325
2.63
2.6975
4.335
2.6975
4.2875
3.62
1.875
5
1.875
4.1675
3.75
5
4.1675
3.005
0
2.11
3.335
1.2825
2.655
5
3.75
4.285
3.195
2.7625
4.375
4.375
4
3.695
3.75
3.685
5
5
5
3.655
2.11
3.335
5
4.2775
5
3.695
5
5
5
5
2.6975
4.1675
4.1675
3.575
0
5
3.305
1.0625
3.915
4.1675
4.1675
5
4.1675
3.6225
3.005
2.575
1.375
2.9175
3.4775
5
4.145
2.49
5
4.7225
2.4875
5
2.565
1.135
4.1675
5
5
2.125
3.3325
4.1675
4.5825
4.1675
4.1675
3.48
3.695
3.63
5
3.335
4.145
2.9175
3.3325
2.6975
5
2.7175
5
4.5
3.4125
3.5275
3.685
1.4
3.695
5
4.1675
5
1.4
4.7225
2.7625
2.03
1.5625
1.015
5
4.285
5
2.655
1.135
4.145
2.065
5
3.62
2.5
5
2.9475
2.11
3.75
4.5825
4.145
4.375
4.335
0
2.63
5
2.7375
5
4.1675
2.11
2.4125
1.345
4.5825
5
5
3.905
3.695
4.1675
2.9475
4.1675
4.5825
2.11
5
5
5
3.91
3.75
4.1675
3.75
1.17
3.455
3.335
3.8075
5
4.1675
2.855
2.6975
4.5825
3.75
4.1675
4.5
3.75
4.375
3.695
3.685
5
5
3.5125
3.125
4.375
4.5
1.0775
2.11
4.7225
3.865
4.5825
3.3325
3.75
5
3.3125
3.695
2.565
4.145
3.695
2.855
2.9175
5
5
5
2.11
3.5125
4.145
2.11
2.6775
5
2.11
5
5
5
4.1675
5
2.7625
4.1675
2.63
4.145
5
5
4.1675
1.36
5
3.335
3.3325
5
5
3.75
2.4125
1.375
4.1675
2.3225
3.375
4.7225
2.235
2.6975
4.285
2.645
2.63
2.4875
3.695
1.165
5
4.5825
5
3.335
3.59
1.96
2.555
3.75
5
5
5
2.125
2.6975
2.9175
5
5
5
3.3125
4.1675
2.645
3.905
4.375
3.2325
2.63
4.5825
2.63
4.335
4.4
4.335
2.63
3.75
2.6975
2.4125
5
5
4.335
1.03
4.285
5
3.4075
5
5
1.25
3.91
5
3.89
4.1675
5
5
4.375
2.11
4.375
2.42
5
5
4.5825
4.5825
4.1675
1.135
2.11
3.335
2.08
2.52
4.145
4.1675
3.685
