3.6713
2.1306
3.9628
3.8495
1.6366
4.3462
2.7209
4.3577
4.7512
4.5715
3.2107
3.6105
3.7780
3.0182
3.4287
3.6372
3.4847
3.2072
2.6706
3.2837
3.6172
3.7223
4.1939
4.2024
3.9582
4.0644
3.9579
2.7151
3.0329
3.8521
4.0136
3.3549
3.1155
3.3441
4.3236
5.0000
4.1017
2.9749
3.2607
3.9853
3.6753
4.8717
4.1162
3.5508
4.5801
1.7548
3.0481
3.2953
2.7555
3.4695
3.8686
4.3399
4.7367
3.8604
4.2409
3.3808
2.7955
3.1248
3.4161
2.5317
5.0000
3.2373
3.1534
4.3480
3.7464
3.5910
3.5035
3.1021
2.0549
2.6484
4.7126
4.1881
1.7786
2.3454
3.3863
1.9606
3.2285
3.7164
3.0845
4.0921
4.4302
4.2539
4.3924
1.5993
5.0000
4.2461
2.1038
4.2333
3.2396
3.2891
3.6529
4.8028
3.7505
2.4703
3.4035
4.6616
3.2092
3.9811
2.9577
2.2014
2.7819
4.3255
3.4033
3.2765
3.8421
4.3241
3.9018
2.5060
3.7931
2.9186
3.4880
3.8008
2.9502
3.5992
4.0103
1.7968
3.1981
2.7218
3.2100
3.9075
4.1413
3.3382
3.8344
4.2095
3.2450
3.3794
4.8384
4.1967
4.8539
2.8140
3.3658
3.7611
2.4942
3.2151
2.9877
3.5958
4.4731
3.4225
3.1386
3.8818
3.9400
3.1042
3.7621
3.6614
4.0959
2.8922
3.3435
4.4225
3.0972
3.7780
4.0816
4.2124
3.1581
3.8400
3.2228
3.7728
4.0374
3.7815
3.8989
3.4903
4.2425
1.7210
4.0418
4.9704
3.7698
3.2962
4.2989
3.2162
4.4693
2.7875
4.1017
4.0195
4.5706
2.7688
3.9387
2.8423
2.4892
2.9017
3.8109
1.9994
3.5983
3.0036
3.0889
3.1456
3.7151
3.0418
4.6377
3.4589
3.0514
4.2743
3.8506
4.5843
4.0141
3.6184
3.2933
2.4583
3.5256
4.1009
3.1288
3.0527
4.1284
2.7307
2.1990
3.7755
4.3734
4.3218
3.7740
2.7861
3.8863
2.7297
3.8988
3.8176
3.8443
3.1305
3.5985
3.3871
2.6463
3.0668
3.3948
1.7567
3.6381
3.7071
4.2138
3.6037
3.1672
2.1300
3.9281
4.5378
3.8535
3.7686
4.2564
3.4322
3.5335
3.8281
1.8115
4.2017
2.7117
2.5999
3.7980
2.7599
3.8768
3.4414
3.5389
2.9569
4.5479
3.2866
2.3603
3.3457
4.0769
4.5925
3.3479
4.0418
2.7497
4.2401
4.5073
3.0402
3.8126
1.5638
2.4666
4.7634
2.5698
4.0963
3.6843
4.2760
3.3641
4.7261
4.5863
3.0823
3.0647
2.6611
3.4245
4.0691
4.2862
4.3554
3.6647
4.2830
3.9780
4.1780
3.9610
4.1942
4.1604
2.9270
2.3720
2.3110
3.7827
3.6827
4.2989
4.1285
4.1811
3.1736
2.7443
1.8696
4.2853
3.2627
3.6619
4.6316
3.8451
4.3864
4.0078
4.5440
4.4576
3.0940
4.0729
3.6210
2.5269
2.7731
1.9752
4.1978
4.1339
4.3118
3.0892
3.1487
3.1881
4.4068
3.8463
3.0157
3.2817
3.5089
2.3080
2.2464
3.8508
2.7748
4.7931
3.2082
3.8014
3.4310
3.3783
3.2324
4.6360
4.5261
4.0113
4.2226
3.9493
3.7347
3.5295
3.9387
4.3100
4.1471
3.5045
2.9858
3.5979
3.2642
3.6335
4.4735
3.8740
4.2048
4.4314
4.0579
2.8495
4.2981
2.2531
2.9284
3.7079
3.3048
4.1329
4.1734
3.6252
4.0229
2.9535
3.1548
3.6250
2.1402
2.4842
2.9724
4.1922
3.7882
3.6858
3.0591
1.7968
3.0122
3.3639
4.2601
3.4893
3.8760
3.3924
2.6280
3.7272
3.6097
4.6405
3.9039
3.0322
3.0205
3.8202
4.0987
3.2140
3.1353
4.2221
4.1905
2.5249
4.0853
4.4430
2.6401
3.9189
3.4038
3.0937
4.5905
3.0383
2.8567
3.0766
3.5489
1.7968
2.8657
3.8987
2.9726
3.3640
4.6629
3.6041
3.9338
3.5468
3.7532
3.2164
2.8567
4.4685
2.3389
3.5844
3.4432
3.6138
2.9707
4.0445
4.5020
3.2114
2.4136
4.2237
3.8375
3.9417
3.1420
3.7321
4.0941
3.9111
3.6070
3.4713
3.2584
1.9657
3.7555
4.5084
3.0870
3.3089
4.7141
3.6416
1.8174
3.6364
3.6857
2.0355
4.2130
2.3311
3.4491
2.4264
4.8719
1.3927
3.3449
3.8808
4.2463
2.1684
4.0248
4.0662
3.3280
3.5457
3.2556
3.0730
3.9605
5.0000
4.1134
3.3385
2.0381
3.4903
3.5599
2.5488
1.6780
4.6486
3.4240
2.6803
3.6336
4.3612
3.6157
4.2540
4.8110
3.7419
3.2261
4.2258
3.1891
3.1440
4.9074
4.0488
3.1824
3.8763
3.9176
3.6631
4.1479
3.8867
4.1242
3.8284
2.7234
3.4962
4.2907
3.0722
3.8489
3.9826
1.7567
3.2069
3.7343
1.9183
3.9876
2.8606
2.7232
4.8403
4.5163
3.3230
4.2785
2.9131
2.8331
2.8574
3.4661
4.1982
4.8720
1.8238
3.9135
3.9621
3.2113
2.8475
3.1828
3.2992
4.3956
4.3427
4.1669
3.5343
2.6158
2.5765
3.5561
3.5559
3.6006
2.4393
3.5773
3.0610
3.7554
3.5361
2.1475
4.7862
4.4408
2.1306
3.8061
3.9972
1.6257
5.0000
3.7227
3.9574
4.1430
2.5457
3.0083
3.0433
3.9251
3.6819
4.2565
4.5938
3.4137
3.8601
3.6958
1.7786
3.5385
5.0000
2.8422
3.0922
3.9246
4.5547
3.0380
4.7270
3.6585
3.2658
3.7264
3.8128
3.5320
4.0159
4.0812
3.1627
4.4422
2.3656
3.2626
3.4154
4.2602
2.7013
3.3159
3.9169
3.7813
3.1725
4.1743
4.1399
3.7513
4.0277
3.5922
2.9109
3.8778
2.1779
2.3617
4.4495
4.6705
3.7323
3.5867
4.5998
3.4760
3.6595
3.6283
4.0048
3.3039
4.4235
3.0733
3.1922
2.9897
3.8625
3.2878
4.7056
3.4549
4.0118
4.2838
3.5080
4.0802
4.3179
4.4099
3.4449
2.6967
3.5298
3.7988
2.7872
3.8772
3.6231
3.0734
2.6261
3.3299
4.2220
4.0585
4.3884
3.8193
3.3681
2.7751
3.1758
2.9076
2.8175
3.5712
2.9565
3.2395
3.2276
2.9096
3.0968
3.1910
4.2846
4.9431
3.5100
3.4474
2.7668
4.2559
2.2312
3.3324
3.1525
3.5182
3.0691
3.6998
3.7134
2.5410
3.3250
2.1884
1.4823
2.6199
4.9148
1.9391
3.6888
3.7790
2.7046
4.5005
3.8796
2.6632
4.4099
2.9887
3.2620
4.8239
2.7546
4.1309
3.2590
2.4462
2.8414
3.2220
2.8828
4.4280
3.3741
3.8827
1.5664
2.7531
3.7979
3.5220
2.9068
3.1635
4.0368
4.7750
1.8285
2.9573
3.7104
3.3530
4.2023
3.9032
3.5673
2.5966
4.4675
3.6535
3.0374
2.2340
3.3940
3.6959
3.9649
3.9191
2.4118
2.6240
3.8447
3.3145
4.1182
3.6378
2.9125
3.4670
2.8104
2.7065
4.1284
3.0829
4.8099
3.3391
4.8716
3.9340
4.4786
3.7620
2.5137
3.2036
3.8292
4.3615
3.5163
3.0793
2.6675
3.3525
2.6650
3.5554
2.9014
3.7986
3.3177
2.9746
3.3299
2.1156
2.2831
4.2393
2.9746
3.2023
4.3217
4.1354
3.3471
2.2876
2.7252
3.0708
