2.8971
4.3961
3.3254
2.6782
3.4599
3.3245
1.7986
2.3747
4.2696
2.9239
2.3124
4.7347
3.0656
3.1883
2.6701
2.9246
3.1184
4.4376
4.8476
5.0000
3.5140
2.0394
4.7275
2.0394
3.0656
3.8734
3.1124
1.8010
4.4654
3.5324
2.6974
2.3928
2.1037
3.5586
3.3318
4.7233
1.8379
3.6304
4.0308
2.8346
3.0145
2.0394
3.9234
3.0024
2.9321
2.9239
3.7413
2.8771
2.0394
3.1723
2.9246
4.9286
3.4087
3.2679
3.4487
4.2813
3.0656
2.4073
4.5202
3.0656
3.0207
3.8537
2.3210
2.8346
3.6175
3.3220
3.7413
3.7413
3.5349
3.7785
2.9833
3.5665
3.9234
2.6240
4.5458
3.0656
2.5858
2.9246
3.0365
3.4948
2.3210
3.6642
3.4971
3.4599
3.4971
2.9246
2.8346
3.6597
4.3901
3.0656
3.4754
3.3930
2.6490
4.8770
2.7930
3.1953
3.6597
2.9321
4.5202
3.2070
3.7180
2.8518
3.4599
3.5808
3.3930
3.2668
3.2588
2.9246
3.5808
4.5085
3.0651
4.2243
2.9246
3.0057
4.5302
2.0394
3.0772
4.2243
2.9167
3.6950
3.4150
4.5458
2.5679
3.4454
3.0656
4.8770
2.5131
5.0000
3.4971
3.6597
4.5458
2.8153
3.8668
2.8558
4.4485
4.2243
3.4971
3.9985
4.8476
4.0167
2.9246
4.2939
2.9679
3.4599
3.0531
3.1723
2.6493
1.2698
4.5085
2.0002
2.8558
3.1526
3.2485
3.1526
5.0000
3.5381
3.4320
3.2377
2.1870
2.9246
3.6338
2.7235
2.9168
3.3930
2.9431
4.6014
3.0478
2.7486
3.0656
1.8265
3.6570
3.5808
3.6150
3.0102
2.5381
1.3262
2.5840
3.4362
2.7740
2.8558
2.0394
3.5808
4.5491
2.9640
3.4171
3.8452
4.2243
4.0386
3.7972
3.2937
4.0006
2.9246
2.9246
2.8346
3.7779
2.6542
3.6642
4.5154
3.9792
2.9246
4.5202
3.0656
3.6480
3.0656
2.8346
2.9431
2.9491
3.4896
3.6332
2.4887
3.0656
3.0057
1.3134
4.5796
2.5246
3.4896
3.4599
3.4055
2.9800
2.2550
2.8099
1.7940
3.3574
2.9823
2.9246
3.6597
2.8717
3.5381
4.8476
3.7050
2.5783
2.7809
2.8051
3.2957
2.8346
4.8652
2.2190
3.9777
4.2040
4.2224
3.5309
3.7228
3.7376
4.5202
3.2976
4.3961
3.6691
3.5268
2.9239
4.3558
2.9431
3.2182
3.2682
3.3692
4.3898
3.6128
3.7180
4.0006
2.7918
3.1628
3.2136
3.4896
3.4971
2.7918
4.8476
3.2543
2.2364
2.6590
2.4988
3.6480
4.4654
5.0000
2.8558
2.7468
4.0339
2.2035
3.4599
3.0145
2.6487
3.4971
3.3705
1.8010
3.5808
5.0000
3.6597
3.9846
3.3930
1.3262
2.8136
3.4971
2.6633
3.3692
3.4341
2.6542
2.6957
0.8488
5.0000
3.2022
3.6480
4.4421
4.5202
3.2231
3.3705
3.4896
5.0000
3.0586
3.4971
2.6404
4.3961
3.6413
3.2937
3.1117
3.5808
2.8153
2.2490
3.6540
3.8485
3.0656
3.1117
3.7334
2.9431
5.0000
2.6705
3.0102
3.9598
2.4586
4.2243
4.5202
4.0006
2.0394
4.0308
3.3500
2.2878
4.2243
2.7723
1.2732
1.8010
5.0000
4.4546
5.0000
3.9777
3.5808
2.8346
3.5621
4.5202
2.7809
3.6597
3.7972
3.7776
2.9239
4.7233
2.9246
3.4971
2.6542
3.2923
3.0972
2.9814
2.8260
2.0394
3.0586
3.4599
3.0656
2.9246
4.9176
2.0394
3.2543
3.4896
2.8867
3.6597
3.0656
3.4971
2.9861
1.9837
3.0656
2.2007
4.5308
3.2485
3.4599
3.2937
2.6493
2.3480
3.3254
2.6710
2.4561
4.9047
2.6026
2.9431
4.5085
2.8671
2.8136
3.5140
4.5700
1.6676
2.8346
4.3901
2.9246
3.6642
4.4628
2.1697
3.5435
2.3632
2.9246
3.4971
3.4754
2.2190
2.9431
3.5091
2.0394
3.0656
3.1723
3.5621
3.4896
2.8671
4.4690
2.4630
2.8177
2.7712
5.0000
2.7712
3.3930
2.5270
3.3930
2.8331
3.5808
2.9431
2.6957
3.4599
2.0394
3.3930
1.7764
4.4654
4.0857
3.4429
3.0656
4.5753
2.3498
3.7630
3.3480
3.1642
3.1117
4.3961
3.4599
4.2243
3.0723
4.2243
3.7300
3.4971
3.4599
5.0000
5.0000
3.5309
2.6852
1.7369
3.4362
3.0494
2.5234
3.6597
3.1243
4.0006
