4.3292519946496215
1.632505612432427
3.549911112432519
3.6307083454196594
1.8273100515581562
3.4664715755540914
2.4712242581235904
3.4438257795519096
3.9243713803066895
3.7404866202483653
2.7246763510965253
3.2061583479381115
3.3468814015119737
4.297336617810762
2.78644570196563
3.0624006825986663
2.8654338604804925
3.6781649988290415
3.295896988694648
3.046811918847535
3.894873778641709
3.692590733020325
3.9046481078934283
3.568572571746796
3.91010566396749
3.5445997768600654
3.921739412717859
2.18895356732471
2.8933310021970158
3.2862523024121133
3.6824724805931597
4.09335817160869
3.524542498521487
4.292386645546321
4.247859185938179
4.679891230800829
3.56317275262363
2.6775928076102034
3.4213335789808568
3.21095385470036
3.2866881691574825
4.337819630780006
3.3000853007947164
4.155100664835477
4.156058473542948
4.209388509984656
2.897369997615051
3.404646535315146
3.223850894535028
3.7370883572744336
4.0124457896124905
3.9793595822471564
4.077671527310024
3.493346160670402
3.9737736070628267
2.9587213281904696
3.662024792580163
3.281021276421694
3.0626629226343565
2.1546702119642807
3.85522931773141
2.7910515248777656
4.066335917473859
3.82994234467012
3.485268396034825
3.5133586540218706
3.5159042069937376
2.632302517417087
2.5088736301247607
4.308935919772164
3.715856491660504
3.521044697721887
0.8302740070059866
3.9806074257833193
3.2247609281151592
2.53987038950602
2.692461122411979
3.441521597353563
2.9080567306772394
3.763130429014934
4.363820732792752
3.681336249169506
4.563765056506725
2.3162762181070136
4.6103791394614095
3.7730321095522212
3.8560875124959137
3.3597802599230064
3.017894446035902
3.293304861277715
3.1745722109654957
3.846461598071844
3.4542767672124746
1.4848990319581508
3.5063774684440108
3.819262263516191
3.2988168008935275
3.941327342647825
4.117300535677922
1.2611611411890455
2.5770569751292776
3.1489779078028812
3.943908835616156
3.8133478230341233
3.407918376390503
3.559219451684299
4.11651967741967
3.0245775306863196
3.645353521256833
3.5906755883947117
2.813679423844478
3.1230461468048922
3.313997813481929
3.424960613654121
3.5173113805345935
0.8809779464478185
3.348592836010689
3.313800655750944
2.9046753907181775
3.835712424332379
3.1341341694375267
3.268735818517819
3.5488816365128484
3.8107624544049807
3.7775427074186454
3.2672129536763896
3.958062175255913
3.5329166064125728
4.2688754461457314
3.261909861784802
3.129673714836084
3.2849161135594795
2.223503781136215
2.7138366604817
1.685813617840419
3.1574884991136396
4.254621481324458
3.2824638209411336
3.416147178466267
4.120325418170569
3.616697988030675
3.532070836891674
3.49381853912253
3.312099453893894
3.8874035982024173
4.562359099604388
3.7431653091535204
3.908259386200551
3.167683933564273
3.653187901686556
3.337444087716349
3.8040426371954323
3.1229432943990103
3.4079949102701868
2.4675729876596013
3.1250326471342165
3.643252696758366
3.61261196238802
3.473489815371533
3.1986113621897956
4.81612324024327
2.04907974259783
3.6564584783242116
4.511333267291148
3.5832231231268854
2.8895901952289527
3.7487859641804375
3.5483376748228688
3.6233620784903042
3.4964704892913234
3.6645436353464533
3.554997544903385
4.031253959961345
3.5229612561053054
4.271305204787948
2.3406062014283577
4.687978594562038
3.5220092103605163
3.278451082889906
1.5053415836203654
3.516822058668293
3.4808808096415818
3.535744880354557
3.11237427578382
3.2815094530408198
1.9472334566776621
4.011436677649302
3.077962269044363
4.851735662696422
3.714994660314268
3.3216168473165215
3.989759936382459
3.419930238228177
3.41305523399196
2.9507818923339815
3.0837461284158194
3.4209439404126094
4.072854884230244
2.482764564752924
1.6803391960816965
3.780173937288204
2.9596373594309195
1.828712378234389
4.355210800433027
3.8335951463597935
3.837200195727669
4.630452538893229
3.2343224771195187
2.991572932446436
3.581171154359315
4.062223947595702
3.2109203942906897
3.490317856012689
4.404168615315621
3.550660672751097
3.0931928375149167
3.1558752742950396
4.45359367271379
3.238433064032282
1.828176388623633
4.319183749234142
3.233565240080407
3.661127362209036
3.683890103351768
3.2960753338787727
2.125800148537964
3.109062386372203
3.4429406672876635
3.733640843945212
3.7724292442051657
3.783454791324229
4.28499244558455
4.615851838286557
3.239165201905924
3.752523621253317
4.802666005934585
3.068739130405779
3.2244287586271807
3.5977250693376486
3.0730838065465824
4.617527138136653
3.1387440957242188
3.420920426459053
3.781497581405375
3.8510733876409513
3.3446285351816845
2.557819741367152
3.0612472852273207
3.784651031887103
4.331284533730294
4.153795517267965
3.6538519951895116
2.654306347109218
3.2017383551979735
3.882313975628209
4.648877280022522
3.0510859959095455
1.552649228331936
1.6503159505127538
3.754265798467217
2.729280963612955
3.839380803332692
3.417077113230884
3.3276148955526623
3.560219445420874
4.699017101771747
4.269430880989086
2.5261252565733128
3.488272008506966
3.0376364292778226
2.9927261049810157
3.506982529592219
3.8427402754161726
3.8701848188363743
3.6898087185148802
3.634101538013084
4.102739376668743
3.4088185054375577
3.295849422395738
4.075996408357044
3.4576296977548098
2.99032374448249
3.1137746887051394
2.6660672060109483
3.2540910177364477
3.1903111159818023
3.750215014557159
3.758808307709604
3.2592516619752017
3.4149191886929735
2.330969478882003
3.4062891442718506
3.4531233237721892
4.526043824545554
3.8152221895219123
4.491584679733411
3.16194611649935
3.8567605923164265
3.5603778445638317
4.39924441249626
3.9468640759018023
3.1997150465310704
2.9786523230503863
3.642078159725281
2.056303497694759
3.4057654537859
2.417220786868319
3.402402046932463
3.546614715505905
3.4000585903948735
4.505286677680151
4.536020886566484
3.0360246143910987
3.6534088416112613
3.470016653821315
3.146134880729056
2.9969310449920235
3.2881210785720763
2.8178418592406036
4.204282335823511
3.560202956237221
2.9335943459061364
3.6612454391043654
4.270456579841303
2.9986103298160316
3.1385056901088375
3.412175984021455
2.871688288953651
3.9332526533764725
4.212642192651185
3.2973312835226096
3.6035295851938436
3.402874367822318
3.526331473880921
2.889425751304674
3.9818006745832673
4.188445577208438
4.196715308224319
3.101942710834907
2.7182609406949574
3.723140678469405
3.121009138633842
3.114513849407854
3.695151875591202
3.26759696175505
3.438438416411712
3.7116124173665943
3.8812933178794986
2.886102966816355
3.2888507649650793
3.4387412093322896
1.6975807975903623
3.084344578110554
3.1720801197287196
3.2894534019530344
3.211872136224061
3.4475625182308343
3.4844257687948277
2.958102208989869
2.7900226482147388
3.3868215159714388
2.3827516740985253
2.2672567366666674
2.722196913420211
3.6893248917290986
3.389315490190335
3.504109715357432
2.3311540058574027
0.9687435026047369
2.8026305038366637
2.9541135085361865
3.753916907619476
3.2207293612212187
3.1172125024055837
3.266914356930119
2.939088309887845
2.936926785492379
3.327860836502987
3.764124656980582
3.214371823758567
2.1385293416493303
3.0320258691619313
3.461644368697033
3.479118415764678
3.9882986482441942
3.0472441224731286
3.5297190906736446
3.7504372477622763
2.81436460490733
3.7036045087696077
3.83008875648946
2.136761302564579
3.2565824814352253
3.480352313768953
2.6624270110097097
3.805010482886391
3.4945619452916628
3.1865389822128973
3.704096372360619
3.078410805071155
0.9593584069059815
3.136628941795294
3.1610681806378986
4.416261728418433
3.9593735032176482
4.038216901401101
3.0460907019433847
3.091904594651988
3.3951785250519624
3.759369174146461
3.1407844700149914
1.9747343578964394
4.002704731752065
2.6425769002581156
3.388296432083806
3.0466724534298413
3.5366160210675535
3.018169577177544
3.540973723302023
3.973376113353325
4.110659261768312
2.991012621372242
3.6683645605072495
3.2715604062498778
3.394874413235202
3.242563967363249
3.433146104639583
3.7524598348907543
4.193587483707178
3.962847742742996
4.6657487500266495
4.4352713212919035
2.895933642581806
3.244244865892563
3.8280826086932462
2.527354816874443
2.744376893747724
4.663164806076689
3.0131531251906782
4.398721495724474
3.336267909672372
3.7805948188199725
1.78727881958701
3.801534050565082
1.8943078868522156
2.9809362277356843
3.819716611486548
3.5843241836835764
2.2971374604293864
3.1819669534830655
3.4969393217889464
3.562934152635883
2.6722762659449897
3.667763224542221
3.6468394405585354
3.2650495522409093
4.153868195023793
3.015154995637009
3.3791568381764843
3.4797500612109333
4.184361274997924
3.7314950268303746
3.3853643357952223
4.020580818945031
3.210700694964686
3.2460426111138476
3.340417942069444
4.369039641484759
3.5175664276984304
3.1795124578341927
3.414218611648923
3.259358842328174
3.616120940868873
3.780410588187136
4.048305433426448
4.764340413429413
3.1901814058901907
3.1954136673485496
3.589215953783825
2.9162720233902637
4.083803568133049
3.7687960102403704
3.441687837841309
3.4382777513024267
3.4898147571406977
4.795279600090241
3.4255305049050144
3.7564141875821253
3.649602483145583
3.8032424705446397
3.411739260930214
2.4585295361103436
3.626661250552191
3.1841158312026323
3.362885818813647
3.1652137998007213
3.848138355574349
1.828176388623633
2.6023814738012283
2.9350291738135263
3.695964616765293
3.426659505144799
2.8689992853127406
3.3878270901147
4.039769837444657
3.774465420270859
3.736219491044274
3.460271384852537
3.174448371983036
3.522029839845864
2.477277100855013
3.2024370265676203
3.5592185102581873
3.726297761551086
4.0085972567810675
3.3239179247423714
3.382564420208083
3.534678861529529
4.488020183809233
3.6233781961029505
3.7782463720456825
3.8757848513754456
3.638115999147413
3.7431580594057885
3.4495897879422293
2.7970818242891817
2.9172669379838045
3.2471494838813504
3.407606394139646
3.596449943587745
2.7133535526732353
3.868734706338967
3.0380231561456266
3.4654410961129747
3.0591692259953747
4.317768375806618
4.402963596110087
3.4214086552928675
1.6244328200281253
3.550801084801736
3.3997566090814098
1.75623993622505
4.6147179645671415
2.985510851226979
3.6464298080394832
3.434995093252186
2.914474097872339
3.5524361342442847
3.7704248674808194
4.687471565025828
3.402064965167839
3.603679879738114
3.6621542684059283
2.965052397943335
3.2385697857587212
2.6267829029647114
1.0684793291733197
2.507173810596944
3.7042960850304056
3.065330591174333
3.0513575270143196
3.6026743021204553
4.109664933680461
2.562332797153309
3.678314887053463
3.727761987834553
2.031513443251142
3.7017621766487565
3.8817093348393974
3.096353409302827
3.3160268821963435
3.713562754093494
2.5212103229322573
3.1225009047629344
2.3946842938989445
3.5822309363834006
3.1109898899867776
3.675768384688881
1.5128673601590719
2.7976436853796605
3.4286097986650974
3.3752084640722924
2.6071422150945853
4.144033569583558
3.7677804492475064
3.7005117237823377
3.3093755508762817
3.6476520814971396
3.0177096438840607
4.423202188554514
4.252106829851579
2.7462150058046397
4.664138113097886
4.354485032554824
3.561297677182038
3.688985562952764
3.754825868439224
3.232606962568124
3.26098680220388
3.0380065534224308
3.321026611436778
3.8759519402673943
4.298363907225289
4.356485681851615
3.094114498250425
3.8477591065427514
3.6010027705215686
3.849568621262148
3.8937357041163914
3.1670604638400555
3.7463755819674023
3.3475314184022418
3.245709624995585
3.925631845106163
4.69209405158779
3.27133126720861
3.9286899197336598
2.648063479520925
3.356232812303584
3.5280934930222467
3.4458378269931966
3.1929456502146563
3.7940136401433335
3.331593280454886
2.7980933668628434
3.5091941140507013
4.488838699198552
3.33419332600032
3.9413944515839168
3.6949469716593435
3.022650898397006
2.6166061591150487
4.0499096771730105
2.976090223242875
2.74465424171458
4.596934077327255
4.473718067757391
4.851838151796718
3.165784543363396
3.2727147031554242
3.128738310154003
2.261376978164468
3.627196407197302
4.334141258896868
3.450815391893342
2.853848456272744
1.5325800441851516
4.557980991854354
3.098303377728268
3.624399389144615
4.372219184089926
4.247415443398761
2.897616933953853
3.401111638142514
3.733234585528864
2.9460747763094366
3.2810490879131713
2.813189591834793
1.9487472016759722
3.152906154703505
4.318615260524349
2.5308034060559415
3.2632696383687603
2.468482701198413
2.356587296691054
3.886995885164879
4.279540557270664
4.281369027179801
3.8494389908011604
3.3784506085099144
3.9349984192107534
4.454860574169822
2.9641317437242125
3.5734664544491297
3.602552732205133
3.3767928200098427
2.1976694441019693
2.6531271001891894
3.2836883292407957
3.987543314742101
3.2650299146353214
3.4306135077118687
1.26747646525885
1.6962356998342605
3.560399981739459
3.7535857454795596
2.966739175483143
3.3799454111722937
3.3574786469524285
4.136988003241033
1.7300165472178124
3.5147845697117264
3.351575501196689
3.6610648619905817
3.7219244050233566
3.6479244824681833
2.9599031699918674
2.5688488321047314
3.532894314823409
3.4957982347156706
4.231277673933759
4.0627708289425835
3.1327236483733865
3.980303085583115
3.2817513892809544
3.6670187775102425
2.828705261840186
2.401753277838997
3.2013864623005004
3.2387017907160214
3.575371088174811
3.670843239413034
2.820537426008422
3.5058764174089037
3.0542838348793264
3.077350755986572
3.7870499436859175
3.4309145747182117
3.930266018065504
3.682487313920019
4.247862083212393
3.420598356442339
4.138483271046773
2.9026666137908474
3.241019014637253
3.125320456605858
3.539832732554108
3.553512582740733
3.191925352425148
2.4777613653293136
4.105578888497648
3.0166063676600285
3.9755999177507793
3.0737415271401765
3.2418432939172486
3.243120243645819
3.127823341296767
3.105072230160361
3.2144924389444256
1.6779419611745976
3.561869383391565
3.5088813920658084
3.3875158420830624
2.584052462135451
4.308862722421162
3.5856870601256463
3.386349981583728
2.095651063940714
3.121003463135405
2.4154559290039206
