4.935825
4.536201
4.957177
4.962122
4.839291
4.947015
4.868614
1.404544
2.148494
4.898869
0.781104
4.527632
0.642651
2.159273
3.059303
4.967813
4.888579
4.638409
4.768721
4.696911
4.960271
1.473208
4.116796
2.148373
1.600248
4.895114
3.291196
2.572914
4.834664
4.836591
3.968720
2.665164
4.893327
4.927956
2.257046
4.945369
4.945369
4.984620
4.857640
1.884455
4.862800
4.947966
4.927670
4.986990
4.807323
4.661191
4.765840
4.908737
4.862800
4.862800
4.835469
0.118498
2.092722
4.960715
4.755994
4.974773
4.941359
2.158955
4.936524
4.988126
2.224304
4.839291
1.318605
4.925293
1.904764
4.898649
2.587021
4.879550
0.167595
0.201572
3.038147
1.593649
4.764090
4.764090
3.527104
3.269830
4.932146
4.845649
4.945893
2.827575
0.293885
2.935286
2.587021
4.931180
4.591795
4.974773
4.791502
3.439188
0.951591
4.978747
2.946892
4.347386
1.593649
2.926359
2.926359
3.530038
3.530038
3.530038
3.564433
3.718125
4.883574
4.949130
4.799633
0.550945
0.550945
4.696069
4.478184
4.897026
0.372642
1.292664
3.811491
2.264358
0.978367
2.264358
4.917707
4.626580
4.793596
2.757784
4.539347
4.796270
1.974922
1.373181
1.811426
0.080954
2.092722
0.452008
2.401347
1.884455
4.886932
4.828741
3.038673
4.945231
2.639778
4.929701
2.609130
0.642651
0.875960
4.360388
0.162858
2.323649
1.987569
1.731950
2.158955
0.110396
0.129468
2.148030
2.864378
3.904274
2.032844
4.941711
0.541998
2.284584
2.365391
4.522744
2.033186
4.852084
4.748911
4.955965
0.424097
3.066891
4.510805
4.947966
4.818797
4.352936
2.896154
4.796253
4.656813
3.300319
0.416764
0.122460
4.866413
0.178092
2.042051
0.800187
3.025915
0.663716
3.512514
0.013982
0.016944
2.159273
2.027304
0.875960
1.568613
4.705705
4.926248
4.770425
2.662583
4.820647
3.731846
4.457767
1.274449
0.266211
4.825070
2.323649
4.165273
3.470196
4.819856
1.534526
3.765185
4.887879
0.128538
2.365391
4.887453
2.738191
1.286147
0.016944
4.801108
4.240100
0.170986
4.784532
4.950632
4.608939
1.765037
4.973827
0.314497
4.790286
4.700240
4.912930
4.842366
4.945893
2.257046
4.867662
2.027304
3.396454
3.283502
2.755487
4.674800
2.294300
4.975194
3.967199
2.365391
4.728588
4.557928
4.777745
4.918367
1.379582
0.195534
4.431664
0.311702
1.641288
4.830877
0.735034
3.806456
4.793399
0.246052
0.260442
0.269666
0.227197
0.360075
3.198717
3.180714
2.037309
4.703958
4.879369
1.067700
3.584284
4.859665
2.239247
0.313805
0.098188
0.846508
1.426236
1.441003
4.275936
0.203131
0.167595
3.972630
3.862020
1.633253
2.722730
0.904450
2.777523
4.321374
4.140653
1.693559
2.644925
3.567097
0.391810
2.400936
3.404046
0.036387
0.311702
3.745176
2.555284
4.865089
4.887222
4.759648
4.827999
4.945719
1.882469
1.758525
4.950121
3.855372
4.947966
0.118498
0.169421
0.229722
4.939250
2.980715
4.342190
0.206370
0.693531
2.455344
4.481810
3.592329
4.506570
4.873381
0.122460
0.438055
0.338630
0.266211
4.928030
4.884114
0.177132
0.099953
4.719231
0.238672
1.737070
4.033499
2.027304
4.842366
4.014918
0.405627
0.028376
3.626788
0.034212
0.358013
4.776604
0.266211
0.546709
0.339657
0.695647
4.828551
0.460736
0.073280
0.247644
0.207863
0.377203
2.112325
4.766508
0.311702
0.311702
0.338630
1.971010
0.848503
0.710140
0.053709
4.843240
3.623460
1.639530
0.268925
0.201518
0.576587
4.578427
2.284584
2.427284
0.524992
3.553236
4.739738
2.910619
1.293472
0.326955
0.098572
1.088838
2.243511
4.855525
3.410816
0.659877
4.483553
4.879550
3.947747
4.799513
0.858892
0.338630
0.505325
3.898389
0.281570
4.091105
0.383027
3.290112
3.035415
4.048180
0.531082
0.132161
2.853709
4.256239
0.747673
0.167595
4.771076
1.386508
0.018524
0.059180
4.912930
3.398811
0.122460
3.589443
0.380728
4.643828
3.477269
2.916835
1.628841
4.232184
4.702915
4.008119
4.857391
1.345277
0.347915
1.338906
0.059180
0.125313
0.334123
0.313805
0.022224
0.250180
4.535796
0.087384
2.093265
3.510254
0.696783
4.493261
4.328981
3.157805
0.039059
0.059132
3.155485
0.049527
3.459486
0.317692
2.811658
4.267027
4.600015
1.089490
3.324029
4.955727
0.261395
3.004497
3.674191
0.486324
3.043350
0.107417
0.556917
4.546211
4.088774
0.058208
4.762897
0.779245
2.034446
4.237576
2.668846
3.362569
3.854195
1.480655
3.617976
2.824822
0.878461
0.429471
0.481222
0.106444
3.241067
0.097653
2.784674
0.166369
3.033095
4.726336
2.614444
1.496452
3.485422
4.826675
0.157614
0.321332
0.077183
3.097977
3.728339
0.090364
0.126967
1.218666
4.553970
0.277921
2.906857
2.337035
3.532850
4.217212
0.493163
0.270242
0.266211
0.399713
4.095438
0.164976
4.640229
4.867970
0.023019
3.976425
3.780503
1.435664
2.259883
0.411081
0.340191
0.024607
0.039232
0.058077
0.058022
0.054886
0.036387
4.755003
0.117355
4.133785
3.637197
3.437987
0.118484
0.586547
4.963511
0.912881
0.632042
0.036387
3.891428
0.460785
0.448537
0.435863
4.223691
4.523208
3.757737
0.083566
0.463184
4.055964
4.878777
0.228972
0.457669
0.631491
0.434388
0.655701
3.795963
4.636322
1.262235
1.231988
0.521476
0.033567
0.105031
0.064119
0.126109
0.160163
3.738458
0.137210
0.923288
0.905267
1.832574
0.695818
0.074498
0.030960
2.809075
3.292776
0.145937
0.440095
1.062758
4.825607
4.916462
0.794300
2.050920
4.051201
0.282941
0.153868
0.505325
0.163418
0.754055
1.750312
0.013982
0.421826
4.371031
0.176476
0.259427
2.326245
4.288728
4.504991
0.550298
1.704324
0.681680
0.032560
4.054691
4.781450
1.617832
2.322245
3.022645
4.688072
4.441057
1.261907
4.074409
0.571559
1.297628
1.701726
0.547938
3.122136
0.068636
0.138109
4.144166
4.694008
0.570186
1.433052
0.154707
0.102016
1.403419
4.896470
3.236918
3.624453
2.257766
1.354044
1.547981
0.855346
3.937432
0.798845
3.112146
0.840772
2.621221
0.202827
0.041412
0.033334
0.178368
3.863542
4.472665
1.346583
2.500000
2.200231
2.063021
2.790061
2.111072
4.361342
4.311712
0.398177
0.064752
0.980156
4.501555
0.401597
1.346990
2.752493
0.519129
1.974723
0.104448
0.521160
0.419405
4.334280
0.088933
0.287094
0.279883
3.462912
3.055099
0.189277
0.441635
0.105738
0.158336
1.118493
0.857418
1.372274
1.264074
0.072105
0.888928
0.245017
4.462335
0.644900
4.551360
0.222215
4.886905
0.928824
0.526175
1.246161
0.956421
0.683457
3.209783
0.980121
2.120879
2.254180
3.353136
3.743218
4.652033
0.566055
2.172038
3.949335
2.790212
1.099286
0.628613
1.894276
2.843879
2.028931
0.741771
0.049322
0.164878
4.701455
0.616917
1.267277
0.655120
4.790783
0.782524
0.258775
2.537796
1.221752
3.839629
0.027727
1.150374
1.748362
0.234270
3.621663
2.078719
0.082447
0.144533
1.154573
0.688023
0.099722
0.099391
0.119549
0.256009
0.510773
2.707700
1.646020
3.292622
0.933214
0.377550
4.253835
4.875706
0.206428
1.473807
1.373558
0.958841
0.656997
4.856529
0.436607
4.478737
0.282904
0.606597
0.149357
0.092172
3.783512
3.618422
0.282734
0.543652
0.605330
1.023602
0.521479
0.592967
2.271629
3.918861
2.449160
4.112702
0.434553
0.111307
0.378135
0.434311
0.324659
0.258186
0.472400
2.500000
0.070704
0.147721
0.058597
