2.9035
2.0150
2.2000
1.8192
1.1618
3.0612
1.1341
0.0000
1.5881
0.0000
0.8999
2.2472
0.0000
1.8917
1.3751
0.0303
0.5739
2.3162
0.0000
1.1787
1.3152
0.0000
0.9558
3.5303
3.0995
0.0000
1.8497
1.7825
1.3457
1.1863
0.0000
1.2684
1.2428
0.8269
0.0000
0.0000
1.0770
2.0483
0.7368
0.9761
0.1351
2.8053
1.6468
1.3700
2.1022
1.9333
3.0848
1.4233
1.2018
0.0000
1.0093
3.1843
1.1719
3.4370
0.9903
3.1539
1.6073
2.1022
2.7167
3.1641
0.9202
0.9883
2.0123
0.8190
0.0000
0.0000
0.8193
0.0000
0.7082
0.6078
3.0254
1.4095
0.9593
0.0000
0.0000
1.7509
1.5111
1.2317
0.0000
0.0000
2.3042
2.2495
0.0000
0.0000
0.0000
0.0000
0.0000
0.0000
0.0000
2.4346
2.9353
2.7097
1.3326
0.6991
1.1762
0.9055
1.4779
1.7678
1.0422
2.1350
1.6650
1.2419
1.2673
0.0000
1.2707
2.2416
1.0135
2.3830
1.0355
1.3969
0.0000
1.4352
0.0000
3.5573
0.0000
1.6532
1.3832
1.3531
2.3124
0.8836
1.1758
1.2556
0.5564
0.9923
0.0000
1.6884
3.0594
0.0000
2.7167
0.0000
1.3620
2.1791
0.0000
1.6734
0.0000
2.0283
0.6082
0.0000
1.7406
3.3518
3.3239
1.7943
0.0000
0.0000
0.0000
2.1040
1.6383
0.9859
2.1804
0.9227
0.0000
1.1787
0.8553
0.6044
3.2308
0.9789
0.0000
0.0000
1.0459
0.0000
0.0000
0.3066
0.0000
1.7491
0.0000
0.5630
0.4521
0.9731
3.6309
2.0848
1.7554
1.0910
0.0000
0.0000
2.8718
2.5466
1.9810
1.7980
2.4930
0.0000
3.1343
1.9047
0.0000
0.6646
0.0000
2.5238
0.0000
1.2684
0.8077
0.0000
1.3830
1.2665
1.9962
0.0000
0.0000
0.9039
0.5840
0.0000
0.5069
1.0104
2.4015
0.0000
1.4710
1.7492
0.0000
0.0000
1.5998
3.1648
1.3601
2.9486
0.0000
2.1826
2.1201
2.0764
1.9569
0.7255
2.3781
2.6857
3.2878
1.6029
0.0000
0.0000
0.9478
3.7288
1.9400
1.6041
1.3969
1.2430
0.0000
2.2212
0.0000
1.7554
1.4270
1.8472
1.3045
3.6106
1.4450
0.5859
0.7746
0.0000
3.0231
0.0000
4.7699
0.9999
0.0000
3.5643
2.7940
1.2976
1.0740
0.0000
3.2308
2.9147
2.1791
3.3160
2.7752
1.4118
3.6842
2.3199
3.5293
3.4627
4.0260
2.3516
2.6350
3.8123
4.0178
2.1637
2.1748
2.8622
0.9883
4.3546
1.4623
2.9365
3.8110
3.0509
2.2997
5.0000
3.0188
3.8748
4.0143
2.3042
2.0695
2.6586
2.8656
3.9768
3.5343
3.0972
2.8552
3.2041
2.4612
4.1499
2.0328
3.4733
3.2940
2.3042
3.2183
5.0000
3.1452
2.7703
2.3329
2.0609
2.1740
2.8544
3.0612
1.3152
3.6355
4.3344
2.0418
3.9768
2.2438
3.8641
3.1790
4.6165
4.8279
3.8357
3.0726
1.5427
1.9637
1.2428
2.9108
3.9047
1.9752
1.6466
4.2589
1.4118
2.7850
2.9153
2.5418
1.8354
5.0000
2.6634
3.5570
3.7449
2.0733
2.3650
4.1554
2.9230
3.2491
3.2308
2.2191
2.5404
2.4346
3.3963
2.4870
2.8354
1.8499
4.2589
2.7752
2.4930
2.0166
2.6345
3.9492
3.9908
4.1390
1.4792
3.1536
3.3363
2.4241
1.4118
1.8359
4.4878
3.0446
2.7925
2.0562
5.0000
2.9640
1.4788
2.3042
2.7783
1.4118
1.4118
3.9824
5.0000
4.4286
3.2748
2.1022
3.5412
3.9201
3.4627
3.9584
2.5418
4.0143
3.4627
3.4824
1.8062
3.3331
3.1553
3.9556
3.9737
2.2583
3.8165
2.4100
2.1835
1.9005
4.0385
1.5279
2.5138
3.2223
2.3361
2.9370
2.7167
3.0837
4.2589
3.5570
3.7729
2.3525
1.3023
1.3186
1.6466
2.9085
1.3174
3.0177
1.3026
3.9737
2.9640
0.9883
1.8438
5.0000
1.8200
3.8701
3.2715
3.2491
4.1060
2.7974
2.1640
2.2045
4.1554
2.4261
2.7784
2.4487
3.3201
1.3088
1.6466
3.7278
4.4308
1.4126
4.3936
1.4815
4.0457
3.7182
3.2743
3.1089
3.3507
3.8029
2.0893
1.6650
1.4489
3.0338
1.6466
2.3187
2.5418
2.8622
1.0851
3.3882
4.1554
5.0000
5.0000
5.0000
1.6466
1.8772
2.7935
2.5042
2.9486
2.1862
4.9076
3.4647
3.5386
2.4582
4.1463
4.7699
3.1321
3.9102
3.3194
3.1930
4.5820
2.0097
2.7833
5.0000
3.2623
3.9107
3.9908
3.6560
2.5291
2.4726
2.2822
1.2428
2.1537
2.0391
1.8217
2.4930
2.7752
2.7752
2.5533
2.2840
1.7829
3.3115
2.0367
1.7501
2.9486
2.8719
3.8802
2.9640
4.1463
4.5446
3.9584
2.5418
3.3213
4.4298
4.1477
4.5861
4.5378
3.7359
2.3915
5.0000
3.8641
5.0000
4.4450
3.7366
2.4930
2.8007
3.6703
5.0000
4.8200
5.0000
4.8200
2.5873
4.6165
3.0177
4.1463
4.2964
1.4488
4.1080
5.0000
4.4109
2.9640
4.4298
4.8200
3.9555
5.0000
3.1303
3.8459
5.0000
4.5648
4.2964
4.0143
3.8987
4.4316
4.8200
4.6165
4.8200
3.9584
3.1303
4.2964
2.8269
3.7086
4.2881
2.9640
2.9640
4.2589
4.0460
3.6560
3.1303
4.3966
4.1745
3.9043
2.4930
3.6066
3.8419
4.8200
3.6560
4.8320
2.3988
4.0187
3.0272
4.0052
4.3936
2.4930
4.1463
3.8029
4.9316
3.8234
4.8899
2.7752
4.7155
5.0000
3.7366
4.8200
3.8029
2.8622
1.5881
4.8200
4.1876
3.9584
3.5850
4.2926
3.0177
3.4824
4.8200
4.1463
3.7008
1.4118
2.4930
4.9288
4.6321
3.3583
4.8656
4.3281
4.1085
2.7752
3.9584
0.0000
3.7086
3.7086
4.8200
4.2419
4.5479
3.6982
4.8200
3.9908
3.6560
3.3650
4.6165
4.8200
2.5873
3.7414
4.5825
3.9779
3.1230
3.8957
3.6318
3.8748
3.6560
5.0000
4.5861
2.7867
4.8200
4.5902
3.6005
4.1463
3.5537
3.1303
3.0899
3.7086
3.9908
3.6703
3.8497
4.5828
3.4994
4.0535
4.7320
3.6034
2.5873
3.8029
3.8309
4.4109
3.5150
4.6165
4.8200
5.0000
4.8200
2.6507
3.8986
4.3765
3.7940
4.6155
1.6466
4.2964
3.5850
4.2530
3.9560
3.5537
4.0771
2.2583
3.6939
4.5446
5.0000
4.1958
5.0000
4.0143
3.1771
3.8029
2.4930
4.5825
4.8200
2.8622
4.5017
2.6033
1.6466
4.1463
3.6560
3.7416
4.1020
4.6165
5.0000
2.8622
3.9228
4.1463
4.0188
4.6165
4.1825
4.5084
3.8029
3.5898
4.3170
3.3138
2.9316
4.0188
3.8419
3.4681
4.3611
3.8029
4.5227
3.7416
2.4930
4.8200
3.8029
4.8200
5.0000
4.6165
4.4312
4.2402
4.8200
4.8200
4.2616
3.9908
4.5661
4.0979
3.5223
3.6703
3.4681
3.9908
3.3882
3.6454
3.4515
4.1178
3.6301
3.4994
3.9555
2.4930
3.0603
2.5418
4.1085
5.0000
3.8944
4.5237
4.5721
3.4158
3.8012
3.3685
4.6165
2.0331
