4.5861
4.0143
4.2964
4.8200
4.4298
4.0605
3.3971
2.9926
2.9926
4.4298
2.9926
3.7086
2.3042
3.0468
2.9148
4.8200
4.4298
3.9555
4.5446
4.2419
3.5054
2.4955
3.9683
2.9937
3.4681
4.8200
2.5864
3.8777
4.1085
4.8200
3.3671
2.9463
4.4298
3.4405
2.9158
4.1463
4.1463
2.9282
4.8200
2.9982
4.8200
4.8200
3.0569
3.1920
3.6870
3.9780
4.2419
4.4298
4.8200
4.8200
3.2038
2.8583
2.9892
3.5607
2.4922
3.9584
2.9361
2.8583
4.1463
3.6560
2.1925
4.4298
2.8004
3.3331
2.9813
4.1463
2.9711
4.1463
1.4217
1.3776
3.4501
2.9677
2.9565
2.9565
3.0050
2.2750
4.4298
4.4298
4.1463
2.9914
2.8583
3.0524
3.0524
3.3331
3.8641
3.9584
4.1085
0.8427
2.5864
3.5149
2.7794
2.9147
2.9452
2.9158
2.9158
2.9734
2.9734
2.9734
2.5819
3.4370
4.1463
3.9584
4.1085
2.3042
2.5864
4.1085
4.1085
3.0102
2.5466
3.6560
3.0073
2.9756
2.3861
3.0343
4.1463
3.7449
4.1463
3.5537
2.2389
4.1085
3.9003
1.9792
2.9982
1.4296
2.9756
1.6056
3.3650
3.0140
3.1452
3.9312
2.9418
4.5820
3.5537
3.3916
3.5537
2.3042
2.5864
4.0710
2.7760
1.6553
2.8639
2.9463
1.3799
2.8583
2.8583
2.8007
3.0050
2.9215
2.9858
4.4298
1.6891
2.9982
3.0434
4.1085
3.3331
4.1085
4.2415
3.9555
2.7258
3.1761
3.4853
2.9294
3.6560
4.1463
1.7828
3.6560
4.1463
3.7416
2.4803
1.3663
3.8641
1.2580
2.4896
2.0695
3.0750
1.6451
2.9181
1.4566
1.4566
3.0264
3.0264
2.3042
2.5864
3.1863
2.1937
4.1085
2.7647
3.4370
1.3426
1.8347
1.9792
1.6790
4.7699
1.6609
3.7676
2.6928
3.1452
1.8347
4.1085
4.2415
1.6090
1.3528
4.4298
2.9312
3.0106
1.4566
4.1463
3.6355
1.5334
3.1631
3.5570
3.7015
3.3331
2.7218
2.0808
2.5801
3.9312
4.1463
4.1463
4.1463
2.9294
4.3862
2.8515
3.5570
4.1879
2.4619
4.2888
2.9305
2.0311
1.7128
1.6304
3.4848
4.1085
4.2419
4.6165
2.5128
1.3635
3.3227
1.5977
2.5475
4.1004
2.4865
2.5396
3.3739
1.5571
1.8347
1.6677
0.7325
1.4428
1.6214
1.8674
2.1204
4.1085
3.3739
2.8223
2.9192
3.9908
1.3901
1.6575
0.8102
1.5103
2.2681
3.0509
3.7086
1.5289
0.8119
1.6578
3.3882
3.7416
3.7151
2.7427
3.0102
3.7086
4.2419
3.0242
1.5410
3.6429
1.3661
3.1806
3.5537
0.8378
1.6271
3.1631
2.4893
4.1191
3.0102
1.8751
3.0377
3.4681
2.7991
2.2335
3.5570
2.5237
2.9294
1.6361
1.5526
1.6530
2.5508
3.4370
1.2456
2.8567
1.7918
2.1272
3.4345
2.7015
3.3005
1.5125
0.7955
1.6248
1.6440
1.6293
3.1452
3.3331
1.0156
0.8158
4.1004
2.0695
1.3697
3.4250
3.0231
1.9498
3.5570
2.0695
0.8046
1.6406
1.0674
1.6282
4.7699
1.6564
2.0695
2.0695
1.2016
3.3331
1.7715
0.5630
1.5571
2.0695
1.5949
2.6846
3.7676
1.6508
1.5526
1.5571
3.4266
1.6711
1.6722
0.8204
4.7699
4.0710
1.4496
1.6654
0.7182
1.6530
3.6900
1.3381
2.6202
1.6993
4.5304
3.7086
1.4736
2.7485
1.4682
0.5942
2.4738
2.5328
4.1463
2.9822
2.8809
3.6560
4.1463
5.0000
4.1463
0.9883
1.6079
1.5526
3.3882
1.2648
3.1452
1.6778
3.3331
3.9684
3.0090
1.1268
1.0403
2.4487
1.9752
1.4359
0.8034
3.6703
2.8053
0.8350
0.7684
1.9160
1.6598
0.7549
3.0429
1.5472
3.8394
2.1909
2.8223
2.8850
3.1452
3.1452
2.7241
1.1451
0.0000
1.8164
0.9723
0.7662
0.6258
2.0695
2.8200
0.9106
1.3926
3.7950
0.4905
1.8367
2.5581
1.3683
3.9584
4.1463
3.3502
0.8260
0.8463
1.1384
0.7921
2.8223
2.0695
3.2725
3.4815
4.4286
1.1145
2.9486
2.6166
1.3458
2.4347
3.1549
1.7614
1.6316
0.5643
0.8435
4.3151
1.5980
0.7368
3.2355
3.0509
3.3769
2.8267
2.8223
3.5603
1.4222
1.3288
4.8899
1.5453
1.1911
1.4106
1.4801
1.1020
2.9210
0.0000
1.2560
0.6365
1.8271
3.7086
1.6093
2.8211
3.3329
1.3551
0.0000
2.3474
0.8062
2.6656
2.7350
0.7842
0.6303
1.1937
5.0000
0.3478
1.8849
2.9210
3.2308
3.5570
1.5747
1.6632
0.8192
0.9967
1.1392
0.7972
4.7714
4.2589
1.0561
3.0429
0.8164
1.4259
1.1472
1.2000
1.1852
0.7741
0.7651
0.8181
0.6901
0.7425
0.8429
3.0855
0.4764
2.7350
3.2491
3.7449
2.5649
2.0040
2.5672
1.4050
1.3604
0.7707
4.7956
1.1807
1.3779
1.4067
3.7396
4.5820
2.4272
0.4865
1.6621
1.2628
1.7772
0.0000
1.3570
0.8530
0.9567
0.9943
2.5432
2.8223
1.5486
1.9205
1.2045
0.9050
0.7713
0.5908
0.6698
1.2563
0.6830
1.1990
2.6117
1.4050
1.2238
2.7647
0.7160
0.8062
1.2289
2.8738
1.0185
1.0033
0.7224
4.2515
3.7746
1.6917
1.4596
3.2308
1.3328
0.5801
0.6815
1.2519
1.2171
1.4601
1.2941
0.9324
3.4681
0.5333
1.1671
2.7500
3.8278
3.1452
0.4629
1.1467
0.9569
0.6106
3.3212
3.3739
2.5192
3.7025
2.9004
3.2308
2.1892
3.0409
1.3021
1.7654
0.9163
1.2300
1.6587
1.0016
0.9896
1.3347
3.2641
1.9160
0.9949
1.2655
0.7775
0.5445
2.3927
1.2807
2.9210
3.3553
1.7061
2.1383
1.1996
1.1200
2.6634
1.1833
2.4512
0.7772
0.0000
0.6506
0.6495
1.0239
0.0000
3.8617
2.6707
1.2513
1.1347
2.5844
1.4390
1.0153
3.1645
2.8421
3.4681
0.5803
0.6371
0.6439
1.0884
1.4332
1.5335
2.3361
1.5954
1.3203
0.0000
1.6657
0.7899
1.9583
0.0000
0.6247
0.0000
3.1549
2.9292
0.6597
0.5383
0.5278
0.6151
0.6457
2.3446
2.5981
2.1872
0.7165
1.4584
1.0008
1.6918
0.7105
2.3897
0.0000
2.0512
0.7981
1.6650
0.8143
1.3946
0.6597
1.0417
0.8793
1.8626
2.5466
3.6585
1.0535
3.2522
0.0000
1.2152
4.8779
1.8589
1.0078
1.1759
2.2218
3.7973
1.3152
0.8896
0.0000
0.6725
0.8792
0.3218
1.2176
1.0143
1.0005
1.1838
0.6755
3.0429
1.1743
1.2921
0.7707
1.2468
1.6650
0.6738
0.6965
3.0429
1.2553
0.6731
1.5668
0.7532
0.5824
0.6247
0.6371
0.4210
0.0000
1.0253
2.7116
1.4095
0.6868
0.8170
3.3932
4.3082
0.7212
1.9205
0.8538
2.3587
2.2190
1.2045
2.0695
3.0940
1.1358
0.7014
0.0000
0.4960
2.4374
1.6018
0.0000
1.2264
0.6381
0.9277
1.1179
1.7503
3.8492
2.9094
0.9503
3.1879
0.9627
0.6089
0.6901
0.0000
0.0000
0.0000
0.7126
1.4765
0.7216
0.6410
0.6597
