3.042623957065799	100
2.376933335843836	100
2.2026060585191196	100
2.5109919781599057	100
2.323344136626682	100
2.580494270544466	100
2.4281614780135286	100
2.339616544413159	100
2.3789793053557435	100
2.2944319579213284	100
2.181836451934175	100
3.2568369753395006	100
1.9914812007558584	100
1.9836401312566578	100
2.0788884919435997	100
2.32157745510756	100
1.887068721100355	100
3.1477785022125904	100
2.244691904462185	100
2.1843892298961527	100
2.5811471376930104	100
2.3053917954842498	100
1.7363801433455603	100
2.6890464990918574	100
2.1708968217606848	100
2.060253621351625	100
2.078687229787422	100
2.0789956338054525	100
1.9639064034423193	100
1.7265251492189346	100
1.5647839259837726	100
2.0119420348159665	100
2.4202831294679563	100
2.435805687690651	100
2.6093471559626362	100
2.1501835839459633	100
2.257779703024074	100
2.80657060175995	100
1.952876080208131	100
2.1251156712039356	100
1.810809007704851	100
2.495378825640618	100
2.53948128201304	100
1.8995699209948214	100
2.2558392197848254	100
2.5644235308049526	100
3.1574877680802365	100
2.833458429060589	100
2.575332655623183	100
2.0383711322813176	100
2.8849864849626417	100
2.5120211745817693	100
2.6565154007515828	100
2.6148498102350306	100
2.5441030680172396	100
2.2068822073344565	100
2.649388163834698	100
2.397410546335817	100
2.812139669374738	100
1.5974778425868503	100
2.1399628731646683	100
2.7357421701492366	100
2.119339842752181	100
2.3516170686570717	100
1.8867256970976207	100
1.9735002231545806	100
2.6223272123338486	100
2.01712700445746	100
2.4804583463491356	100
2.076953012618052	100
2.36357285830747	100
2.4569708158181265	100
2.2990122326489257	100
2.561899256027596	100
3.2231648733152936	100
2.2773621041823158	100
2.3141719888627152	100
2.124415958687042	100
2.111413349544542	100
2.127821015999333	100
2.471517392015444	100
2.8090787839347895	100
2.0257149659748683	100
1.7735174503241895	100
2.2167676928071796	100
2.1436988115610114	100
2.3147538859601267	100
2.1950519073123744	100
2.3673487897156402	100
2.2889470589069996	100
2.2534989725813466	100
2.048980922549288	100
2.1061562144581165	100
2.045752423524635	100
2.392323965593603	100
2.0124966950628758	100
2.43493233286265	100
2.156348797694977	100
3.183412376457099	100
2.3559179683642766	100
2.646071329119119	100
2.9215270104501623	100
2.337182863479938	100
2.0792281733658897	100
2.435689437642967	100
2.604366552504808	100
2.641533189290815	100
2.359766484705453	100
2.802889970616426	100
3.1672624666237943	100
2.213774753295381	100
2.426967073725359	100
2.060204816805767	100
2.6748298630705594	100
2.3517093026720617	100
2.0224280186956705	100
2.106402325159915	100
2.242320342302485	100
2.8019864245590695	100
2.8703573965323415	100
2.401897476012199	100
2.81272756986223	100
2.279608239321965	100
2.2764569025027903	100
2.202401672631977	100
2.597499766514894	100
2.8434155822789995	100
2.185522991335963	100
2.7693232332617983	100
2.1978228675669076	100
2.768318083392425	100
2.6149020404232357	100
2.3896403323332307	100
2.2681502678585463	100
2.4930161324415754	100
2.886326228746978	100
1.948693386117995	100
2.355961205398522	100
2.164897241824971	100
2.404376197900565	100
2.4455534545731874	100
1.7723125094930292	100
2.102348909185776	100
2.1366572517108686	100
2.115733468822246	100
2.328438748960371	100
2.243173948994682	100
1.7690920171034556	100
2.4389627782344205	100
2.9449055081021753	100
2.1251594666289417	100
2.071302156974208	100
1.9675729371196513	100
2.1751722634909356	100
3.1144161822868144	100
2.3890478398293293	100
2.0576818825639878	100
1.5983450077342543	100
3.0977409409680066	100
2.4766905069530085	100
1.9492729149736667	100
2.5636204040306843	100
2.4687628204805607	100
2.1383870536990464	100
2.2737449531955205	100
2.232430578760406	100
2.6594528469248275	100
2.5252312124768257	100
3.164482629432982	100
2.7646123328650227	100
2.227250270617767	100
2.8630024650937353	100
2.1234974900434507	100
1.870290243695545	100
1.670188871989461	100
2.419256991082083	100
2.7789073523614043	100
2.082985665005887	100
2.7206865865108245	100
2.4699307238606423	100
1.5808766814520587	100
3.08214684024733	100
2.1197834003970106	100
2.6710568501954977	100
1.9088838160792048	100
1.9671356994669282	100
2.516550430453717	100
2.201843005363384	100
1.9313059677510402	100
2.2558327517685473	100
2.3768284464766833	100
2.786482282117057	100
2.6877101589761905	100
2.005923135185952	100
2.2994908035057846	100
1.9806781492645262	100
2.0873101346503415	100
2.161022835136634	100
2.3478853340098222	100
2.7252938120075134	100
2.537774299517502	100
2.0405933940955063	100
2.238912508729094	100
2.986215547602154	100
2.2860857128820307	100
2.2784121388518854	100
2.7121092475791038	100
2.3703034974262853	100
1.9322732605632398	100
2.2713927957190876	100
1.7906300554509123	100
3.0534380108414623	100
2.857401082976973	100
1.6646689107906862	100
2.367115773810073	100
2.151693084858138	100
2.7151887846350933	100
2.5565385412617907	100
2.7916477450116512	100
2.709484388352833	100
2.2230612776454213	100
2.0907203104297505	100
1.9996025986490085	100
2.5932518429759606	100
2.63081321821378	100
2.248694751702501	100
2.445453140182982	100
1.8737074876567823	100
2.167778146828545	100
2.5639060295130043	100
2.484848462758977	100
1.9550148272542858	100
2.596587566742866	100
1.8623257568818954	100
1.879915794465525	100
1.9910933370804318	100
2.471716336637327	100
2.10311236868651	100
2.3743316579884977	100
2.284369735604735	100
2.3250515968101424	100
1.9084462680401395	100
2.3031020298993954	100
2.106881889387419	100
1.9695808721717691	100
1.9571495548081468	100
2.794062073747613	100
2.7629475094511013	100
2.952787560755842	100
2.176895205781526	100
3.240613568772039	100
3.6310688388963035	100
3.2385627174928535	100
3.1877762209001634	100
3.667866315646798	100
3.4389582224705615	100
2.9365864113461133	100
2.9702274388684224	100
3.2229728048026223	100
3.38204867133114	100
3.3393143144562805	100
3.3688753324937326	100
4.120974332259191	100
4.151583183014428	100
3.164525436406028	100
3.247605921956268	100
3.4045223149460817	100
3.6944352281421655	100
3.227657316015759	100
3.121153616771566	100
3.1144161822868144	100
2.872840421602339	100
4.019543212192851	100
2.6505516592274376	100
3.2290060824847533	100
3.0654011979393463	100
3.1116366266264732	100
3.2537958564303655	100
3.263304379233501	100
3.110753971279387	100
2.9843786089147226	100
3.2370290757236755	100
2.3521833047511382	100
3.6037759236896396	100
2.812583939218892	100
3.4955796409139572	100
2.7079031386129158	100
3.8548960968571313	100
2.72877880350345	100
3.499866475266016	100
3.2918704130967367	100
3.5102273108134763	100
3.433000068020365	100
4.1349087342970074	100
3.0192262582351823	100
3.3898761665244477	100
3.466893384564286	100
2.876933796250323	100
2.6805771877810125	100
3.3639428829133844	100
3.3043450980426714	100
2.9797497327534463	100
3.2403848692435844	100
3.180296248542446	100
3.940114709149015	100
4.135533423075282	100
2.9140569906273917	100
3.3815579137608807	100
2.6136629906439217	100
3.8215071731902928	100
2.9531593190051	100
3.8011456986450707	100
3.546600953422735	100
3.6792184840985884	100
3.0935985061133717	100
3.4977592317260084	100
3.377334938942048	100
3.3367611901492586	100
2.661784467322062	100
3.9940757502467257	100
2.986774374807182	100
3.2073960235827417	100
3.67640962004457	100
3.0755097377476144	100
2.793684468219084	100
2.7864735646964345	100
3.6828719864993236	100
3.0779010098777135	100
2.9263821451150642	100
3.427849103945884	100
4.207078672250894	100
2.9410519033298996	100
3.6590819741567637	100
3.2098465462173933	100
4.125206452671621	100
3.328071194128606	100
3.237305109579632	100
3.267263050380616	100
2.408299205646859	100
3.1655257038433273	100
3.146783051263199	100
4.004501189270896	100
2.866184696677424	100
3.682940800785848	100
2.997280594764799	100
4.2299375679745586	100
3.2073960235827417	100
3.667866315646798	100
2.9528257001053424	100
3.071298908939671	100
2.6314186750602384	100
3.244348762900407	100
4.125601908734989	100
3.6732327853888265	100
3.081812378430201	100
3.303742107075963	100
3.31173141226086	100
3.1173475188237036	100
3.3734501274663913	100
3.0978186253518514	100
4.170891178436445	100
3.263510709502892	100
3.2392970917669417	100
2.80481129145578	100
3.0779010098777135	100
2.834141087012417	100
3.269629452297783	100
3.103324048581654	100
3.1467265021350066	100
3.4341429472474347	100
3.812781907994279	100
3.393981588431167	100
3.945165341558428	100
3.1816938097882157	100
3.2030721800553366	100
2.9447814913027357	100
4.120974332259191	100
3.0950031071152666	100
3.586904917420884	100
3.8363491561897916	100
4.125206452671621	100
2.8697702396915665	100
3.8598539275197012	100
3.468586683698418	100
3.2828432313285987	100
3.2781189200503658	100
4.002832842084294	100
2.8618333614125917	100
3.4734277754727887	100
3.6923472153196775	100
2.6928052361612447	100
3.5980240873195113	100
3.5614924629754086	100
3.1294284736434554	100
3.1795722833974063	100
2.8463107831574312	100
3.0691934824190064	100
3.3112821404144626	100
3.573549249424752	100
3.390999858382855	100
3.293149620196239	100
3.059103639627001	100
3.1397423588593196	100
4.298979147342793	100
2.9799361755008094	100
3.62673038574945	100
3.4034248315917983	100
3.0748842543291084	100
4.044235612359776	100
3.2200011453917883	100
3.239240645718924	100
2.8362962027770138	100
3.2136057702524763	100
3.5248633186350924	100
3.299314556170826	100
2.727448221592887	100
3.1248545805679093	100
3.9941821548324232	100
3.8067255542260794	100
3.874866258902526	100
3.559910202772624	100
2.6723475524676137	100
3.7934352192073417	100
3.027379601441231	100
2.8022119044196456	100
3.1011148659960095	100
3.4053247627373566	100
3.736264384804313	100
3.7369010385730634	100
3.7412805837379883	100
3.166138874492693	100
2.846368436434614	100
3.8476855886405508	100
2.617920365515847	100
3.2432684443858806	100
2.978808787320529	100
3.5154340798465076	100
2.9640063391752913	100
3.306582383321803	100
2.8387038302755205	100
3.1855574754554725	100
2.955446032757073	100
4.0523856384302315	100
3.4506516128791604	100
1.945929297586247	100
3.1131628738563375	100
2.72139909420412	100
3.300877746885611	100
3.1462739328823757	100
3.4293218843635023	100
3.7162074132193617	100
3.4206468757414443	100
3.3800698827257367	100
2.5609407282618015	100
3.324987620682391	100
2.3317047146248715	100
3.4395539849852073	100
3.3922941933945614	100
3.195531081216587	100
3.3956963109112013	100
3.117181253168332	100
3.490036191965552	100
3.1482366635909282	100
3.07673705082722	100
3.9164981233431924	100
3.5058476167401302	100
3.187986530444141	100
3.3510746272416627	100
3.6953458421188436	100
3.3233526024852917	100
3.060168737650706	100
2.7177986200483364	100
3.3587253919861197	100
3.105977208705644	100
3.3844923221396885	100
3.019291301732947	100
3.477145398271709	100
3.1418502778019772	100
2.7671778617919442	100
3.878771732677187	100
3.6778265017966847	100
3.0228799037506984	100
3.493275684277007	100
3.3847384055853733	100
3.449051823437733	100
2.9017281149469034	100
2.8447193284938623	100
3.2611516934075104	100
3.771109595361719	100
3.427088202840507	100
3.4954981741937	100
3.0256935894656016	100
3.386500789494579	100
3.287145941983095	100
2.989031290193908	100
3.683680546695944	100
3.5630212927986924	100
3.4781986812918477	100
4.107926036223399	100
3.367606429254238	100
3.989719423322609	100
4.239013887415861	100
4.208972463123726	100
3.515244569466195	100
4.125206452671621	100
4.064353828273763	100
4.343392169696934	100
4.077552239959225	100
4.5812736105897045	100
4.294689583618915	100
4.701901337902264	100
3.6156974869520546	100
4.11517822572785	100
4.194416984174255	100
4.143697872958072	100
4.2934009486218025	100
4.460593865189491	100
3.6345712387207882	100
4.591722653664837	100
4.028180827277099	100
3.856707916544629	100
4.154382329993645	100
4.191000762000007	100
4.0384607919327395	100
4.028859861896542	100
3.907126920264213	100
3.8536437012129725	100
3.8330811005679446	100
3.7635766490422826	100
3.438875515574325	100
4.300911438319881	100
3.7702087563730533	100
3.2226680586723844	100
4.232734775806262	100
4.4754893718019675	100
4.192179575469206	100
4.077327180043226	100
3.466006735746471	100
3.304235166509363	100
4.339348207607014	100
4.07754070593737	100
3.3984225724703903	100
4.318244794588752	100
3.687687041788819	100
3.991977535325677	100
4.668410129249345	100
3.8773885420203618	100
4.448064380354333	100
4.378687909788342	100
3.5461576644165826	100
3.356057793792669	100
3.8166377983631397	100
4.062559244277558	100
4.258999804754172	100
4.279319351642677	100
3.7167696401199652	100
3.369035564108445	100
4.460205986183117	100
4.085007880994641	100
4.142403068461217	100
3.356057793792669	100
4.2545236743271175	100
4.24854972326447	100
4.493658067006942	100
3.9873048524976036	100
3.7603966272833085	100
3.931190846766553	100
4.108133646835512	100
4.614317597124284	100
3.363369799001268	100
3.989719423322609	100
4.1123400060164945	100
4.000090056444872	100
3.8511096761303683	100
4.325837655324456	100
3.8191467038072853	100
4.077303932780897	100
4.331798701303288	100
4.83847980450453	100
4.238610225505541	100
3.278637405854723	100
3.5460375894015717	100
3.7684406549512275	100
3.551306925874081	100
4.32314237973883	100
3.8546641595133924	100
4.1667285824813725	100
3.44105437645068	100
3.2541221023452245	100
4.285504158850145	100
4.0622947910139375	100
4.077303900755446	100
4.025456764982966	100
4.370110019888261	100
3.347928408261042	100
3.9753073330638125	100
4.4754893718019675	100
4.314891436403952	100
4.124435160002946	100
3.5103938281218334	100
3.877688739757697	100
4.386078143766722	100
4.189990382513942	100
4.4531042154725675	100
4.598910813733689	100
4.040960922405288	100
4.2953438871723435	100
4.173602455714388	100
4.166548323916297	100
4.053807337603653	100
4.21767097749042	100
4.125206452671621	100
4.142493799422505	100
4.330081218912202	100
4.806090977023638	100
4.093181747349229	100
4.272913191268907	100
4.220543927035231	100
4.405305978849906	100
4.197801454168834	100
4.316605627541025	100
4.614718880212924	100
3.5859500540583182	100
4.2839764362021135	100
4.489853404071014	100
4.595325532303479	100
3.6324007539984606	100
3.609133684466026	100
4.436789239183726	100
4.4455652926933995	100
4.330543110597196	100
3.751267793062665	100
4.361678198535325	100
3.6430266731799525	100
4.43220315901412	100
3.2285903326860828	100
4.2729201347932	100
4.357753195815755	100
3.7038517591001066	100
3.349878126602198	100
4.059251729768167	100
3.6156971015905697	100
3.997776045887342	100
4.062007398224516	100
3.8484213641113683	100
4.284682033739116	100
4.22265076023346	100
4.4206432559638955	100
4.621355832773857	100
3.7739502564185363	100
3.8072313514946714	100
4.227989393256955	100
4.427347791822866	100
3.676402101082924	100
4.809056143564405	100
4.6095615839622095	100
4.142609924322753	100
4.638940331010842	100
4.621051839712534	100
4.135551320668615	100
3.8523749741177578	100
4.8707737305903525	100
3.685226263637962	100
3.9481127994913816	100
3.2685846879857374	100
4.305316370703216	100
3.9338769597928183	100
4.429808126270151	100
4.701985211007769	100
3.9774300165135683	100
4.614322916226467	100
3.397593951971148	100
3.845634717734149	100
4.6430398104736135	100
2.9950221130153984	100
4.745663333018731	100
4.755092991164557	100
4.034912237031389	100
4.285504158850145	100
3.890595466473021	100
3.9675542216205804	100
4.307379818516252	100
4.357753605493262	100
3.873162299019473	100
4.584337235403575	100
3.4280473299858203	100
3.919176567651487	100
3.8650190246187153	100
4.378583234232504	100
4.427354016144373	100
4.116349737187009	100
4.232734775806262	100
4.510997679641465	100
3.9232656549958316	100
4.205660788755534	100
3.9809855928187794	100
4.727566284775962	100
4.052744580710323	100
3.707658315929329	100
4.379904313961119	100
4.384836718669868	100
4.071140991357588	100
4.266339052495246	100
3.9079693155130837	100
4.456626258893345	100
4.386377064593446	100
4.382138460625358	100
4.1852200480296275	100
4.4327818668647545	100
3.6844608686677303	100
4.397824540777583	100
4.440206213862204	100
3.719289284888293	100
4.166757414037861	100
4.220446484501658	100
4.213672672263876	100
3.473021278801987	100
4.053807336566949	100
4.723293695837338	100
4.762120127747988	100
4.416092892290136	100
4.4480643803543325	100
4.400919602875731	100
3.94844653480242	100
4.274768680892867	100
3.961307993586435	100
4.2348939139956965	100
4.042884676985736	100
4.037794335480926	100
3.9531493229357366	100
3.7553102108590153	100
4.460952308592267	100
4.35765375755657	100
4.716523428356528	100
4.17362042316184	100
4.105833261761854	100
4.142354365321463	100
4.314056868739754	100
4.312530348547418	100
3.930856228699866	100
4.138718665332311	100
3.7698171480382188	100
3.713436876073812	100
4.1363904949084676	100
4.161975281925793	100
3.552459260167027	100
4.127959698966892	100
3.7426289242197575	100
4.340067379266437	100
3.506921802511086	100
