3.7506
4.6571
3.2448
2.8343
4.7613
3.9469
4.1172
4.7716
3.4356
2.5396
4.8807
4.1143
4.6278
3.8097
2.5859
4.6969
3.3578
3.6466
4.424
4.7248
1.2373
4.7947
1.5905
4.7947
4.7787
3.2476
3.0348
0
3.6281
4.576
2.566
4.669
2.8608
2.0316
4.5932
4.1116
3.3999
3.8237
4.7449
3.6685
3.5533
4.7947
4.6426
3.8263
2.4337
2.1094
4.5768
4.1772
4.7947
4.7143
4.6969
4.5376
4.6555
3.446
3.8324
3.1897
3.3478
3.2817
4.5817
4.7787
3.5623
4.3145
2.3043
3.6685
3.6655
2.9277
4.5768
4.5768
2.692
4.3026
2.9853
3.9666
4.6426
2.3892
4.5499
4.7787
2.8443
4.6969
3.2893
3.9329
2.3043
4.7416
3.56
4.7613
3.56
4.6969
3.6685
3.8789
4.3567
4.7787
3.3993
3.5575
2.1751
4.4045
2.4332
4.5037
3.8789
2.4923
4.5817
3.7797
3.5728
2.3269
4.7613
4.3557
3.5575
4.0443
3.7853
4.6969
4.3557
3.613
3.1016
4.5702
4.6969
3.175
3.7272
4.7947
3.7338
4.5702
2.7346
3.5027
3.3794
4.5578
3.6333
4.6165
3.3478
4.5624
4.1862
3.4034
3.56
3.8789
4.5678
3.8575
4.6142
2.6991
3.6022
4.5702
3.56
3.8333
4.424
1.9776
4.6969
3.9704
2.8067
4.7613
4.087
4.7143
0.062156
0.86153
3.6011
2.3626
2.6991
3.2768
3.6654
3.2768
3.5984
4.4573
0.5931
2.7255
2.6144
4.6969
1.1898
0.26257
1.7902
3.5575
2.8078
4.2019
2.9747
2.9317
4.7787
0.83791
3.3841
4.3557
0.84028
4.1134
3.5274
3.7223
3.8017
3.1992
3.5053
2.6991
4.7947
4.3557
3.5561
3.7491
4.232
3.8301
4.5702
3.5551
3.3306
4.8639
1.2513
4.6969
4.6969
3.6685
4.0933
1.5158
3.7334
4.7428
4.4819
4.6969
4.5817
4.7787
3.5064
4.7787
3.6685
2.8078
3.7332
2.9037
3.6378
4.0984
3.3478
3.175
2.2671
4.2184
2.9436
2.9037
4.7613
3.6622
3.2006
4.3454
2.5667
3.0754
3.9758
4.2452
4.6969
3.8789
2.8128
3.6259
4.424
1.8614
5
2.222
3.9038
3.5954
3.6685
3.7606
2.3566
2.1771
4.4941
4.8608
3.6536
3.3904
3.7658
4.5817
3.0922
4.6571
3.8706
4.121
2.5396
1.664
1.8625
5
3.9348
2.8408
3.3645
3.7491
3.5726
1.2513
3.5405
3.3304
5
2.9037
3.56
3.5405
4.424
4.2015
3.5216
2.7073
2.6382
3.5064
3.6281
3.712
2.6991
3.9641
3.9543
3.5647
4.7613
2.1158
1.9303
3.56
4.6098
2.8967
4.3557
3.2041
3.8789
4.7697
3.5575
3.7223
2.3967
3.56
2.1319
4.5388
4.0604
1.5158
0.15182
1.1549
3.9767
3.1888
3.5064
3.3453
4.5817
3.9737
4.3938
2.9037
3.6175
1.9159
3.56
2.0019
4.6571
4.3615
4.8639
3.9766
4.3557
3.8575
3.9748
4.4674
4.2827
4.7787
3.8701
4.3314
1.8625
3.3118
2.4728
4.0362
4.6431
3.8561
4.5702
4.5817
1.2513
4.7947
4.7449
2.9874
4.4016
4.5702
4.2358
1.1458
2.8696
4.7223
3.3898
3.2884
2.2303
4.3557
3.6685
4.5332
4.5736
2.4725
3.8789
3.3306
4.2896
2.5396
4.6778
4.6969
3.56
1.5158
2.9182
3.533
1.4003
1.0965
4.7947
1.9159
4.7613
3.3478
4.6969
4.2527
4.7947
4.5771
2.9037
3.3945
3.8789
4.7787
3.56
2.4865
2.3626
3.3478
3.2359
1.565
3.7255
4.7613
4.8639
0.062156
2.9586
3.6733
2.8467
4.2624
4.439
2.4231
1.8625
3.7079
2.2262
3.0162
1.0379
4.5462
1.7853
5
4.3567
4.6969
3.7334
3.9789
3.2506
4.4264
4.1099
4.6969
3.56
3.3993
2.6278
1.8625
4.0267
4.7947
4.7787
2.5718
4.6029
2.9616
2.5332
3.5574
4.4335
2.9299
1.8487
3.5882
1.8487
3.5575
4.5306
3.5575
2.3077
4.3557
2.5796
1.9547
4.7613
4.7947
3.5575
2.3354
3.6254
4.7646
0.52704
4.7787
3.4961
3.6342
4.5901
4.2968
3.387
3.8253
4.6571
4.7613
4.5702
2.9509
4.5702
1.5736
3.56
4.7613
3.6043
3.5984
3.6536
3.2565
1.0556
3.2158
3.941
2.3541
3.8789
2.594
1.2513
