3.0043
3.3111
2.8074
3.9232
2.746
3.0617
3.4328
3.295
0
2.9722
3.097
1.0745
2.4608
2.5025
3.0949
2.5005
2.5777
3.4032
2.6432
2.4633
2.6191
2.3789
2.4784
3.1366
3.3199
1.7634
3.0437
4.3847
2.9616
2.5223
2.1798
3.1653
2.3827
3.4894
2.4926
2.6658
3.2144
3.455
1.0751
2.4241
3.0216
3.6973
2.1211
2.7245
3.1242
2.4968
3.1698
2.9507
2.8777
0.28044
1.8852
2.9676
3.0937
3.5433
2.9594
3.6596
3.6868
2.9808
2.1787
1.8074
5
3.4031
2.5496
3.4706
1.0336
2.2636
2.2536
2.3622
1.4298
1.9263
3.0617
3.1816
3.7284
2.6164
3.672
3.3711
3.293
4.6682
0.80648
0.7441
3.7375
3.8474
2.2463
0.28785
0.096717
2.4146
2.4644
2.4213
2.8373
1.0993
3.3761
2.027
3.2225
2.3055
3.1278
2.5252
3.1305
5
2.9932
4.6784
1.8869
3.0536
3.2286
0.95812
3.6179
2.5456
1.9844
3.294
3.5966
0.97904
0.79431
2.8669
2.3103
4.0083
2.0879
2.7117
3.0027
3.0368
3.428
3.0067
3.379
3.1747
2.8898
2.9295
0.77214
2.9026
3.4391
2.2335
2.4896
2.2602
3.2389
1.8349
2.0144
2.5404
2.4574
1.6161
0.65332
2.1646
3.5021
2.5147
3.6383
2.5233
2.5408
0.0962
3.3145
3.0398
3.3454
2.6892
2.8693
2.8854
2.6894
3.3205
0.16469
2.7449
3.5002
2.5721
2.6785
0.93319
1.7
2.5528
2.4863
3.1756
3.4332
2.0484
2.7357
2.566
1.2252
3.1071
3.9868
3.9179
3.2701
2.515
3.2544
0.93523
2.3776
3.3507
2.5398
3.3627
5
0.92821
2.7798
3.053
0.62907
3.1356
2.3665
3.1477
0.3518
3.273
2.8946
3.5562
2.8207
1.957
2.826
1.5325
0.51071
3.067
3.2633
4.2235
3.7839
1.2021
2.57
0.42114
3.0716
1.8862
4.2554
2.8934
2.1864
3.3323
2.8104
2.4845
2.6363
4.0959
1.4227
2.5412
3.7709
2.5724
2.5815
2.7729
3.4919
2.409
1.7293
1.1065
1.805
3.0526
3.4284
0.87678
2.8036
2.9349
3.3398
1.7848
1.2233
2.2963
2.5697
2.9135
2.4967
2.8449
0.2223
1.1446
0.79554
0.93578
4.0166
2.6135
0
2.8374
1.3749
0
5
2.597
5
0.3863
2.2151
4.1162
3.5389
3.4822
4.1998
4.5371
3.7757
3.5938
4.0675
2.9966
3.0132
2.8991
4.4177
3.7584
4.0368
3.2952
3.4517
3.7095
3.0027
2.4544
3.4022
3.2145
4.8108
3.535
2.3514
4.5852
3.4007
3.7156
3.9087
3.6306
2.8493
3.2773
3.4192
4.8129
0.87577
2.7636
0.19754
3.6397
2.6553
4.267
3.0048
3.5527
4.5676
3.7761
3.7762
4.1866
2.0483
3.2833
4.0377
2.9057
3.6516
3.2669
2.9611
1.9421
3.7596
1.7743
3.7618
3.7414
3.5726
4.6557
3.7135
4.2534
3.48
4.1022
3.7518
1.7968
3.9877
3.5809
3.3808
4.2688
3.1914
3.0753
2.4427
3.8386
3.726
2.3252
3.342
4.859
4.5533
3.5669
2.6307
3.7432
4.5626
2.11
3.823
3.3312
3.8928
5
3.3045
3.1944
2.9541
2.2309
3.5768
3.7208
2.7987
4.4294
3.723
4.1124
2.9565
3.5061
3.9937
3.483
2.6941
3.606
3.1615
2.1651
2.2974
3.8306
3.6144
3.7345
3.6977
2.8638
3.8112
4.4549
3.8413
1.1639
4.2757
3.3505
3.0731
3.9249
4.0361
3.8505
4.4931
3.9112
3.7064
3.0609
2.7602
3.8537
4.8983
3.4335
3.7054
3.3839
2.6044
3.7772
3.8815
2.8197
4.2619
4.2675
3.9003
3.8603
3.4063
3.3175
2.4851
4.3463
4.2009
3.8876
3.4584
3.1815
2.8966
3.2195
2.9852
4.1239
4.3421
3.5307
4.0647
3.291
2.424
3.8278
4.0032
3.2666
4.2504
2.3631
2.8783
5
3.206
3.2863
3.0338
3.7314
3.2151
3.4314
3.4003
4.0689
3.7444
3.5667
4.1843
3.5675
3.864
3.8268
3.3367
3.1805
2.9258
4.2759
3.9357
2.8979
3.3837
4.8695
4.3995
4.0165
3.4661
3.4054
3.9555
3.6114
4.9792
3.9093
3.5868
3.3458
3.4685
3.1035
2.4851
3.6308
3.2184
0
3.6035
4.7684
3.4104
3.8075
4.1597
3.8697
2.5247
3.2386
2.4853
1.6055
2.6709
4.5474
3.8018
4.714
2.7612
3.1552
4.3902
4.2047
3.192
4.2167
3.7958
3.5302
3.3357
3.8918
3.8947
3.7061
3.8257
3.4944
3.6863
3.2317
4.6132
4.3351
2.9315
2.7386
4.0548
3.2101
4.291
4.2058
3.5511
3.4168
2.0434
3.2791
4.5721
4.3427
4.9544
0.86707
4.3851
3.7028
4.2511
3.4164
4.3428
5
3.1673
3.9286
4.7329
4.2145
3.7364
3.8757
4.8049
4.8716
3.8368
4.6781
3.5387
3.7626
4.4351
4.2593
3.7017
3.2903
3.5462
3.6167
4.4659
4.2714
4.6235
4.2416
3.7665
4.6639
4.3396
3.1762
3.6971
3.946
4.8299
4.5844
4.3178
2.6768
3.1492
3.8195
4.6686
3.7452
4.4411
3.5528
4.3989
4.1354
4.4805
4.1183
4.8333
4.2361
4.2655
3.8508
3.5867
3.4464
3.8823
4.0451
4.4296
4.3053
5
3.5327
4.0703
4.1513
4.451
4.3309
3.5488
3.4881
4.464
3.3692
4.277
4.3804
4.1695
4.0165
5
4.0909
3.309
4.584
4.0589
3.1113
4.3719
4.0086
4.8421
4.2749
4.5324
3.2877
4.0061
4.1906
4.5043
4.5924
3.8132
4.1704
4.3656
4.1784
3.9533
3.9999
4.4368
4.178
3.4909
3.2149
4.4382
3.9863
4.8497
3.4695
2.9981
4.7587
5
3.9787
3.984
4.4439
4.0986
3.7197
3.5927
3.4543
3.721
3.9583
3.6204
4.0307
3.9803
3.839
4.6623
3.5298
2.9984
3.413
4.2111
3.943
3.1789
4.3429
4.1659
3.6707
4.2196
3.9722
3.8757
3.6576
3.3615
4.9899
4.2684
4.7018
4.2128
4.6812
4.1451
4.3746
4.2123
3.6281
3.8959
3.9578
3.6507
3.4483
4.5556
4.1308
3.9063
4.6583
4.4172
3.8583
3.4764
3.5818
4.3109
3.7975
3.4056
4.3523
4.2459
4.5074
4.6654
3.9391
3.9665
4.7481
4.273
4.0209
4.1614
3.787
4.5069
3.7418
4.1479
3.9474
3.4484
5
4.6529
4.0089
4.7694
4.1733
4.519
4.0575
2.8045
3.6224
3.4651
4.3097
4.85
3.3677
4.7335
3.668
3.8122
4.3646
3.7519
4.0829
3.5124
4.2133
4.4423
2.6977
4.0626
4.1737
4.3022
4.5685
3.9903
4.4347
3.6688
4.0054
5
3.8272
3.0421
3.9551
4.2635
3.8132
4.3184
3.8015
4.0005
4.4963
3.9434
3.5212
4.0838
4.1688
4.8557
4.2993
4.0555
4.2781
4.8683
4.4145
4.2796
3.6547
4.2174
4.3104
4.0662
3.1993
4.4877
4.1443
3.8432
3.8264
4.4104
4.2162
4.3234
4.6805
3.7537
3.2836
4.4928
3.9379
4.2479
3.8301
3.5095
4.1858
4.638
4.5671
4.4821
3.8252
3.853
4.4137
