3.4851
2.3905
3.9604
2.9037
1.4175
3.6366
2.232
3.1383
4.2719
3.8255
3.5579
3.5182
3.4628
3.2591
3.7796
3.1455
3.125
3.5504
3.1329
2.8464
3.9697
3.4585
4.6271
4.2902
3.4988
3.7624
3.7139
2.7446
2.9435
3.8498
3.1756
2.5947
3.0738
3.1049
3.4192
4.3713
3.6674
2.659
3.7452
3.6513
3.5669
4.7961
2.8405
2.9089
3.8223
2.1083
2.7739
3.6923
3.3254
3.6647
3.6782
4.1466
4.2444
3.3452
1.6484
3.5843
2.5526
3.253
3.34
2.1264
4.2942
3.2485
2.8791
3.6396
4.5253
3.6912
3.5721
3.0979
2.9795
2.8861
3.3837
3.3386
1.7533
2.9457
3.186
2.2973
2.9109
3.6194
3.347
3.7543
3.4307
4.2823
4.3196
2.4194
4.5042
3.6759
3.0364
1.9131
2.6943
2.9451
2.9116
3.7367
3.4759
1.044
2.9864
3.8665
3.148
3.6862
2.5078
2.8016
2.8217
2.6472
4.2639
3.4125
3.7885
3.5449
4.2354
2.7262
3.9611
3.2485
2.6458
3.5006
3.1997
3.1952
3.5785
1.2871
3.0547
1.3692
1.6131
3.6332
3.7873
3.4254
3.6647
3.8641
3.862
2.7145
4.2091
3.8556
4.5642
3.316
3.2782
3.5393
3.1649
3.4463
2.7671
3.4188
3.6832
3.7098
3.1907
3.8861
3.8915
3.6098
3.9918
3.6187
3.4526
3.0781
3.3937
3.8677
2.911
3.7618
3.3348
4.2546
3.267
4.1306
3.3682
3.8719
3.709
3.4785
3.1554
3.144
4.5793
1.2035
4.1713
4.0881
3.5485
3.3631
3.8086
3.2114
3.5796
1.1763
3.5814
3.9092
4.3421
3.513
3.6435
1.5674
2.9162
2.0941
2.9671
1.3648
3.2257
4.4094
3.5643
3.4899
2.1386
1.5522
4.4916
3.9131
3.5747
3.442
3.5599
4.1927
3.1925
2.9092
3.1018
1.5036
3.6977
3.6722
2.7717
3.2561
4.0024
3.1251
2.9701
3.1542
4.4461
4.0848
3.5187
3.259
3.5215
3.4421
3.749
3.7523
3.5929
2.6972
3.4549
2.7431
2.8042
2.3138
3.2605
1.0169
4.4768
3.3441
3.6355
2.9859
3.3104
3.3635
3.653
3.6398
3.5297
4.1399
3.5253
3.3589
3.4305
3.2047
1.1106
3.6718
3.0837
2.9255
3.0304
0.69736
3.4281
3.394
3.1119
1.19
4.5081
3.3222
3.4578
3.2685
3.3447
3.7866
2.4119
3.4612
2.7345
3.6089
3.8351
3.496
3.1721
1.7607
2.0718
4.3431
3.2493
3.3698
3.3989
3.9792
2.3352
4.1095
4.1322
2.607
2.7168
1.2806
2.9791
3.3873
4.6023
4.3385
2.8989
4.0235
3.4851
3.8836
3.2733
3.5919
3.6893
2.1229
0
2.9158
3.8417
2.8859
3.4851
3.3253
3.8732
3.5809
3.3202
3.2112
3.5284
2.9088
3.7572
4.4021
3.2708
3.2689
3.3336
3.562
4.1329
3.1947
1.9802
3.326
3.2641
3.6372
2.4131
3.4577
4.1061
3.6996
2.6954
3.5193
3.3481
3.8164
3.0838
3.0029
3.0248
3.5068
1.4336
2.4448
3.5419
2.8143
3.8266
3.5209
3.5901
2.8986
3.4505
3.1908
4.0316
4.28
3.9624
3.521
3.9548
3.3691
2.9913
3.5159
4.2125
4.002
3.2337
3.4348
2.8358
3.2664
3.5944
4.0736
3.5294
3.2163
4.5182
3.849
2.9691
3.1335
3.9873
2.8498
3.0995
1.9945
3.3291
3.7413
3.0757
3.7941
3.2921
3.0407
3.206
2.8977
3.3123
3.309
3.4822
3.1601
3.8307
2.0354
1.2551
2.459
3.0573
3.6686
3.3228
3.285
3.4051
3.0072
4.627
3.2821
3.8899
3.3575
2.5026
3.1743
3.0969
2.9568
2.5046
1.9855
3.4025
3.5323
2.9658
3.5885
3.6933
3.2631
3.7208
3.8452
1.869
4.2607
3.6808
3.1405
3.1536
3.3836
1.3989
2.7771
3.0547
3.1301
3.8414
4.0896
2.6505
3.684
3.1627
3.7392
4.5495
3.4611
4.2604
3.1607
3.4655
3.268
3.3004
3.5483
3.7859
3.7629
3.3976
2.4707
3.89
2.6753
3.6115
3.5441
3.7245
3.6402
4.4341
2.8175
3.585
3.2654
0.44561
3.2603
3.6232
3.0234
2.9763
4.3763
3.5267
3.3283
3.9706
3.3386
3.056
3.7293
3.5936
3.4513
2.932
3.4687
2.1975
2.4038
3.391
3.561
1.4954
2.3358
3.7847
3.0528
3.4403
2.9997
3.5468
3.9099
4.2981
3.7482
3.3455
1.1121
3.2107
3.3759
2.8012
1.7961
3.668
3.5795
2.7687
3.5383
3.6754
3.7009
4.0563
4.8048
3.3629
3.6034
3.8498
3.0957
2.4746
3.7895
3.4961
3.1556
3.4251
3.7442
3.394
3.9597
3.2505
3.7566
3.7869
2.9711
3.1105
3.4346
3.3543
3.3279
3.5201
1.0638
2.851
3.6157
1.1203
3.9302
2.6582
1.6144
3.9532
3.7516
2.0668
3.5951
2.9777
3.5867
2.0393
3.2093
3.8371
4.2256
0
3.308
2.0376
3.6524
2.8731
3.4384
3.3111
4.4481
3.6561
3.6415
3.7109
3.0919
2.5891
3.4312
2.6378
3.7606
2.2473
2.8208
2.9475
3.4296
3.0965
3.5135
4.5114
3.7864
2.4435
3.4072
3.9351
0
4.6468
3.2816
3.5629
4.0201
3.6635
2.9886
3.7712
3.5032
3.914
3.4875
3.2823
3.3173
3.4747
2.9307
0.92366
2.5265
3.7103
2.7004
2.7663
3.4504
4.542
3.1752
4.1609
2.7591
1.814
3.4532
3.4657
3.178
3.8501
3.9339
3.5256
3.4319
2.5964
2.537
3.3751
3.6716
2.6607
3.3371
3.4774
3.1118
3.4355
4.0209
3.9804
3.2608
3.9069
3.323
3.5595
4.0206
3.8096
2.9517
1.949
4.6291
3.5945
3.8227
3.6481
3.4308
1.7495
3.7729
3.5751
2.7319
4.12
3.6337
3.2989
2.9006
3.5464
3.3443
4.417
3.1789
3.4535
3.1225
2.8489
3.067
3.7133
3.6037
3.8519
3.1314
3.2908
3.094
2.6408
3.4281
2.8062
2.6409
2.3633
3.1266
3.5482
3.6541
3.9093
3.3989
2.8261
1.483
3.6207
2.9766
3.2218
3.2353
2.6144
3.6291
3.6721
3.5924
3.0799
3.056
3.7062
4.4064
3.6623
3.2427
3.1232
3.2621
2.8067
3.7316
3.125
3.0726
3.1311
3.7751
3.4409
2.2067
2.3541
2.7621
2.0208
2.3323
3.6278
3.1361
1.4867
3.1332
2.7592
3.9961
2.4809
2.9098
3.8352
2.8874
2.5774
4.1416
3.0895
3.2293
2.8327
2.6894
2.5548
3.3985
3.2677
4.0219
3.9225
3.4944
2.6143
2.4964
4.0398
3.3499
3.2581
1.1076
3.0394
4.0085
0.60119
3.3314
3.468
3.2914
3.5738
3.2451
2.9579
3.3283
2.8058
3.6493
2.8853
1.5456
3.5207
3.728
3.442
3.7351
1.8325
1.1336
3.1201
3.4083
4.1306
3.0068
2.743
3.5596
2.6873
1.1587
3.5835
3.1634
4.4331
3.5334
3.8747
2.2011
4.2267
2.7318
3.151
3.5228
4.0278
3.6897
3.3713
3.1188
3.3743
3.6054
3.1999
2.8717
2.6115
3.3014
3.5938
3.4394
3.1267
2.5868
2.6704
3.249
3.3637
2.8238
3.6666
1.9663
3.4602
2.2858
2.8025
1.8809
