0.6651223073071436
0.3886538595963952
0.5527805682094737
0.6900000000000001
0.5678481331219495
0.5866685363687506
0.5866685363687506
0.5062640150283787
0.42988517314161384
0.1728803545051699
0.18604195318555816
0.47960768793854547
0.44463475853369727
0.69
0.6388159013271364
0.47904883910505935
0.5377295848628565
0.552283086325373
0.2439518395093589
0.570720941530155
0.5062640150283787
0.5394680862287229
0.42853632368430994
0.4823837683649658
0.6899895014728287
0.6972141564885241
0.6900000000000002
0.14922184853515974
0.4417232223572924
0.764718518574621
0.5315425504493633
0.6884194464232667
0.732662330943628
0.288381825464913
0.4376972727608039
0.19918584287042093
0.5551708364899236
0.6651223073071436
0.0
0.5054085945333576
0.7880778946293433
0.21566094758448878
0.6477756898392621
0.30235150506428976
0.56492122201756
0.6651223073071436
0.2734156056502302
0.44463475853369727
0.7118628195824114
0.7486307105600847
0.30235150506428976
0.6817801843719924
0.4527200876589823
0.411626385065649
0.5317357041597194
0.6188685642284014
0.32066391421704177
0.7298105518259851
0.574522132705172
0.6384409503902551
0.3095049325703834
0.48230133256225877
0.32527953842912033
0.6274091934289796
0.5318658098010755
0.6250045082535719
0.4559416545533472
0.7993941588718937
0.580902520356284
0.8619999999999999
0.19143874088522692
0.7163608834695153
0.6900000000000001
0.7486307105600847
0.745468755133692
0.4691479122014724
0.6228967537450987
0.5356817513731488
0.4600000000000001
0.5315425504493633
0.19918584287042093
0.580902520356284
0.9999999999999999
0.29594343176552806
0.7130493578775636
0.057117811376078235
0.8010660682813358
0.7073616736355827
0.7163608834695153
0.4600000000000001
0.6409374311958861
0.08304832240103885
0.6900000000000001
0.7027545259739891
0.834653119904995
0.3406676971873314
0.7526020239494337
0.16977012286645904
0.4662781262203775
0.1728803545051699
0.3170898466673756
0.5432198490724165
0.39837168574084186
0.0
0.3679860349425509
0.4674945655663552
0.6971008637122345
0.33011808277781
0.6477756898392621
0.5981879298507554
0.3145925998599906
0.7136899541211165
0.881657681999175
0.12686153992409197
0.39837168574084186
0.6795167005478153
0.42298471784812
0.6258421064733461
0.4399361123624098
0.3111379457681683
0.39780873405939055
0.8570289771397115
0.0
0.16346788067617957
0.2185501316657825
0.5170963173611067
0.6258421064733461
0.4710919561539538
0.0
0.38508628532876
0.5151518944419841
0.418248652178664
0.5471284410148569
0.4179772274858053
0.47619468362912276
0.3646543331751203
0.12630487702287824
0.47906425872797714
0.9075575286112627
0.31287247554076214
0.548387126969601
0.31130896043103845
0.4366797232212176
0.5394680862287229
0.48235279003629977
0.1728803545051699
0.17462712245090328
0.7691727448987602
0.7653819232633197
0.6005351637652135
0.7480031072529938
0.7299789465270827
0.49888487296606493
0.4437452984068748
0.4437452984068748
0.740496799598673
0.6909903311589778
0.6451457977913991
0.312032946917656
0.9999999999999999
0.21566094758448878
0.6900000000000002
0.345
0.5395837865722466
0.9999999999999999
0.6700328505213262
0.5526552054846323
0.5033912077839261
0.17220556057993186
0.3133692126658973
0.13035607348969505
0.411626385065649
0.6576461903530452
0.7490374183853458
0.708810551825985
0.3928332258055617
0.22424588408910545
0.6274091934289796
0.5748406125963635
0.6651223073071436
0.5054085945333576
0.7586300547364513
0.41044604212894364
0.580902520356284
0.29962506431271696
0.5959726386825787
0.5591924519930729
0.9999999999999999
0.6817801843719924
0.7849170514238947
0.6872238420931568
0.6623049940970127
0.6899014167949978
0.708810551825985
0.5054085945333576
0.47846258956706245
0.46993127427113657
0.9999999999999999
0.3298125650952649
0.5153922787481839
0.69
0.0
0.5975609551539329
0.6047856081195311
0.8268155249240198
0.5716059654474142
0.5155968495587232
0.6900000000000002
0.6817801843719924
0.48654543571995346
0.29594343176552806
0.4234608505269245
0.6900000000000002
0.5655368908937134
0.30235150506428976
0.4600000000000001
0.6444043043060227
0.1857238165208157
0.7189775524594642
0.34234513606815986
0.9042703176710402
0.6651223073071436
0.08055136628810494
0.7163608834695153
0.6158228072714668
0.46341969488513857
0.6369204679170652
1.0
0.6900000000000001
0.45155612118100946
0.7073616736355827
0.2872814408154526
0.2009593647694818
0.39837168574084186
0.9074710850703726
0.8430861553640396
0.29594343176552806
0.2890290505444783
0.5678513335406086
0.6221985897711078
0.8460210668190925
0.7172862726263239
0.7189775524594642
0.6900000000000001
0.38482855005081834
0.49859289267097695
0.8834122648535474
0.19918584287042093
0.5318658098010755
0.5280650951041524
0.9475944013023491
0.69
0.562874509040184
0.2009593647694818
0.7551550350605413
0.411626385065649
0.3332065223597255
0.5803582828342302
0.6407886344941827
0.19918584287042093
0.5836624715899141
0.49247584331108185
0.5432198490724165
0.39837168574084186
0.4658961010036531
0.6386422991309217
0.9999999999999998
0.7452826684518696
0.6900000000000001
0.5953829512052691
0.32053319539196307
0.9999999999999999
0.6239245214781418
0.7388773810954842
0.5723878927906274
0.5264085371038584
0.6323853975207174
0.7493542273989474
0.32729573782742727
0.24259580784462917
0.2009593647694818
0.6258421064733461
0.5024083592703463
0.7804683701904557
0.37741164736302707
0.4921369006463773
0.6900000000000002
0.4627434646911387
0.12686153992409197
0.6685385113302897
0.5814367199537631
0.6258421064733461
0.4661483529137032
0.680145129889701
0.9999999999999999
0.6940718382871647
0.2928775258677815
0.6369204679170652
0.42479760773695696
0.6369204679170652
0.5535997292168977
0.4401139541536998
0.5985683243665203
0.4857481436649392
0.44391563142639723
0.4297513975601487
0.6941983066342992
0.39837168574084186
0.2376910522891021
0.6258421064733461
0.303266935783442
0.8010660682813358
0.574522132705172
0.6221985897711078
0.4401139541536998
0.904696466054961
0.1728803545051699
0.732662330943628
0.476368849796698
0.49644451534070955
0.43033256840378703
0.39837168574084186
0.6977171099561494
0.46290305686635913
0.5428307218409706
0.31693508499510625
0.69
0.6900000000000001
0.345
0.5797078166132635
0.4927569215864457
0.6670669796461608
0.4403151931346222
0.3046612719031568
0.5638457590920517
0.7169435545098688
0.3027126205930152
0.4248960366503761
0.6527792619449369
0.6871571091952021
0.7852737060982213
0.6651223073071436
0.6651223073071436
0.17815723392554117
0.32263848745784873
0.40436047864462354
0.4401139541536998
0.3852646404143948
0.21566094758448878
0.69
0.5062640150283787
0.7486307105600847
0.5246374389015791
0.7532025962133284
0.5287437667386713
0.708810551825985
0.5967457975372181
0.6164875105177869
0.411626385065649
0.38980235377731004
0.626685032822307
0.4006340208941573
0.7362664613614623
0.6900000000000002
0.47131133771893097
0.7163811275838363
0.9999999999999999
0.7462870848156028
1.0
0.5797078166132635
0.881657681999175
0.21342515657585714
0.5926516354742571
0.8619999999999999
0.34808306912687653
0.411626385065649
0.0
0.5345830452198607
0.12686153992409197
0.411626385065649
0.6188685642284014
0.29594343176552806
0.4297513975601487
0.8010660682813358
0.5345830452198607
0.4297513975601487
0.6477756898392621
0.4559416545533472
0.789565588015926
0.19918584287042093
0.4273139153862433
0.69
0.1373017733836382
0.636032017341549
0.28733253325948405
0.2544778128115693
0.07201022036500025
0.08304832240103885
0.4600000000000001
