0.3291685138407057
0.31484205108193225
0.2736007876365064
0.46433385025877283
0.2804162495015377
0.199322450380518
0.163627118836393
0.0
0.28169132042006545
0.20927942397171
0.21680531248769946
0.38349069030692506
0.23864138254430117
0.5232876898012945
0.4270019483892745
0.16853619621673857
0.25589689066613114
0.4677859673321388
0.18475759405920064
0.0026227587395662388
0.17301234691282008
0.10167009054334818
0.2800366908012631
0.4354581816875343
0.5282767432242539
0.09266591531176022
0.24953778047190858
0.21850472252977063
0.32587694133826955
0.001175915974972394
0.05915411830723445
0.0016718346377260585
0.502271269609183
0.22013109470216247
0.0732182066751517
0.1300919792941192
0.005732088850760341
0.27937248016787813
0.3669690836735073
0.2775842481522954
0.21373059878226797
0.20058581003681347
0.17649571034985867
0.25370927736507176
0.0
0.4948682128559417
0.7486343089996288
0.3099330673729959
0.3272156722567737
0.24763052568535548
0.25588744711816747
0.4120902322403386
0.3074276235795658
0.43404533891029595
0.4262086351319434
0.384252032913911
0.2783139127676985
0.3254333316872321
0.28169132042006545
0.37814672675369093
0.0018165087447091256
0.23107052172717216
0.28088931611897605
0.1160580976206157
0.23278946060346623
0.0025609967695101247
0.4296863627962492
0.10840898543680376
0.41271770503890454
0.03668051664827918
0.44648554026735876
0.29547405919962394
0.37796630399860814
0.057948348852513785
0.0633521814719833
0.45777679824355494
0.17866539199798878
0.2388514614303661
0.24646729370014464
7.999366741865077E-4
0.625341683752242
0.5933768208664829
0.10691563786840459
0.16368468508686526
0.3020965472884254
0.0028592908944346062
0.20559362606675413
0.13798305244658002
0.23451365876306687
0.0
0.5109732416218623
0.40890426503843724
0.0
0.17168878229037388
0.4346320392847353
0.1800262087882877
0.3015609688184068
0.22313096433158527
0.49281008036631957
0.3322742035853924
0.3682169551943501
0.46502302904653897
0.16292574155746503
0.0032294284933162836
0.23040693902382192
0.31846907361996485
0.12698320280526365
0.39514352603294317
0.208861495950632
0.3088228816119061
0.002900247484019325
0.32188626340568116
9.520016585998899E-4
0.19734584539131575
0.0
0.3025172046102394
0.21077632804359406
0.24585236157929852
0.4124835876784476
0.1625373073964105
0.2074505609199218
0.1542886904474855
0.401981814865189
0.20125457766735372
0.1389317230033962
0.18085226488618478
0.5720033627092409
0.13760740156427606
0.28169132042006545
0.0011413859361026322
0.5050160345732247
0.2852165120831753
0.0859138305558674
0.29864516989577733
0.16959841634940762
0.4243839942723763
0.1156726044482562
0.20269036358489204
0.16335930321428954
0.46243518086602636
0.22834511192379536
0.3439391929857916
0.0832685345661131
0.0014274299515893356
0.001729067034994503
0.3230449252314105
0.3344773228178647
0.1303977431881834
0.3392160787499112
0.3075693652566621
0.17891319181389415
0.3230220439162068
0.17938476883759338
0.09787345536241268
0.34789473684210526
0.4746993388944191
0.08893774301684529
7.118330144552877E-4
0.5942921075119716
0.3166175639995523
0.36488545986664744
0.3541407850344515
0.09765090421016907
0.45579187973765745
0.22628696740300616
0.3692261504185467
0.24511516763169466
0.3447587739765058
0.6218243272459726
0.2458932138576916
0.1873028074840692
0.34511668414801083
0.04407145948014503
0.13507238077447728
0.0028724249481071307
0.3964691918942109
0.502816080738467
0.5938622459752807
0.7801127190568025
0.330826295834251
0.0
0.47656859399239115
0.2805763169484809
0.002954195783503986
0.138631005404316
0.4225369806300983
0.07819460359800717
0.43574342692903545
0.1517122494578894
0.0
0.002315006523653789
0.0778131717895376
0.414199244302174
0.003980287735179482
0.003479036431470381
0.12365827393277673
0.16571648149225218
0.10646692831488584
0.35517821277566364
0.3065907569268948
0.45003233297635603
0.3144023706447403
0.3266708404351531
0.24529296326454
0.12668202839575288
0.28323692250217286
0.41607350458028863
0.3973568444860028
0.3447880240018944
0.5859278079696479
0.0025480821251680076
0.6259162096341316
0.5230523133637177
0.3439391929857916
0.33782929644349163
0.32173447369593267
0.2766720909336594
0.28728311486363933
0.5753656360980836
0.28169132042006545
0.11634657998586621
0.0025717224993681985
0.0
0.417759711452435
0.381342893686907
0.19564288541231492
0.3347070043478964
0.21303669922116392
0.0
0.3984420665246099
0.001960582185867621
0.23044797874339476
0.4356268861666795
0.35192458365687207
0.2181971585516182
0.4260176010505995
0.20378201743902227
0.12660558601467306
0.39495327349880766
0.0033084657994221357
0.5519999999999999
0.006195970799049514
0.4879036790187178
0.15511050151606104
0.2530780589225088
0.308577380894971
0.4713532163774745
0.3635128046534396
0.3359238421307423
0.21459799881229452
0.39777887241835364
0.6602346669837306
0.0
0.6962099632651224
0.7459378312856706
0.598346386398649
0.7263885599364117
0.5713750902536762
0.7509034779057975
0.5177193023561705
0.6115253530542724
0.39890711573038606
0.611600141341223
0.8301098428497158
0.6804071373862319
0.5735469908237416
0.6704588694642575
0.8210500389948165
0.4628660713424565
0.7695410978940203
0.6061051349147366
0.5259039975120472
0.7892027722504691
0.5832287753974292
0.7152214000106255
0.69
0.3605597560886991
0.549827050083051
0.8621766158594937
0.5143470201522574
0.5403707565912961
0.4283514745520393
0.3474173247326913
0.5559619429844493
0.3500969158555771
0.6250801552866094
0.3639821092655093
0.5726374076656567
0.345
0.8747199107263111
0.5864325807214801
0.7522909610311468
0.7563813387576657
0.46045201830147714
0.49502159434397597
0.69
0.672310551825985
0.578233620690611
0.42528319439803935
0.5392046219724391
0.5813021688553487
0.43571002405697723
0.5587870576298976
0.2466602117269979
0.7626687318946201
0.567504508253572
0.5935962471029457
0.5572583683006052
0.5169648939628694
0.8122907694867337
0.5934204085049057
0.7949656481499451
0.4467331772882571
0.7821965262180295
0.5473960838138157
0.4335459463246916
0.7979036790187177
0.4879036790187178
0.3992125613266071
0.7809973676448065
0.7014300322299665
0.5633826408401309
0.6896658830337721
0.8752176750308536
0.6403424285340726
0.7128907175402369
0.6195156719097548
1.0
0.28169132042006545
0.3259316068333417
0.6325937878347271
0.4600000000000001
0.8231590440366456
0.4886548247959882
0.7982659705442934
0.6617542645717343
0.4450900662035636
0.345
0.38274756371005825
0.6779999231639559
0.40881967419331844
0.7067316857532544
0.5572616688642902
0.6266150437770156
0.345
0.8616018790188074
0.8733826408401308
0.8733826408401308
0.44271689146318716
0.3464072236567002
0.6499260118593821
0.47653143972635664
0.7113881594496115
0.5639506105250625
0.5932338470835565
0.47165949353826603
0.5504863191061122
0.4879036790187178
0.5407189755095247
0.6597874314021303
0.5403707565912961
0.710243151886639
0.20173622680622746
0.781787445976597
0.9999999999999999
0.38570396761096853
0.747395369962887
0.2930409186399765
0.6195156719097548
0.4892611826354238
0.5170079442182315
0.3860197277415836
1.0000000000000002
0.6120856681388711
0.5153850774365608
0.7624241117283044
0.8660851975291396
0.5913431510101809
0.8587918036554356
0.7178230858066861
0.7801127190568025
0.19987966589466996
0.7616960907044108
0.5062309195729507
0.8264854446109988
0.6713738505230503
0.7795925499504908
0.4891457835079494
0.719088928743224
0.5926992502356647
0.4872289567170259
0.5924337355373475
0.5880396301132383
0.48099871408060796
0.5308911860968926
0.16018391085147482
0.5565468503611333
0.6103264963183076
0.45275348816864447
0.28169132042006545
0.561421800670644
0.5692676524947868
0.7180030290152047
0.7178060760402362
0.6197295320617471
0.2016804738764433
0.48950527532478844
0.7465574513955866
0.5789996175823535
0.534811245979385
0.7691594076300701
0.0016326530612244896
0.39837168574084186
1.0
0.4022044033714658
0.2457638992911999
0.28169132042006545
0.4502778879627548
0.854723868428117
0.6316719258810617
0.3573768692751441
0.5233441532999533
0.41368845585327874
0.6653602621667452
0.47799019976084844
0.6619213232061648
0.345
0.43756771164880426
0.6258847637040036
0.7109053102682669
0.5402182985352917
0.7459378312856706
0.6821980688765714
0.7356041399688542
0.5410205997798403
0.2439518395093589
0.28278540690091786
0.3038677207077949
0.655544854648715
0.4145938047339578
0.7301592109862377
0.4601992835991011
0.834602444310338
0.7800037609340091
0.23772991943181518
0.37798429281465107
0.3752104219092717
0.6719627309095175
0.37316763519126006
0.4638189761046543
0.7113961894022716
0.20022750637075165
0.7545737629517094
0.5975575286112628
0.5920192058675264
0.6900000000000001
0.2829540623536753
0.6704588694642575
0.5908867696241601
0.5216805925803378
0.5404905535920578
0.345246721822971
0.3852996525938322
0.8120705110868878
0.7689400738303701
0.46203263994100807
0.6055265547937427
0.9075575286112627
0.6806132624274163
0.36075543011807676
0.5332481247465073
0.5229816388758577
0.34631149526478944
0.6458486816786465
0.5867646851531398
0.4987514294678305
0.5102199327483002
0.5311801496707232
0.4512066133278988
0.913492510383554
0.7801127190568025
0.4323680485793928
0.357266924903816
0.3317307572902968
0.5402939009715775
0.5697224648444718
0.5680063099942734
0.28169132042006545
0.777505804296132
0.7459378312856706
0.5644894015303089
0.40977433144852143
0.47295264222609545
0.542103432572887
0.19918584287042093
0.4956389068653874
0.5234580412238472
0.4326079631584224
0.34648885684523045
0.5089926452369246
0.9999999999999999
0.9047332408754711
0.9271547617899418
0.9404522086233749
0.7599576727439166
0.8181893438594022
0.8122907694867337
0.9075575286112627
0.844817246141942
1.0000000000000002
0.8422223388909393
0.8246343575238497
0.7349845198589382
1.0
0.7349845198589382
0.8819141057221216
0.8790215054212199
0.7537813521512429
0.6789227767292134
0.5975575286112628
0.7349845198589382
0.7343964526678989
0.8921084755167152
1.0
0.8733826408401308
0.6215822158211084
0.7979036790187177
0.8125409365610257
0.8406472721734958
0.405140840819075
0.7555700402333243
0.49942592349919945
0.800182379444956
0.9999999999999999
1.0
1.0
0.872396452667899
0.7349845198589382
0.5175427642766673
0.5560307388445382
0.8015790447425035
0.800182379444956
0.8406472721734958
0.939880941130941
0.8539742053581209
0.8824799820853921
1.0000000000000002
1.0000000000000002
1.0
1.0000000000000002
0.34594088525786004
0.8860888002082161
0.6595045082535719
0.9075575286112627
0.7872246901470987
0.9999999999999999
0.3455384877562171
0.8624603748923234
0.9179093611839482
0.7691594076300701
0.4600000000000001
0.8408594405654095
0.8056181799795507
0.7821959299852578
0.7459378312856706
0.7390342142497885
0.7951331779951492
1.0
0.6851831020867241
0.8754180870235886
0.8733826408401308
0.7882466682656745
0.6912573524354724
0.8136305154488893
0.8976262239559301
0.7459378312856706
0.8122907694867337
0.7466658383943923
0.9999999999999999
1.0
0.6376047800039493
0.8725551904455398
0.79677742708452
0.849481488423411
0.8791798099047603
1.0
0.8602006517497646
0.9398809411309412
0.28169132042006545
1.0
0.8199333375424682
0.8647230756554662
0.6221140633949565
0.9033256411706323
0.9655470592825317
0.5346776692106361
1.0
0.8122907694867337
0.8551685289980329
0.7801561283533434
0.3007388907629493
0.757396452667899
0.7582122929561629
0.799944250685084
0.8819141057221214
0.8839655162919592
0.8214317292587667
0.7459378312856706
0.8463470963220016
0.8616018790188072
0.8606722328701438
0.8519875617279953
1.0
0.8965202069254665
0.8601691400939758
0.8129162297346035
1.0
0.8213874818413308
0.666374509040184
0.6669913804856296
1.0000000000000002
0.9999999999999998
0.8744894015303089
0.7037393721812538
0.9064250208030487
0.8134557032425995
0.7697095720735655
0.4634197148953957
0.7451961108074816
0.7662730716602091
0.666374509040184
0.69608623684809
0.8960778370870377
0.9181824052257421
1.0
0.8014539956716324
0.8484691347043789
0.8122907694867337
0.8744071421158746
0.643173451742731
0.7526053443306693
0.8702125961184959
0.8223897849569721
0.8210500389948165
0.9075575286112627
0.9097169024834562
0.8246730395838667
0.6088745090401841
0.9810543221558771
0.7734972815983109
0.6116189523362925
0.8210500389948165
0.8718975314482103
0.5975575286112628
0.7782946327871593
1.0
1.0
0.9999999999999998
1.0
0.6178724174707997
0.7359572736464264
1.0
0.7629905264955977
0.868598093952557
0.7459378312856706
0.5409760517102236
0.7458148953378684
0.8081142219239688
0.7451961108074816
0.8899415076611942
0.897765355323375
0.7807332925025041
0.7032042193012465
0.8818058113470508
0.7345238083830121
0.8696003946316497
0.9999999999999999
0.40888999809047344
0.7106979380005249
0.8616962680168547
0.74636496247767
0.7364115855542434
1.0
0.9134925103835537
0.9372463193310261
0.600794915722101
0.7801127190568025
0.9077434284195722
0.6675444136794737
0.9047332408754711
0.899841189890824
1.0
0.8021361638279533
0.8215664143117946
0.862330470125175
0.8122907694867337
0.9276743208562364
1.0
0.8361886881686931
0.9573123518315131
0.8764575073324188
0.34800000000000003
0.8741839891817274
0.6190546527639778
0.7514876383026996
0.8888304276112556
0.8406472721734958
0.7236018790188072
0.8645594389985563
0.8683846514977209
0.766949418405558
0.9253357284386424
0.7809673040008658
1.0
0.7879819119138627
1.0000000000000002
0.9999999999999999
1.0000000000000002
0.9350865474825631
0.8412063479382607
1.0
1.0
0.9075061465083423
0.8210500389948165
0.8697509236148219
0.9034111381255335
0.6925060055777388
0.8216754992426863
0.8399229496287645
0.8210500389948165
0.6787279302726774
0.7758933829253754
0.7817370622794787
0.9271547617899418
0.8503982182325431
0.8530186923615473
0.6124909834928561
0.7462393532918457
0.8725551904455398
0.6643372875103611
0.8602854908932265
0.8113791928904575
0.6564917852473028
0.8877436609252973
0.9171477836773021
0.7597991178878097
0.7793624802730881
0.9398809411309412
1.0
0.7279931001682232
