3.5998375
3.5994042
3.6004892
3.5994189
3.5507598
3.6205037
3.5984177
3.5974225
3.5999354
3.6009938
3.5380767
3.6023382
3.5994085
3.5937038
3.5733049
3.5999019
3.5860747
3.595378
3.5957587
3.599338
3.5870638
3.5997746
3.5994235
3.5995541
3.5994755
3.5995196
3.5994085
3.5186726
3.5992508
3.5977256
3.5993681
3.5882611
3.5971831
3.5970815
3.6047568
3.600383
3.6037274
3.5927567
3.5994757
3.599348
3.5994381
3.5994095
3.5994034
3.6019219
3.5994823
3.6024257
3.5426369
3.5735285
3.5993101
3.5994093
3.5990036
3.5994269
3.5999966
3.5940056
3.5981079
3.5740101
3.6014389
3.5993415
3.5202886
3.5993943
3.5995297
3.599286
3.5963269
3.5994174
3.5985454
3.59368
3.6005877
3.590746
3.4649288
3.5992062
3.5994059
3.5874939
3.5917757
3.5939546
3.5983368
3.4962012
3.5911202
3.5994081
3.5974669
3.5994091
3.6488563
3.5994095
3.5994322
3.5977288
3.5994231
3.5981219
3.5994019
3.6000351
3.5850993
3.60373
3.5989156
3.5995932
3.5910821
3.5759134
3.5991492
3.5993672
3.4537659
3.5994111
3.5988326
3.5576998
3.5992254
3.5994855
3.6002196
3.5464593
3.5996396
3.6001862
3.6000327
3.5868719
3.5812577
3.6209078
3.5986255
3.6018715
3.5988332
3.5994617
3.5997524
3.5902164
3.5980659
3.6066148
3.5964893
3.5997311
3.5951724
3.5994282
3.5810152
3.5996577
3.5984975
3.5998231
3.5994085
3.599516
3.5995459
3.597157
3.5851803
3.5843122
3.5972005
3.5874283
3.5990276
3.599434
3.5996475
3.5984457
3.5993778
3.6024261
3.599632
3.5722361
3.60213
3.5994008
3.6002758
3.6081887
3.5966072
3.5996209
3.5746711
3.5994323
3.5947726
3.5994493
3.604713
3.6015558
3.5917611
3.5584405
3.5994459
3.6000018
3.5994085
3.5999378
3.5993774
3.5991331
3.5994091
3.5997644
3.5892189
3.5996138
3.5995451
3.5884591
3.6269413
3.6007983
3.5996283
3.599406
3.5994088
3.599759
3.6035354
3.5718407
3.5942871
3.5979965
3.530209
3.4740954
3.5986495
3.5986361
3.5996302
3.596302
3.5990965
3.5874666
3.599423
3.5974393
3.5996087
3.6005514
3.5994114
3.5994085
3.6015411
3.5977997
3.5987253
3.562025
3.5988891
3.5994074
3.5893898
3.5982422
3.5994049
3.5995505
3.5720091
3.5992314
3.5993452
3.5992274
3.5994258
3.5987105
3.5997466
3.5969085
3.6004366
3.6028508
3.6021779
3.5769606
3.5957631
3.5997089
3.5965533
3.600239
3.5999003
3.5845205
3.5925958
3.5875627
3.5991516
3.5991394
3.6017258
3.4874585
3.5923446
3.6166394
3.6017868
3.6146905
3.5899729
3.5997225
3.5994067
3.5994248
3.5442107
3.6000677
3.5993537
3.5987237
3.5993688
3.5902174
3.5987985
3.6037168
3.5977002
3.5943092
3.5932206
3.5914809
3.5980434
3.5994319
3.5988902
3.6210774
3.5964769
3.6118484
3.5940306
3.6005042
3.5995123
3.6122549
3.5991841
3.5980966
3.5991803
3.6018559
3.586842
3.5976281
3.5932112
3.5900356
3.5994146
3.5994085
3.5994929
3.5495069
3.5992328
3.5956084
3.5054057
3.5997959
3.5994073
3.5994086
3.5785734
3.6025229
3.5766397
3.6001276
3.5996628
3.6050119
3.6015173
3.5930931
3.5994164
3.5836967
3.5993259
3.5991461
3.5995047
3.599402
3.5836362
3.5994494
3.5556405
3.6008898
3.600145
3.6002094
3.5994485
3.5996014
3.5994168
3.5954074
3.599503
3.5994264
3.5994041
3.5845132
3.5994167
3.599722
3.5990904
3.584064
3.5973747
3.5990441
3.5993111
3.5996535
3.6038071
3.5994441
3.5992477
3.5994346
3.5973564
3.5996679
3.5965146
3.5992757
3.5972634
3.5581193
3.5992107
3.593852
3.5993657
3.5985602
3.5964012
3.5974303
3.599431
3.570158
3.5995404
3.5995406
3.5985225
3.5989761
3.5960874
3.5994094
3.5992207
3.6017709
3.5994282
3.6006839
3.599415
3.5505946
3.5982905
3.599748
3.6004893
3.6003731
3.5991922
3.4673736
3.5996938
3.6275819
3.5996647
3.4204162
3.5994135
3.5198768
3.5862575
3.5993967
3.6106025
3.5991201
3.6026795
3.602052
3.595546
3.5950458
3.5814964
3.5989734
3.5651657
3.599314
3.5994529
3.599409
3.5993983
3.5731695
3.5845641
3.5986521
3.5992222
3.6690139
3.5958161
3.59486
3.5999123
3.6010134
3.5932146
3.599498
3.6013281
3.5994188
3.5863369
3.5950604
3.5999911
3.5994855
3.5589365
3.5043777
3.5980002
3.6036693
3.592511
3.5995959
3.6019015
3.5989369
3.6075822
3.6069054
3.5988945
3.5999572
3.5844055
3.5995089
3.6341755
3.5988716
3.5812907
3.5941213
3.5991397
3.6010728
3.5500404
3.5994887
3.5916524
3.5996039
3.5710284
3.5994752
3.5717197
3.5791826
3.5994085
3.5848153
3.5883286
3.5736713
3.5923118
3.5995106
3.59896
3.6004344
3.5745361
3.5816185
3.6005657
3.5721571
3.5997764
3.5993248
3.5995317
3.5985068
3.6010959
3.6000204
3.5994075
3.6025658
3.5420145
3.5994628
3.6004072
3.5630686
3.5673583
3.5994614
3.5994159
3.5994349
3.6012124
3.5994162
3.5992806
3.5994406
3.5913502
3.601824
3.5779048
3.6028825
3.5730455
3.5881928
3.6000441
3.5994164
3.5977114
3.5997535
3.6002084
3.5996177
3.6107635
3.5752723
3.589959
3.6001804
3.5994779
3.5994196
3.6029671
3.5955914
3.6006709
3.5992085
3.5991084
3.5904291
3.5997032
3.597897
3.5994045
3.5987789
3.6012655
3.5990389
3.599447
3.5994085
3.5995869
3.5986003
3.5994158
3.599275
3.5991023
3.5934088
3.603576
3.5976345
3.5994118
3.6014744
3.6004177
3.5994125
3.599853
3.599449
3.5999546
3.5856103
3.6003527
3.6036654
3.5775959
3.5994586
3.5992045
3.593938
3.5980548
3.5835471
3.5864682
3.6007628
3.5961334
3.5974649
3.5983371
3.599415
3.5994108
3.6128621
3.5984681
3.5999446
3.5993686
3.570761
3.5994381
3.6082425
3.5743109
3.5796162
3.5994086
3.5980033
3.6000637
3.5994357
3.5994086
3.5994341
3.5994073
3.5987748
3.6002097
3.5789524
3.5989992
3.5994126
3.6002918
3.5976392
3.5984339
3.599105
3.5986936
3.5994093
3.5973596
3.548663
3.5994171
3.5996586
3.5594673
3.5994091
3.5989936
3.593487
3.5994153
3.5991215
3.5994135
3.5990865
3.584626
3.599366
3.5994341
3.5994158
3.5984924
3.5995305
3.5996865
3.6006248
3.5849283
3.6228187
3.5741326
3.5276616
3.5977537
3.5994432
3.5994146
3.5994758
3.5996775
3.5952586
3.6109962
3.5984083
3.5901242
3.596359
3.5994088
3.6000386
3.5994186
3.6031147
3.5790457
3.5860369
3.5918969
3.5994794
3.5994178
3.5994105
3.5860355
3.5958219
3.6018285
3.5954323
3.5993312
3.5996041
3.5995147
3.6004417
3.5959959
3.5959608
3.5994461
3.6027875
3.599322
3.5941982
3.6004858
3.5994248
3.6052531
3.5994884
3.5999853
3.5994073
3.5994085
3.5923436
3.5992239
3.597283
3.5995265
3.6024265
3.5978269
3.5983213
3.5999061
3.6023373
3.6018808
3.6046548
3.5994069
3.5988068
3.6005271
3.5994107
3.5994208
3.5481794
3.600976
3.5334062
3.5882373
3.5997649
3.5888273
3.5994035
3.5994061
3.5897964
3.5939989
3.5993995
3.6017443
3.5933969
3.5994031
3.5999342
3.5984347
3.598916
3.6080729
3.58965
3.5894865
3.5995749
3.5989345
3.5994039
3.5939779
3.6001932
3.5910095
3.5948442
3.5993949
3.5994291
3.5995298
3.5824356
3.5983702
3.5994402
3.5994092
3.599406
3.6018378
3.5991054
3.5647438
3.599409
3.5994085
3.5990616
3.5964367
3.5879206
3.5958834
3.5952934
3.6042109
3.556736
3.5831524
3.5959797
3.5661789
3.599621
3.6033405
3.5991494
3.5993965
3.5915691
3.5867076
3.5998151
3.5520882
3.5994231
3.5890158
3.5256231
3.5893273
3.6024506
3.600068
3.5994082
3.5994177
3.5980458
3.5418529
3.5991833
3.5993905
3.5996486
3.5994108
3.5886586
3.5933006
3.5994618
3.574618
3.5991393
3.5997631
3.5994092
3.5992393
3.5994228
3.6021073
3.5953366
3.5996124
3.5985448
3.5622224
3.5886755
3.5754741
3.5993291
3.5997244
3.6045733
3.5993025
3.5797845
3.5995188
3.5433479
3.5994109
3.5990799
3.5984105
3.5994096
3.5987373
3.5993112
3.5991709
3.5992031
3.5997641
3.5993066
3.5998654
3.6017604
3.599391
3.5993083
3.5155545
3.5799063
3.5994029
3.5994093
3.5975643
3.589394
3.5837299
3.5934264
3.5971505
3.5994329
3.538176
3.5843629
3.5986427
3.5991262
3.5994012
3.5860714
3.5859353
3.599416
3.5994028
3.5615442
3.6099165
3.599319
3.5966891
3.5982602
3.592324
3.5484365
