3.6002321
3.5994087
3.6014445
3.5994078
3.601804
3.5989884
3.5996187
3.5995691
3.5880013
3.5994079
3.5730033
3.6011625
3.5994288
3.6049668
3.5993887
3.5994085
3.5917063
3.6025922
3.5993646
3.5995339
3.5993837
3.620717
3.5999775
3.612895
3.6068149
3.603413
3.6084876
3.6016065
3.5917884
3.5995323
3.5974603
3.5994109
3.5974054
3.6162811
3.6021603
3.5994085
3.5638606
3.606215
3.5994085
3.5994087
3.5991229
3.6132033
3.5993875
3.5693142
3.5993808
3.5994066
3.599462
3.6070619
3.6107504
3.6238121
3.5994085
3.5992891
3.5996497
3.5985394
3.5922032
3.6037842
3.5994085
3.5995623
3.5994292
3.6136767
3.5992217
3.5994086
3.5978427
3.5994089
3.6014593
3.5986998
3.5994001
3.5993205
3.5949904
3.6008782
3.5994098
3.5976229
3.5994102
3.5595987
3.5994751
3.6113977
3.5892188
3.5994085
3.5994098
3.5976473
3.5993945
3.5998727
3.5994618
3.5994319
3.599591
3.5994085
3.5994092
3.6022112
3.599404
3.6072081
3.5994144
3.6025687
3.5968385
3.5992997
3.5981617
3.5997065
3.6022745
3.5994439
3.5994227
3.5947683
3.5825151
3.596923
3.6026088
3.5921801
3.6039757
3.5995296
3.6030016
3.5994085
3.5904265
3.5935141
3.6013556
3.5994085
3.5994085
3.5974328
3.6009623
3.6083346
3.5994492
3.5994085
3.598173
3.6053029
3.5994017
3.5994446
3.5993598
3.5995362
3.5994085
3.5992897
3.5838356
3.605836
3.5995582
3.5995877
3.5995506
3.5993738
3.599409
3.5912795
3.5958671
3.5994085
3.5996285
3.5938622
3.5993694
3.5994108
3.5994085
3.5994935
3.5977758
3.6059934
3.5989254
3.6558587
3.5706814
3.5992781
3.585597
3.5984217
3.5967732
3.5995989
3.5993345
3.5997048
3.6022913
3.5994106
3.5865448
3.5994179
3.5990479
3.5994085
3.5956049
3.5668503
3.5986301
3.6061224
3.5973747
3.6021882
3.6004063
3.5278633
3.6137526
3.5545934
3.5921902
3.5872193
3.5986155
3.5983997
3.5908181
3.5846029
3.5993105
3.602191
3.5992305
3.5967947
3.6132001
3.5920766
3.5902219
3.598641
3.5994034
3.6019688
3.5994085
3.5912723
3.5857609
3.5995002
3.6041937
3.5994085
3.5994085
3.5994087
3.5993758
3.5996525
3.6146411
3.5994371
3.5996323
3.5994085
3.5994206
3.6136767
3.5997639
3.6080879
3.5994089
3.5970721
3.5979961
3.5995073
3.5706948
3.5828677
3.5994085
3.5973453
3.5989887
3.5993711
3.5975747
3.599406
3.6114619
3.5944844
3.5994447
3.5518143
3.5989379
3.5992798
3.5978456
3.5993009
3.5994085
3.6047911
3.5994121
3.5992463
3.5992993
3.6061245
3.5994092
3.5902329
3.5993152
3.601506
3.5994087
3.6016531
3.5973937
3.5993315
3.5993743
3.6388811
3.5995202
3.600405
3.5875452
3.5994306
3.599415
3.5994087
3.5961927
3.5981664
3.5994065
3.6090969
3.599374
3.5994111
3.5994152
3.5994095
3.5596932
3.5940701
3.5879266
3.6063528
3.5904276
3.6001609
3.5994129
3.5994853
3.599459
3.594078
3.599388
3.6002901
3.5764543
3.5901669
3.5892795
3.5997271
3.5951558
3.6079651
3.5906098
3.5991148
3.6010332
3.5991488
3.6027105
3.6013216
3.5994034
3.5994638
3.6004596
3.6025955
3.5921801
3.6009631
3.6045026
3.5994876
3.6023962
3.5857977
3.593381
3.5995567
3.5992922
3.5994141
3.591936
3.5995802
3.5888203
3.540515
3.6068627
3.5994099
3.5996906
3.6026965
3.5994182
3.5996688
3.6000092
3.5994857
3.6018759
3.5997469
3.5995092
3.5993579
3.5994086
3.5994108
3.5996553
3.6066498
3.591491
3.5994248
3.5994081
3.605879
3.5987743
3.6132188
3.5988136
3.6043191
3.5967246
3.6034401
3.5927132
3.5996167
3.5993224
3.5744495
3.5994085
3.5994212
3.6154125
3.6132001
3.5994085
3.5995904
3.5542543
3.5994085
3.5994089
3.3128604
3.5999958
3.5994107
3.6062831
3.601912
3.5984474
3.5900317
3.5994088
3.6009
3.5994306
3.5892597
3.60258
3.5902061
3.6000626
3.5994055
3.5994087
3.5994085
3.5995356
3.5996556
3.598314
3.594051
3.5994668
3.5534282
3.6131489
3.6000145
3.6035313
3.5994085
3.5994085
3.6151673
3.6044822
3.5996201
3.599513
3.5732033
3.6006213
3.6158669
3.5996057
3.5994326
3.5982246
3.5994085
3.5983258
3.6026807
3.5993817
3.6034018
3.5997261
3.5991766
3.5993861
3.6007422
3.5982343
3.5997217
3.5993057
3.5967871
3.5969498
3.5968208
3.5775804
3.6024123
3.6241626
3.5994037
3.5994378
3.5994086
3.5994082
3.5994085
3.6183064
3.5991152
3.5938851
3.6055603
3.5772004
3.5994085
3.5995695
3.5994113
3.5982302
3.5961031
3.6059959
3.6150033
3.6143734
3.6205595
3.6001928
3.5992034
3.5839199
3.6012461
3.5997546
3.6042124
3.5980771
3.6031875
3.5979844
3.6039128
3.599411
3.6020639
3.5990606
3.5910667
3.5993907
3.5580147
3.6038938
3.6116807
3.6039574
3.5962041
3.5890521
3.5994089
3.595779
3.6074006
3.6228414
3.5990498
3.602537
3.5994273
3.599272
3.5977857
3.5994089
3.601831
3.5994085
3.5995198
3.5994085
3.6047122
3.5994822
3.6040275
3.6036403
3.6028312
3.5995763
3.5987525
3.6006978
3.6048156
3.6017566
3.599392
3.601533
3.6026961
3.6150331
