3.5806541
3.2534505
3.5312682
3.5238934
3.1989501
3.3194801
3.446858
3.3401882
3.5042596
3.2689439
3.0700953
3.3400825
3.3485361
3.5291392
3.5757302
3.460475
3.4225132
3.624221
3.4904784
3.598091
3.4314363
3.3227792
3.4096351
3.5667336
3.5434816
3.506452
3.3933431
3.530027
3.4995788
3.3632125
3.4099422
3.4494938
3.5994071
3.5631365
3.313578
3.2260039
3.479385
3.5438344
3.4608631
3.3451461
3.4707895
3.515002
3.2910528
3.4108921
3.5183152
3.43312
3.5992074
3.6000795
3.4665731
3.4397814
3.4975255
3.4337469
3.2502752
3.1759019
3.452356
3.5753933
3.2690648
3.3499953
3.4608207
3.0227812
3.5273107
3.5994055
3.5765884
3.0492506
3.5181143
3.4971945
3.1883822
3.2069923
3.5336164
3.4137098
3.2905757
3.3890079
3.5143595
3.4818508
3.5746882
3.597528
3.2798859
3.3856616
3.3018735
3.4680331
3.5992412
3.1562964
3.3404056
3.3893403
3.4740449
3.0630771
3.3428405
3.5059499
3.5513858
3.3392181
3.4890535
3.570596
3.3504993
3.4740499
3.4272985
3.5273932
3.4430091
3.5160313
3.5981536
3.5169545
3.5048718
3.5931685
3.5473871
3.30571
3.5750994
3.3401388
3.4302093
3.4895357
3.5835494
3.3364049
3.5080498
3.4267783
3.4262833
3.4075113
3.081488
3.5773586
3.5960749
3.5148097
3.2933964
3.495136
3.598682
3.5454023
3.542406
3.2035268
3.4739519
3.5879575
3.5998857
2.6685547
3.6587389
3.4232975
3.2040563
3.3624167
3.3050585
3.4875976
3.0445073
3.3095746
3.4851849
3.5078139
3.5662808
3.5632515
3.4626827
3.3863697
3.4595776
3.544082
3.3611619
3.356813
3.3651335
3.4912838
3.4184387
3.4800915
3.4033125
3.5149207
3.4147838
3.4256975
3.5797625
3.5684032
3.3618446
2.7365159
3.4192071
3.5302106
3.5436457
3.5235044
3.4661539
3.4022661
3.5192492
3.4911496
3.3195747
3.4009039
3.5839224
3.4312028
3.568174
3.2829375
3.3608945
3.4361675
3.1310045
3.5767148
3.5549689
3.4105365
3.5959944
3.142919
1.7019641
3.5994084
3.4949094
3.2660536
3.5105906
3.5407882
3.4151247
3.5329241
3.4076416
3.3933986
3.5541334
3.455419
3.5512842
3.2569487
3.4812657
3.3599435
3.4035268
3.4377967
3.3916038
3.2900277
3.5897093
3.2727547
3.4111983
3.3310816
3.4825438
3.5445405
3.3542437
3.4209913
3.5440336
3.5914039
3.5614027
3.5721553
3.5892831
3.3572186
3.5478683
3.4237661
3.3620643
3.347539
3.5889589
3.5019611
3.3523614
3.3197818
3.4785481
3.5005703
3.5622115
3.4266747
3.5121178
3.5822492
3.381162
3.5093436
3.4793685
3.3837265
3.5521032
3.4862301
3.5134671
3.3628737
3.400086
3.135489
3.3544605
3.1165309
3.3500764
3.2081792
3.5900787
3.4530944
3.2017948
3.5367101
3.2944258
3.5458927
3.5754996
3.2943578
3.5148173
3.5949651
3.5878602
3.5929422
3.5993417
3.5994428
3.5443886
3.2636647
3.3979737
3.5802755
3.6005582
3.5996391
3.5994085
3.5999094
3.7339139
3.486255
3.6020485
3.5993829
3.5972611
3.1717017
3.5895225
3.3333286
3.5990575
3.4747239
3.5915043
3.5993986
3.5969092
3.5612526
3.5977304
3.459931
3.5597575
3.5953352
3.4550008
3.5967395
3.3610064
3.5698592
3.3388862
3.6012579
3.5265153
3.5995364
3.5991168
3.6037815
3.5994003
3.5423037
3.1114324
3.5991748
3.5806054
3.4272981
3.2935693
3.5992005
3.581494
3.5561141
3.5143233
3.5608111
3.5767506
3.5994081
3.5807884
3.6018098
3.5738146
3.5994734
3.5707792
3.5986385
3.4233023
3.5993973
3.5941285
3.3597266
3.5994076
3.5988933
3.5125018
3.6043822
3.5855302
3.5994085
3.5994085
3.5979529
3.5285411
3.5994521
3.5997086
3.5971662
3.5962322
3.5895822
3.5994087
3.562321
3.5997521
3.3792486
3.5994086
3.5993355
3.5785325
3.5993193
3.5934365
3.5990824
3.5270194
3.5994169
3.601495
3.5995337
3.5766814
3.5993749
3.5994084
3.5984979
3.1729812
3.5994275
3.5945826
3.5879451
3.6016757
3.5978043
3.5981752
3.5911961
3.114067
3.5991401
3.3186017
3.5785269
3.5973952
3.2570745
3.5873009
3.5103481
3.5988808
3.2743845
3.4552673
3.3892945
3.5990525
3.5908129
3.5973538
3.5849515
3.5996109
3.4998131
3.591945
3.5962376
3.5994073
3.594826
3.5994444
3.5994312
3.5993931
3.3515739
3.5996395
3.4996908
3.5832389
3.5977496
3.5994262
3.5415207
3.5236077
3.5991351
3.6037514
3.5957193
3.5993954
3.5955666
3.5822144
3.5080554
3.5979408
3.59637
3.5994084
3.5990843
3.5365424
3.4357117
3.5996771
3.5994091
3.5967594
3.5974298
3.5921016
3.5917021
3.5995117
3.3487619
3.599411
3.4729064
3.5233903
3.5994085
3.50731
3.3758705
3.4938292
3.5971776
3.5991188
3.599381
3.6088907
3.5014079
3.5878611
3.4200347
3.5994086
3.5985805
3.5994055
3.5993707
3.5903799
3.5992603
3.5993956
3.6003808
3.5826194
3.5953637
3.5984819
3.599193
3.5999534
3.5539545
3.5983835
3.5363478
3.5237943
3.5629763
3.5994082
3.5942915
3.531451
3.3147594
3.5906872
3.5994062
3.5967012
3.5992176
3.5993749
3.4858079
3.5936906
3.5945465
3.5844315
3.5877119
3.5260285
3.5994081
3.5985803
3.555723
3.4001319
3.570161
3.5630695
3.5981261
3.5994069
3.5985091
3.5388158
3.5938535
3.6011262
3.6026485
3.5751754
3.549637
3.5041387
3.5882477
3.5801916
3.5976905
3.5920982
3.5639612
3.4727575
3.5993163
3.5994575
3.4508174
3.5862012
3.5859813
3.599232
3.5347075
3.4659068
3.5949344
3.5994084
3.5994085
3.5929997
3.5918766
3.5956899
3.5988188
3.2941842
3.6207681
3.5366602
3.5992839
3.5658404
3.5274272
3.599416
3.5994085
3.5993745
3.5994053
3.5993617
3.5994132
3.5994087
3.5994063
3.5994091
3.5994085
3.5994108
3.599404
3.6001246
3.5994094
3.5994131
3.5996184
3.5993925
3.5984788
3.5994085
3.5994656
3.6008533
3.6175336
3.5994091
3.5994147
3.6001355
3.5938541
3.5994085
3.5994318
3.5987646
3.5993833
3.5994085
3.5978995
3.5942129
3.5994148
3.5994085
3.5994082
3.5994418
3.5963436
3.6174996
3.5991828
3.5994085
3.5994533
3.5996774
3.5993387
3.6008489
3.5994435
3.5994085
3.5994126
3.5994092
3.5991876
3.6069327
3.5991531
3.5994656
3.5994493
3.5993013
3.5993147
3.5981545
3.5994085
3.5994123
3.6008517
3.61039
3.5993111
3.5993631
3.5994086
3.5995213
3.5972358
3.5994116
3.5994196
3.5994168
3.599443
3.599418
3.5994128
3.6214424
3.5978062
3.5997399
3.5994068
3.5993691
3.5994065
3.5994085
3.5994428
3.6047487
3.5994077
3.5995385
3.5994126
3.5994367
3.5993707
3.599453
3.5987988
3.5998595
3.5994096
3.5998819
3.5994791
3.5994085
3.5995201
3.5990091
3.5993993
3.5994112
3.6000287
3.6011192
3.5992463
3.5994189
3.5994084
3.5993944
3.6016337
3.5994085
3.5994096
3.5993666
3.5995122
3.5995245
3.5993992
3.5993516
3.5994313
3.5994166
3.5993607
3.5994094
3.5995674
3.5995735
3.5994112
3.5994102
3.5994229
3.5994085
3.5994098
3.5941249
3.5994098
3.6008476
3.599409
3.5990983
3.5907463
3.5994085
3.6010304
3.5993973
3.5992674
3.5994088
3.5994076
3.5994111
3.6062962
3.5994457
3.5994187
3.6005017
3.6142079
3.5994023
3.5994037
3.5994085
3.5994031
3.5996282
3.5994144
3.5999985
3.599407
3.5994319
3.5994085
3.5995716
3.5994968
3.5995023
3.596866
3.5994061
3.5994091
3.5994088
3.5994085
3.5994062
3.5994187
3.601707
3.5994097
3.5994052
3.5992222
3.5908159
3.5994058
3.6008171
3.5994067
3.5994101
3.5994054
3.6013142
3.5992086
3.5996146
3.5994207
3.5980662
3.5994288
3.5995501
3.5994916
3.5994079
3.5993829
3.5994256
3.5999832
3.5994029
3.5993744
3.5994103
3.5993311
3.5994168
3.5994966
3.5994139
3.5994128
3.5997437
3.5994534
3.5994085
3.5994206
3.5993946
3.5994369
3.5994185
3.5994086
3.5998223
3.5994085
3.5994135
3.5994516
3.599409
3.6000683
3.5995638
3.5996901
3.5994083
3.5919269
3.5994085
3.5992561
3.5994084
3.5994107
3.5994077
3.5994109
3.5993766
3.5994373
3.5993372
3.5994091
3.5994085
3.5994414
3.5994085
3.5994097
3.5995276
3.5993558
3.5994091
3.599977
3.6076287
3.5994085
3.5993305
3.5992715
3.5946042
3.6068404
3.5993436
3.5994087
3.5994478
3.5994302
3.5993811
3.5994106
3.5994601
3.5993959
3.5994084
3.5993896
3.4969705
3.6065601
3.600826
3.5991966
3.6028382
3.5994081
3.5994133
3.5994352
