3.5995718
3.5994984
3.5987334
3.599577
3.5980877
3.5888372
3.5992485
3.5641954
3.5244706
3.5994879
3.4819499
3.6001085
3.3995512
3.4101522
3.5971904
3.6130326
3.6022408
3.5994083
3.5997568
3.5980432
3.5998227
3.5992544
3.5993051
3.5845944
3.5965899
3.6001701
3.5973706
3.599515
3.6031938
3.6616112
3.5991882
3.448834
3.5997966
3.5994685
3.5993596
4.0584936
4.0058617
3.5992495
3.5994132
3.2955945
3.6056987
3.6009533
3.5998549
3.5994646
3.5994083
3.599457
3.5982772
3.6432688
3.5982756
3.5973367
3.5947552
3.3459564
3.43698
3.5994235
3.5853973
3.6979
3.6070618
3.480465
3.6054165
3.5995886
3.5991596
3.4778307
3.5988101
3.640569
3.4898283
4.0365466
3.5617445
4.157082
3.0612273
3.1361485
3.4771918
3.4381864
3.4044133
3.4774645
3.5503275
3.484003
3.5555148
3.5145441
3.7973246
3.5640472
3.1362731
3.4208005
3.3862891
3.6253073
3.6057375
3.6696791
3.6055641
3.1056486
3.4579037
3.5994634
3.5995336
3.6032626
3.57284
3.5055804
3.3608907
3.3202895
3.2766889
3.2813967
3.5622059
3.5994316
4.1650057
3.5994075
3.606008
3.5198407
3.1371818
3.5959561
3.5997079
3.6005723
3.5387432
3.4239127
3.4081975
3.4699273
3.5266093
3.5866836
3.5992484
3.6000055
3.7346354
3.5995798
3.5540176
3.5948809
3.5996148
3.5989722
3.3294077
2.9580052
3.483553
3.5993836
3.5990166
3.3694916
3.5990081
3.6225334
3.5377523
3.6024904
3.5994286
3.6003824
3.5994845
3.3673372
3.0841707
3.6015547
3.5518312
3.0687371
3.3865435
3.6347188
3.1062898
3.3364922
3.3019352
3.5803517
3.3691521
3.4720726
3.1321709
3.6004405
2.3347901
3.605167
3.5685396
3.6046819
3.6381368
3.5638376
3.6045217
3.552581
3.5936244
3.5958385
3.5942524
3.3950101
3.5249911
3.5985121
3.0977705
3.2301584
3.7204732
3.6020769
3.5967737
3.244198
3.5990765
3.0166264
3.5845742
3.46751
3.1170094
3.5915688
3.5251678
3.2849579
3.5287458
3.3884696
3.332766
3.4697296
3.4293264
3.5890653
3.5857081
3.5994336
3.5995964
3.5958916
3.0783023
3.4432846
3.5995159
2.7286444
3.946776
3.0321768
3.5996314
3.5666323
3.6039486
3.3610247
3.5978051
3.6048476
3.5152855
3.1135928
3.5995309
3.5512237
3.3716941
3.4052827
3.7078569
3.598356
3.2850518
3.5993958
3.5463438
3.5997323
3.5840468
3.5993805
3.5989996
3.5973714
3.5992792
3.7203274
3.6450446
3.7069562
3.5991177
3.6019989
3.3171203
3.5982032
3.599701
3.5987713
3.5984686
3.2563076
3.5991577
3.0786392
3.4734123
3.5376479
3.5762901
3.5988392
3.5994211
3.5992305
3.5458592
3.6002141
2.7025608
3.5155465
3.597282
3.5949381
3.5788166
3.5996048
3.3609779
3.2921132
2.2357865
2.6233327
2.6225287
3.0325847
3.5994218
3.3922354
3.489602
3.5999015
3.5891364
3.5984051
3.5993964
2.9555054
2.8091236
3.3515855
3.5992329
3.5864362
3.6016127
3.5975978
3.0039614
3.000008
3.6005995
3.6034156
3.5945374
3.5901175
3.5849766
3.5360902
3.5979526
3.6278058
3.5907133
3.5984199
3.5960254
2.9617855
3.5500605
3.5832435
3.2500924
3.013997
3.5974807
3.5751205
3.5978935
3.5953689
3.5959629
3.4861119
3.6006104
3.5977039
3.5989906
3.6168316
3.5943986
3.4741082
2.9293572
3.1919321
3.595265
3.6003143
3.6191717
3.4804679
3.5860879
3.5930404
3.5104822
3.6113349
3.5894111
3.5937555
3.5997537
2.9414735
2.9007523
2.9392926
2.9812582
3.6087198
3.5376454
3.1955929
3.0683196
3.6009333
3.5718892
3.3770435
3.5992837
3.4111791
3.5957009
3.6412522
3.1488572
3.4847279
3.5871332
3.3858209
3.5949862
3.6763153
2.7113612
3.3667392
3.3182481
3.5611579
3.5969972
2.7697259
2.9095419
2.7808169
3.3263043
3.4960617
2.9688278
3.5496868
2.8241001
3.0364789
2.6731626
3.6392714
2.6153205
2.2474009
2.7851021
3.5982787
3.5982379
2.7595413
2.9802608
2.0896716
3.0555568
3.6080583
3.1171514
3.568795
2.8140281
3.5993954
3.5994397
3.4118073
3.481909
3.1902552
2.5934175
3.5888782
3.5614336
3.6113101
3.5987627
3.589617
3.6050799
3.5515742
3.6052853
3.6016683
3.597601
3.0786689
3.0847151
3.5944972
3.4395565
3.5998735
3.1409683
3.5748891
3.5684035
3.5993141
2.8477943
3.3893013
3.5902359
3.5457178
3.5307949
2.6399564
3.6026192
3.5443274
2.8115018
2.6456607
3.5257005
3.5967044
2.6617001
3.5303308
3.3377215
3.5816815
3.5317746
3.5764184
3.4744255
3.5995702
3.5586034
3.5265979
3.5806101
3.581474
3.1731754
3.4319555
2.6875415
2.4805336
3.4194266
3.3684471
3.0291826
3.377295
3.5958067
2.8808447
3.3892952
3.5640747
2.6568622
3.5966415
3.5962517
3.5669877
2.5739353
2.5486062
3.3784669
2.8334435
3.579942
3.5987055
3.6883788
3.5983319
3.5993614
3.3516518
3.5844563
3.5995393
3.2707034
3.5696822
3.5959102
3.2870025
3.5594126
3.3743292
2.7810174
3.5213009
2.4470027
2.9410578
3.5994692
3.530921
3.6013814
3.5912316
3.5543791
3.6132235
3.4175464
3.5988331
3.2492348
3.5858951
3.1496833
3.2285644
2.6835801
3.4850548
3.5519044
3.0849929
3.5546883
2.7874003
3.5323852
3.5980367
2.4596939
3.6126098
3.5827873
3.4211966
3.5027371
3.294635
2.4640817
3.5382234
3.5780063
2.4985067
2.8362203
3.0850671
3.6043236
3.0329291
3.4124916
3.5706034
3.5864456
3.5972567
3.5933808
2.8203457
2.9187688
3.5550765
3.4782362
3.0534905
3.6127143
3.6051455
2.2977342
3.4969658
3.5841322
3.1910398
3.5868545
3.2719975
2.9914068
2.635241
2.5882072
2.6225888
3.1573236
2.0417636
2.8044944
3.5749146
3.4030826
3.5413524
3.466016
3.5931903
3.587268
3.5592262
3.5993965
3.5956731
3.0106664
2.9674944
3.5990055
3.0323102
3.0367023
2.6698726
3.5982286
3.5670685
3.60543
3.136376
3.5991535
3.5789772
2.6462086
3.3861354
2.4623448
3.4088961
3.2475518
3.2342509
3.5425842
3.4069306
3.4776699
3.3993092
3.5829324
2.5235842
3.3447494
2.8982653
2.4055089
3.2999222
3.4954619
3.5666098
3.3441512
3.5343918
3.6061182
3.2236336
2.3982285
3.2175508
3.4586427
3.5995839
2.9587075
3.2210691
3.1992657
3.5920055
3.2153857
3.5586067
3.4920342
3.5735493
3.2443785
3.3314829
2.3533984
3.5875892
3.2609002
2.9822133
3.5866513
3.5794807
3.5991308
2.7605625
2.1081742
3.6437737
3.588436
3.5486542
3.2277836
3.5973977
3.3296299
3.1285641
3.5993654
3.5909465
3.5298447
3.5874758
3.5971006
3.5522147
3.5846038
3.3451049
3.5267217
3.4469885
3.5555323
3.3303355
3.234938
3.5695649
2.792105
3.589292
3.5996517
3.572461
3.5365411
3.5880487
2.8076367
2.5130422
3.2631682
3.365823
3.5525172
3.5991446
3.5969405
3.585451
3.4377111
3.5338876
3.5552181
3.5757325
3.5942768
3.5910353
3.5601791
3.3108346
1.6802103
2.3012318
3.4110639
3.5763861
3.4808914
3.5388702
3.4750086
3.5938424
3.4965788
3.5616314
3.5478547
3.5473098
3.5928259
3.5851375
2.5724955
3.5397013
3.0538234
3.1978019
3.5945563
3.586203
3.3626967
3.5890865
3.3575486
3.4897811
2.2326135
3.5912754
3.4545455
3.1604409
3.2293248
3.4751891
3.371594
3.2816221
3.3909159
2.3578801
3.0720516
3.5258672
3.599038
3.3204981
3.5864711
3.2916284
3.5006485
3.3593544
3.5961255
3.3470636
3.5672703
3.0313934
3.5191707
3.3485636
3.4629076
3.5626142
3.4941312
3.3010443
3.5359364
3.5923862
3.1530553
3.5974661
3.5520261
3.2624309
3.5871977
3.5156105
3.497389
3.5777203
3.5973821
3.5748706
3.5810674
3.5778855
3.5373513
3.5015008
3.0320042
3.1710686
3.1597951
3.3995414
3.3272685
3.4485849
2.9356386
3.4639285
3.0872657
3.3404127
3.558518
3.5615304
3.4403935
2.4464314
3.2814253
3.4939784
2.6095976
3.5903169
3.4218555
3.4923916
3.4701325
3.2956952
2.5772156
2.4160215
3.4657191
3.2723967
3.132931
3.5782394
3.3852996
3.6029251
3.5874212
2.7760519
3.2437723
3.5819332
3.6030911
2.8115949
3.5946653
3.5882072
3.4889118
3.5949972
3.2962794
3.5983043
3.5921348
3.5636712
2.5789351
3.2864429
3.0610818
3.596179
3.5962163
3.528999
3.2800126
3.5931948
3.5534795
3.3707855
3.1736283
3.5749052
3.5921391
3.418641
3.5863425
3.5847024
2.5855011
3.5639441
3.4600437
3.3784671
3.4096747
2.5518355
2.7472106
2.5935503
2.9066958
2.5404942
