3.5993811
3.5987633
3.5977336
3.5721119
3.6018518
3.599842
3.5849337
3.5616351
3.5821089
3.5946729
3.5792178
3.57591
3.5639685
3.5773028
3.6812208
3.6122703
3.5815572
3.5992978
3.5880149
3.5982254
3.553896
3.5996376
3.5542712
3.5994531
3.5994264
3.600781
3.5996679
3.5820839
3.5703802
3.5994088
3.598403
3.6053524
3.5997105
3.6004426
3.5254793
3.5997179
3.6468812
3.5993926
3.5817105
3.5806222
3.6028044
3.5988663
3.6007393
3.5837654
3.5993837
3.599404
3.5184118
3.5530597
3.5992845
3.5994571
3.5773371
3.5997213
3.6068669
3.5551612
3.5992582
3.6052229
3.6009746
3.5994054
3.6006736
3.6154919
3.5985696
3.5550221
3.5790501
3.5994105
3.6031624
3.599679
3.6004611
3.5995546
3.5990956
3.5994184
3.5869566
3.5997652
3.5994235
3.5994664
3.5994344
3.5993686
3.6014209
3.6021359
3.6020087
3.5969398
3.5996574
3.6004363
3.5994278
3.5677786
3.602798
3.5772418
3.6049949
3.5947454
3.6004633
3.6028946
3.5993931
3.5150607
3.5994196
3.6087578
3.5994496
3.6072126
3.5994087
3.5803949
3.5956318
3.5977903
3.3347047
3.5912153
3.599086
3.582307
3.60059
3.6007659
3.5971658
3.4981619
3.601894
3.6015775
3.5856632
3.6137498
3.5994247
3.4674559
3.598108
3.6047337
3.604476
3.5994128
3.5993634
3.5551701
3.5957874
3.6000166
3.5770977
3.5984521
3.598839
3.608819
3.5994117
3.598876
3.5763738
3.5993512
3.5996268
3.5995613
3.6541019
3.5754158
3.606323
3.5885813
3.4414275
3.607513
3.5994034
3.5994103
3.5994569
3.6081228
3.5828094
3.5994104
3.5990725
3.5108405
3.5825291
3.5993923
3.5997132
3.5994085
3.5994096
3.5951107
3.5994583
3.5995554
3.5994234
3.5994231
3.6057354
3.6011009
3.6019197
3.5938575
3.5985966
3.5994119
3.5994085
3.5994522
3.59941
3.6026309
3.5810044
3.6005171
3.5637441
3.6012642
3.5994585
3.5986246
3.5993867
3.5995981
3.5995978
3.5987915
3.5460538
3.5994086
3.5996739
3.5994024
3.4836049
3.5996983
3.5727496
3.5994083
3.5472013
3.6055279
3.6005903
3.5541448
3.5994107
3.5994581
3.5859957
3.6006552
3.599411
3.5996092
3.5181912
3.5997557
3.600048
3.5993716
3.5999742
3.6006578
3.5994086
3.5871956
3.6292942
3.6003891
3.6026511
3.6126582
3.5995529
3.6062302
3.5994111
3.6026288
3.4954395
3.6047099
3.6000452
3.567944
3.5824407
3.5919108
3.599863
3.5992529
3.6028032
3.5314961
3.5994564
3.5994072
3.5992778
3.6000132
3.600229
3.608091
3.6005906
3.6067574
3.599431
3.6012505
3.5837101
3.6034195
3.5995538
3.5944271
3.5994347
3.5991129
3.5450687
3.5991398
3.603986
3.6085597
3.5994088
3.5994085
3.6014991
3.5994187
3.577826
3.6004763
3.5995752
3.6011756
3.6000793
3.5932078
3.5994063
3.5994089
3.598251
3.5997946
3.5994081
3.5534373
3.594363
3.5994152
3.599393
3.5861106
3.59861
3.5717209
3.6064984
3.5935813
3.5996679
3.6270421
3.5994109
3.5995797
3.5994313
3.6073271
3.50517
3.5910015
3.6003986
3.5994175
3.6002363
3.5997526
3.5911308
3.599658
3.599164
3.5876408
3.6006314
3.5994101
3.6130016
3.6008508
3.5994059
3.6016095
3.6001227
3.6019153
3.4497153
3.5992309
3.637209
3.5994074
3.5971295
3.5994097
3.5969904
3.6029822
3.5744901
3.5998877
3.5857356
3.5994328
3.5995782
3.5997662
3.6001206
3.5795865
3.5598672
3.5993153
3.6170885
3.5976922
3.5959782
3.5994095
3.5868712
3.6044182
3.5996951
3.603929
3.5994514
3.5999064
3.5977333
3.6064023
3.5995431
3.5997057
3.6043751
3.5974083
3.5993789
3.6049464
3.6020707
3.591183
3.5994087
3.5994206
3.6000813
3.5102589
3.527581
3.6007143
3.5995456
3.5993953
3.5895274
3.6006456
3.569476
3.6033643
3.5992649
3.6112687
3.5994855
3.5993948
3.5993951
3.5576873
3.5615146
3.5945279
3.5994484
3.5787579
3.5992595
3.5994088
3.5810616
3.5995131
3.6022868
3.5997186
3.5993697
3.5994469
3.594836
3.5847866
3.5854598
3.6163877
3.5994198
3.5992434
3.601847
3.6003607
3.6077799
3.5999632
3.5979232
3.5994085
3.6122158
3.5389935
3.5994088
3.5945348
3.598664
3.5994193
3.2675132
3.5787069
3.5993876
3.5860164
3.4593247
3.5853112
3.6002609
3.5213245
3.5976256
3.6030954
3.559387
3.5965736
3.6012006
3.5999391
3.6080096
3.5993544
3.5670285
3.5994087
3.5975693
3.6079429
3.5975243
3.5993566
3.5787257
3.6022493
3.5987052
