2.54
0.67
0.95
1.77
1.44
1.85
1.41
1.18
2.04
0.79
0.91
2.39
0.68
1.44
0.94
1.18
0.72
2.18
0.68
1.34
2.00
0.62
0.87
1.83
2.11
1.02
1.41
1.83
0.94
0.00
0.49
0.00
1.02
2.28
1.71
0.77
0.67
1.67
0.88
1.44
0.00
1.12
1.25
0.79
0.00
1.38
2.74
1.89
1.34
0.63
0.91
2.42
1.58
1.83
1.25
1.15
1.74
0.79
0.00
0.94
0.88
1.02
1.45
0.98
0.65
0.79
1.79
0.88
1.44
0.55
1.6
1.83
1.14
0.5
2.04
2.29
0.79
0.75
1.2
0.77
1.02
2.24
0.6
0.00
1.12
1.12
0.57
1.29
1.25
1.89
1.92
0.79
1.09
0.75
1.34
0.00
1.78
1.34
2.31
1.64
1.69
1.7
1.49
0.53
1.89
2.17
1.77
1.57
1.58
2.37
1.02
0.00
0.67
0.92
1.02
1.02
0.52
0.00
2.17
2.39
1.83
1.54
0.79
0.00
0.77
1.67
2.77
0.6
2.58
0.91
2.17
2.18
1.36
0.00
1.43
2.5
1.09
1.26
0.74
1.29
1.12
0.87
0.88
1.23
0.94
0.96
1.38
0.62
1.82
2.13
0.77
0.00
0.00
0.00
2.5
1.51
0.77
0.98
2.54
1.34
0.59
2.24
0.65
1.24
1.00
1.58
1.67
1.83
2.5
1.09
1.83
1.44
0.00
0.59
0.00
1.34
1.94
1.44
2.89
1.49
0.00
2.54
0.79
1.89
0.63
2.08
1.36
1.09
0.98
1.29
1.09
0.00
2.18
0.85
0.79
1.05
1.41
0.79
0.59
2.14
1.49
1.02
1.09
2.65
1.18
0.83
2.48
1.02
0.75
1.77
0.91
2.65
1.64
0.75
1.67
0.00
1.79
2.02
2.54
2.04
1.14
0.75
1.02
2.36
1.94
1.52
1.58
0.00
0.00
1.77
1.18
0.00
2.14
1.36
0.00
1.44
0.88
1.05
0.85
0.67
1.69
0.59
2.5
0.72
0.75
1.89
1.67
1.29
2.24
0.88
2.14
3.65
2.83
2.72
3.87
3.87
2.12
2.28
2.98
2.5
3.61
3.35
3.69
3.73
3.16
2.31
3.54
2.83
2.74
3.06
2.74
2.83
3.09
2.67
2.37
3.54
2.26
3.78
1.49
2.00
2.83
2.00
2.2
4.00
1.07
3.54
2.04
3.64
1.44
3.2
3.16
2.99
2.83
3.65
2.31
3.87
3.09
3.4
2.13
3.16
2.24
1.58
2.89
2.86
3.95
3.75
2.5
3.65
2.58
4.08
2.37
3.75
2.86
3.75
3.14
2.89
3.54
3.54
2.17
3.87
1.12
3.54
3.75
3.54
1.2
2.54
2.83
2.04
2.04
3.08
3.78
2.00
3.73
2.00
3.95
2.89
2.67
3.33
2.31
2.04
2.00
3.18
2.28
3.78
1.44
4.00
3.54
3.87
1.72
2.21
1.02
3.00
3.92
3.09
3.23
3.38
2.85
1.77
2.72
3.27
3.78
3.16
2.54
2.89
3.33
2.74
3.06
2.53
1.77
3.54
3.85
2.89
4.01
2.54
2.65
3.16
3.4
2.74
4.00
4.08
3.95
2.5
3.4
2.17
2.31
3.27
3.78
3.54
3.27
3.65
2.5
3.73
3.16
1.67
2.83
2.14
2.74
2.39
2.83
3.06
3.18
2.24
2.04
3.89
3.16
2.37
2.5
3.54
3.8
3.09
3.87
2.00
1.77
3.87
2.31
2.12
1.18
3.75
3.23
3.34
2.37
3.03
3.75
3.06
1.83
2.89
3.33
3.12
3.54
3.16
2.00
3.27
3.78
3.54
3.00
2.04
2.74
1.91
2.72
2.14
2.83
2.67
4.08
2.83
1.77
2.04
1.94
2.04
2.00
2.83
2.83
2.67
3.54
2.58
2.83
3.54
2.83
2.04
2.89
2.62
3.35
2.89
2.99
1.29
3.37
3.34
2.93
3.35
3.09
2.27
2.83
2.83
3.4
2.83
2.86
3.06
2.53
2.24
2.28
4.08
3.57
2.58
3.34
3.35
3.33
1.7
2.89
2.89
3.87
2.36
3.35
1.85
2.14
3.16
2.31
3.52
3.35
3.33
3.75
2.98
4.33
4.56
4.33
4.00
4.23
4.02
4.33
4.23
4.74
4.56
4.74
4.33
3.65
4.17
4.47
4.52
4.71
4.33
4.37
4.56
4.33
4.00
4.63
4.17
4.33
2.89
4.33
3.57
2.74
3.35
4.18
3.38
4.47
4.47
4.56
4.17
2.86
4.33
3.75
4.17
4.47
4.56
4.37
3.09
4.22
4.63
4.56
4.56
4.01
2.24
3.75
2.54
4.17
4.47
3.85
4.33
2.89
4.71
3.54
4.17
3.75
3.85
4.09
4.09
4.08
3.4
3.42
4.29
4.44
4.01
4.33
3.67
4.29
3.33
4.33
2.89
4.23
4.08
4.84
4.01
2.89
4.33
3.81
3.61
4.41
3.09
4.23
2.24
2.58
4.17
4.16
4.23
4.12
4.12
2.89
4.23
4.63
4.56
3.86
2.89
3.35
3.92
3.86
4.08
4.74
3.78
4.63
4.47
4.23
4.47
4.56
4.56
4.00
4.41
4.8
3.86
4.33
4.23
4.29
4.17
4.56
4.37
4.33
4.09
4.56
4.58
3.61
3.33
3.54
4.11
4.29
4.26
4.68
4.08
4.02
4.01
4.23
4.63
2.54
3.75
4.17
4.33
3.35
3.38
4.63
4.1
4.33
3.89
4.15
3.27
3.27
4.23
4.41
4.47
4.29
4.63
4.17
4.18
4.71
3.54
4.02
4.58
3.91
4.02
1.44
3.78
3.12
4.08
4.5
4.18
4.44
4.08
3.65
4.74
4.23
4.61
4.00
3.38
4.17
4.23
4.17
4.02
4.63
4.47
4.69
3.4
4.33
4.47
4.37
4.41
4.08
4.47
4.5
4.47
3.78
4.56
4.74
4.56
3.01
4.52
3.65
3.57
4.41
3.57
4.29
4.12
4.01
4.29
3.89
4.08
4.33
4.12
4.33
3.75
4.23
4.01
2.89
4.47
4.56
4.35
4.44
4.56
3.73
3.65
4.24
2.67
4.1
3.38
4.17
4.17
4.23
4.5
4.09
4.47
4.22
3.78
4.17
4.47
4.17
3.87
4.47
4.47
3.59
3.7
4.3
3.35
4.23
2.54
4.56
2.58
