3.69008
1.42999
3.40992
3.32169
3.12435
3.45376
3.41659
3.50438
3.60261
3.62097
3.03133
4.04568
3.49345
3.27127
4.05221
3.79075
3.60696
3.20423
2.68135
3.38459
3.03838
3.70053
4.21567
4.39971
4.30412
3.51854
3.52565
3.5022
3.23776
4.14365
3.19413
3.53697
3.13557
2.93398
3.65708
4.85547
3.31823
3.19213
4.11907
3.50933
3.57609
4.29479
3.69654
1.97915
4.15528
3.11513
2.94575
2.05575
3.37675
3.88371
3.19689
3.85494
3.63937
3.51706
4.10484
2.40938
3.93074
3.45706
3.2614
2.95778
4.11724
3.51705
3.86472
4.15107
3.40613
3.5824
3.55448
3.34415
2.18549
3.36197
3.48488
3.75982
3.1618
3.43305
3.24221
2.68981
3.40648
4.20245
3.01114
3.77904
3.94442
4.3146
3.57447
3.51887
4.77426
3.33878
3.65764
3.68279
2.81839
3.54905
3.46287
3.92214
3.87095
3.49008
3.24221
4.01751
2.38591
4.16594
3.5989
2.94821
2.88702
4.26299
3.46598
4.38251
3.70564
4.41736
3.61911
3.03575
4.27687
3.14433
3.42529
2.54769
3.4174
3.3351
3.66127
3.18526
3.15706
3.33891
3.11263
3.71335
4.37504
3.56021
3.51006
3.86837
4.35559
3.13673
4.06971
3.95061
4.58642
3.32865
3.94373
3.65547
3.50418
4.25417
3.81601
3.47227
3.9047
3.73106
3.68334
3.62831
3.67766
3.81754
3.75784
3.48293
4.32568
3.41975
3.74274
4.1507
2.87601
3.75587
3.49643
4.78782
3.99604
4.04477
3.92395
4.27008
4.1908
3.26444
3.71182
4.76423
3.58479
2.33169
3.71098
3.51853
3.17018
3.51901
3.51677
3.57044
3.50431
3.05801
3.87648
3.96328
3.87355
3.2903
3.44818
3.39992
3.30888
2.96693
2.77454
2.25506
3.93722
3.68935
3.34705
3.54496
4.11968
3.12514
4.86828
3.79432
3.32793
3.81898
3.5627
4.14595
3.48324
3.80924
3.37087
2.25331
3.48847
3.28295
2.64591
3.45369
3.33676
3.32911
3.25654
3.33811
3.70647
4.30772
3.82731
2.04327
3.89459
3.93116
4.04812
3.53878
3.57746
2.6888
3.09587
3.25137
1.94635
3.31911
4.2026
3.15816
2.5931
3.36718
3.56093
3.78385
3.84829
2.30337
3.33011
4.2646
3.75401
3.62847
3.8888
3.44453
3.29584
3.4714
3.23871
3.73227
3.34343
2.81772
3.87096
3.15987
3.81202
2.41658
3.48714
3.09514
3.85408
2.61263
2.54998
3.41834
3.86235
3.78513
3.35866
3.44755
2.51161
3.85952
3.04463
3.32497
3.47503
3.41633
2.63412
3.46289
3.48371
3.10014
3.47638
3.70488
3.21639
4.02419
3.67385
2.93355
3.44653
3.05333
3.40722
3.77641
4.37288
4.42468
3.38491
3.86402
3.88604
3.83524
3.30784
3.32869
3.63771
3.4293
3.35994
3.34119
2.78894
4.18124
4.09444
3.4318
3.82734
3.83721
3.44154
3.47724
3.69654
3.24146
4.00112
4.17716
3.35733
3.96104
3.95946
4.37781
3.58565
2.71482
3.40307
4.00112
3.3807
3.48849
3.06595
3.35279
3.80381
3.87673
2.84647
3.57979
1.69135
3.58667
2.71743
3.47454
3.11325
3.38036
3.22877
3.18233
3.86413
3.21236
4.08458
3.67162
3.79405
3.49751
3.31419
3.1241
3.94605
3.86505
3.05151
3.98423
3.17042
3.53838
1.87037
3.81295
4.73296
4.10185
3.79437
3.24755
3.57169
3.31219
3.60787
4.24089
3.46524
2.81636
3.76804
3.72974
2.97661
4.42432
4.00976
2.92199
3.57584
2.71598
3.45479
3.32224
3.42571
3.5395
3.36786
2.86144
3.45053
2.74663
3.08007
3.40185
3.57913
2.94497
3.78262
2.97709
1.66676
2.26302
3.0242
4.75015
3.79064
3.14943
4.21533
3.57197
3.54499
4.16867
3.42389
3.36077
2.18975
3.64787
4.55537
3.65317
3.28261
2.78666
4.28504
3.81037
1.35204
3.92089
3.76133
3.56945
3.32768
3.68132
3.55464
3.45956
2.77033
3.48754
2.55595
3.14017
3.18526
2.51169
3.62045
3.20965
2.84685
4.05522
3.64273
4.28311
3.99038
3.99131
2.85433
3.14363
4.15197
3.51562
3.53931
3.57958
3.58423
3.3081
3.25271
3.78939
3.23296
2.63473
3.41167
3.21508
3.10449
2.82542
4.10631
3.70627
3.41243
3.8557
3.12256
3.67315
3.39961
4.6126
4.40046
3.34748
3.41326
4.34464
3.95085
0.96296
3.63464
3.74257
2.5416
3.51126
3.08379
3.45885
3.27974
4.09398
3.44355
3.73713
3.17273
4.26762
2.19628
3.46945
3.6119
3.75255
3.98646
3.13465
3.59601
4.9629
3.53047
4.11168
3.91748
3.02448
4.37117
3.17186
3.7194
1.98252
3.69768
3.15616
2.87788
3.69084
4.16391
3.22654
4.07795
4.47617
4.23168
3.14995
3.88782
3.41233
4.36763
3.39911
3.40423
4.0843
3.61908
3.98218
3.45563
3.57407
3.60394
3.95084
3.8879
2.55353
4.15248
3.51163
1.78895
4.396
3.15298
3.15816
3.47628
3.6797
2.74686
3.4738
3.21327
3.46907
3.87626
3.84563
3.3284
3.27731
3.26463
3.47668
3.18796
3.68837
3.85273
4.02309
2.90687
3.63401
3.9264
3.30124
2.89226
3.5346
3.48412
4.10359
3.9448
3.6281
3.88365
3.31619
2.94361
4.20246
3.48059
3.00354
2.82493
3.82812
2.69832
4.24783
3.28179
2.94045
4.11626
3.79517
3.17912
3.50714
4.56477
1.90001
4.42253
3.38746
3.85397
3.9143
3.68733
3.04542
3.65793
3.92824
4.1246
3.85328
3.84537
3.5833
3.79614
4.23702
3.21661
2.65336
4.19877
2.75773
3.17829
3.67018
3.65432
3.26954
3.8388
3.41091
3.69675
3.11154
4.20135
3.80795
3.99652
3.37345
3.69529
4.03359
2.71096
3.40084
3.56171
3.71367
3.76021
3.3384
3.6377
3.40871
3.8721
3.76394
3.76995
3.21975
3.99372
2.69686
3.17778
3.39313
3.19947
2.73203
4.22526
3.56161
3.75666
3.80559
3.8059
3.58793
3.05295
3.46433
4.00372
3.27546
3.5536
2.89426
3.30293
3.30193
4.525
4.11062
4.27144
3.62212
3.79153
3.45466
3.6569
2.14231
3.69726
3.84337
3.36908
3.40405
3.53066
3.58366
3.72457
3.34248
3.45685
3.40196
3.32341
3.36773
4.35626
3.58751
3.61723
3.8423
3.47735
3.10231
2.93235
3.46529
2.25706
3.67776
2.94922
4.06089
3.63619
4.00717
2.96969
3.57891
3.74271
3.51302
3.70019
3.41477
3.21289
3.68021
3.72621
3.5322
3.26407
3.42887
2.3258
4.08343
3.58712
3.85948
2.89496
2.63319
2.92994
3.77345
3.85497
3.26042
2.95438
2.78456
3.04607
3.90057
2.93982
3.14859
4.26738
3.2079
3.39975
3.83506
2.22099
3.47699
3.58172
3.17807
2.92396
2.76024
2.88868
3.74301
4.37416
3.23193
3.3296
3.45452
3.49225
3.86109
3.23953
3.56963
3.11051
3.98906
1.85848
3.87554
3.32487
3.71008
3.69054
4.15907
3.34641
3.74202
4.27257
3.80613
3.73887
3.30183
3.51322
3.50736
3.62255
3.62559
3.11111
3.04991
3.94294
3.48097
3.32669
3.33394
3.13392
3.57171
3.76619
3.41074
3.32747
3.81819
3.75868
3.39912
4.00008
3.8461
4.07929
3.12389
1.79102
3.16092
4.03734
4.11064
3.38547
3.14903
3.77482
3.57542
4.28268
3.36404
3.1945
3.94145
2.90214
3.1235
3.67183
3.03796
3.32346
3.85357
3.48231
3.2963
3.41406
2.96185
3.40619
2.77951
3.07043
4.06165
