4.00763
3.4858
4.23316
4.14323
2.90025
3.45895
3.01265
3.64289
3.98917
0.617008
2.00983
3.57751
3.1992
3.23225
4.59463
4.29245
3.97922
3.59196
1.58419
3.5238
3.72903
3.75691
4.10226
3.39499
4.45649
3.88767
3.16827
3.45403
4.21588
4.26034
3.10161
4.40738
4.08889
4.78191
2.58448
1.68907
4.6771
3.82242
1.35746
4.06996
4.40408
3.33271
4.02895
4.2553
3.84111
3.86928
3.00861
3.1992
3.88949
4.5112
4.31231
3.57161
3.34399
2.96052
4.40407
3.29332
4.65141
3.74544
3.99215
3.9141
2.94249
3.52724
1.77738
3.33904
4.06235
2.15523
4.03347
4.49303
3.96699
4.6523
1.8611
3.29176
4.42276
4.51692
4.44786
3.11864
4.23829
3.44319
2.67657
3.89299
1.68907
3.65537
4.65717
4.11001
4.51007
2.96094
4.02919
4.00112
3.40132
2.67657
4.05136
2.99732
3.79136
4.44918
3.9069
4.11648
4.44002
3.42257
3.90709
1.67115
3.40674
3.91655
2.65209
1.35746
3.77508
2.29637
4.58539
4.09396
4.02895
3.43906
3.8058
3.8935
4.34413
0.405967
2.65209
4.04982
4.89468
2.88074
3.03413
2.89161
3.31911
4.88945
1.02725
3.28698
3.33271
4.16874
3.55277
3.79628
1.33048
4.0018
3.9593
3.25032
4.59287
3.35692
3.95798
3.50957
3.11172
4.67796
3.8808
4.28189
4.49569
4.41202
3.96076
3.80677
3.69256
0.506635
3.8676
3.89501
3.98103
3.55501
3.26608
3.76853
3.70716
3.69752
3.21895
3.76977
4.36281
3.11197
4.22481
3.70126
3.30941
2.14427
3.75413
4.29396
4.65121
4.03919
4.20374
2.86287
3.49317
4.18074
2.23245
2.84764
3.66019
4.36811
4.13574
3.44103
3.12777
3.54817
4.02797
3.82242
3.9559
4.66461
3.50902
3.72905
3.82359
3.8086
4.74442
3.27413
3.71737
4.49912
3.80332
3.42277
4.23566
4.13574
3.67709
3.38445
3.96002
3.70126
3.53124
4.09584
3.54459
1.35746
4.47766
4.0196
4.66737
3.45545
5.02487
4.2093
4.21338
3.6358
3.59225
4.02393
3.16827
4.1365
4.31231
1.51418
3.68451
2.14984
4.47923
3.42928
4.57682
3.86928
3.14906
3.21104
3.54678
3.126
4.31862
4.2093
3.79136
3.86408
4.00112
3.96358
4.11743
3.25101
4.5168
3.90746
3.61519
3.82191
4.67185
4.88945
4.44062
3.55071
4.51107
3.79136
3.05595
3.61188
4.65324
2.05098
4.05666
3.80422
4.63443
3.54459
3.33456
3.60753
3.4724
3.50618
3.87248
3.43906
3.73323
3.16728
3.87907
3.41297
4.22077
3.25101
2.46298
3.81754
4.39009
4.17299
3.79136
3.8197
3.35847
3.70126
3.94594
4.08486
3.46552
3.98622
3.92434
3.94194
3.39006
3.83288
2.74538
3.55277
4.37803
3.53104
3.28509
4.42312
3.16827
4.16666
0.357665
4.05175
3.91035
2.88074
3.87213
3.91669
3.70126
3.18563
0.863519
4.31862
2.65218
4.31174
3.66333
3.15954
3.24108
3.90649
3.48042
2.60134
3.73859
2.65209
3.26954
3.55277
4.55087
4.12216
4.10967
4.82181
4.56661
4.44316
1.67115
4.39924
3.88105
3.47346
3.42538
2.65209
3.84856
3.33058
3.28722
3.38737
3.54459
3.79136
0.934292
3.3649
4.05141
3.84585
3.17467
4.30548
4.1183
4.77744
4.48134
3.73924
4.5494
3.63382
4.10681
3.86928
3.86928
3.66341
3.50668
3.07948
4.40578
3.26512
3.30941
3.54459
3.70904
4.51692
3.15898
4.27238
3.80389
4.53928
4.10532
4.02079
3.69949
3.52064
3.5321
3.34912
3.90141
3.16827
3.38449
3.35859
3.70126
3.73036
4.2093
3.3649
4.34413
3.31337
3.71549
4.23142
3.58574
2.88222
1.52095
3.5049
0.405967
4.03451
3.48102
3.67903
2.60134
3.64949
3.49101
2.65571
4.54073
4.03347
3.889
0.114291
3.68797
3.54459
3.15239
3.47157
4.44871
4.04651
2.89223
3.19522
2.20242
