4.07693
3.26184
4.54444
4.62009
4.31597
3.80434
3.64104
2.45417
2.82722
3.98546
2.37914
3.61494
1.15632
2.61538
3.39004
4.69958
4.69854
4.24646
4.34314
3.70783
4.71615
1.5732
3.92797
2.68058
3.53476
4.38422
1.10677
2.87126
3.66885
4.01132
4.00707
2.73633
4.98681
4.51173
2.28838
4.85825
4.85825
2.08157
4.45427
2.25007
4.20985
4.20985
1.95173
4.00933
4.01177
3.86835
3.68337
5.05284
4.20985
4.20985
3.13768
1.03835
2.61277
4.49587
1.9629
3.66699
2.78232
2.18739
4.88268
3.78347
2.212
4.58745
1.66132
3.5848
3.3376
4.86285
1.91626
5.01906
2.25399
1.31813
1.98309
3.64569
3.14081
3.76563
2.06288
3.24057
3.87687
4.13053
4.85825
1.58829
2.05148
2.02227
2.02227
4.04078
2.88382
3.66699
4.34947
1.65699
1.08388
4.25211
4.35072
2.32139
2.71773
1.99933
1.99933
2.32163
2.32163
2.32163
2.04465
2.36129
5.01991
3.16264
3.54583
1.19452
1.13857
3.02159
3.43572
3.31494
0.689149
3.61664
2.64434
2.49751
2.61382
2.90414
3.68285
3.06382
4.9482
4.51803
3.33935
3.43572
4.58966
4.08448
2.14565
1.48412
2.13485
2.85594
3.04222
2.04129
4.52067
3.84122
1.8973
3.34019
4.04672
4.7492
4.51803
1.1636
1.0999
2.0718
0.425006
1.62686
2.39115
1.73495
0.948198
1.74219
2.16268
2.7425
2.64217
1.99943
2.63742
4.90215
0.253222
3.17688
3.56149
3.90084
3.73211
2.61584
3.95133
4.27471
2.80854
4.49013
2.7919
3.07562
4.28761
4.22401
2.67298
4.0347
4.60724
4.00017
1.97824
1.8864
2.77274
1.53351
1.56705
2.6191
2.72718
0.936757
1.29634
0.279871
0.338686
2.27001
2.27001
1.22724
1.04504
3.77188
2.35269
4.6739
3.76047
4.06833
3.13217
2.3963
2.61976
1.02468
5.01127
1.42385
3.05133
3.78675
4.48395
1.83227
3.06218
4.23895
0.0693571
1.14413
5.01162
3.44539
2.75147
0.451601
4.75238
3.88645
1.07697
3.51113
1.86028
3.74895
4.24397
4.02012
2.87992
3.93906
3.69579
4.83719
4.65315
4.83719
2.17572
2.21517
2.62721
2.35629
3.84464
2.8265
3.99716
2.48974
3.96828
1.1773
0.661227
3.01961
3.31845
3.99512
3.56538
4.25639
1.13566
2.7879
0.593871
3.21821
4.25598
2.9782
3.18798
3.74658
0.452434
0.248461
0.459751
1.48371
2.06815
1.94723
3.21452
1.37245
3.82784
3.39697
3.64609
1.66464
2.72551
2.25633
0.588733
-0.046009
1.91288
3.24964
2.13618
2.70995
0.410729
0.3668
3.86009
3.72442
3.55145
2.91005
1.15492
3.12962
2.85449
4.03835
1.58092
3.41684
3.89031
0.555947
3.74451
4.03046
-0.0928537
0.623628
3.80205
1.15123
3.28968
4.16235
3.38455
1.93673
3.68393
2.87867
3.89561
2.19186
3.15037
3.94186
0.509576
0.682059
0.271494
3.25274
3.0838
1.74861
1.51456
1.80547
2.57585
3.71255
2.31472
2.97727
3.96799
0.149855
0.807842
0.620091
0.594175
3.87807
4.07079
0.339372
0.568888
4.5491
0.901445
1.50619
2.61903
2.6032
3.49509
2.81002
0.713957
2.86508
3.34762
0.218774
2.20176
4.14869
0.741778
0.905657
0.904426
0.752332
4.33714
2.97017
0.186481
0.268516
0.429492
0.233561
2.35587
3.53513
0.592871
0.585769
0.526626
4.23123
0.67712
0.442461
0.641231
3.65385
3.12236
0.732614
0.659624
0.649216
0.803012
3.4378
3.02071
2.19933
0.466317
4.05323
4.39973
2.13365
1.41517
2.89687
0.591139
1.3921
2.6727
4.5783
3.22145
2.8747
4.19276
4.49174
4.30888
4.41634
2.22781
0.58371
0.677243
2.42005
0.703851
2.85506
0.720608
3.13897
1.67649
2.69367
1.72694
0.537031
3.15991
1.54467
1.03662
0.3592
3.70868
2.52076
0.0203039
0.164066
3.51165
2.47
0.148946
3.3021
1.05381
3.77782
1.90852
3.13361
3.59428
3.92291
3.85067
3.55776
1.80325
2.49737
2.21947
1.50465
0.16371
0.335572
1.20409
0.973097
-0.00873161
1.26377
3.5315
0.409418
3.27833
2.871
0.899947
3.52898
4.13153
2.96948
0.280594
0.453882
1.02685
0.249953
1.34645
1.4673
0.803886
3.17886
3.73601
1.88964
2.80212
4.1684
2.18518
3.29188
3.14351
4.10177
1.04889
0.143233
1.29256
2.28425
2.34796
0.226282
3.91456
1.50232
3.82267
3.55527
2.82001
3.81626
0.346434
2.89839
3.81983
2.07605
2.65031
0.728223
0.874574
1.56187
2.63543
0.270318
1.56741
0.760579
2.77344
2.9807
2.82716
2.57881
3.55342
1.29264
0.532253
1.26099
0.583491
2.21184
3.23211
0.387714
0.61197
0.698532
3.69697
0.60422
3.11896
3.16852
3.75708
2.72809
2.33001
0.265047
0.649033
3.64138
2.1198
0.0346875
4.29854
2.48217
0.180048
3.61437
3.00489
0.732623
1.57729
0.724685
0.960353
0.618359
0.0555464
0.64969
0.380878
0.160027
0.23719
4.3259
1.94919
2.65875
1.71844
4.34844
2.42962
2.9953
2.29309
1.45613
0.612936
0.134522
2.62001
0.73371
3.30052
0.384516
4.27083
4.07247
3.26312
1.23163
2.17097
2.18992
4.02644
0.204021
0.352441
0.917527
0.945456
0.219275
2.7179
3.75255
1.56651
1.4143
0.797697
0.561221
-0.112668
0.139033
0.0782463
1.42673
1.29387
2.36084
2.77908
2.6442
1.25774
1.13677
0.143981
0.272864
2.40908
3.04735
0.640858
0.958666
0.299877
4.44388
3.61996
2.22995
0.427501
2.47672
1.34339
1.19048
1.2262
2.91716
2.99459
0.976914
0.524609
1.85539
3.9442
-0.119123
0.549609
3.73046
3.09201
3.16274
0.722445
3.11614
-0.0195656
0.21489
3.18362
3.79471
3.68743
3.2414
3.18248
3.0503
3.13916
2.23553
0.54102
3.024
0.698105
0.878554
0.483229
1.2543
0.0505186
0.00799972
3.97863
4.05648
1.16605
2.08776
0.110449
0.489301
2.67746
1.10797
2.97858
2.48906
3.0977
3.41823
1.75672
0.953356
2.90219
2.89988
3.83208
1.13646
2.64795
-0.20365
-0.153058
0.156918
-0.174587
2.93389
3.57029
0.755372
0.926767
2.82217
1.92037
3.27825
2.46863
3.2267
3.83761
1.43223
0.283102
0.39896
1.19919
0.750672
1.70819
1.99062
2.95283
1.83119
0.328535
2.31297
-0.0360865
2.88736
1.43899
1.13831
0.114717
3.20007
2.86415
-0.0690519
1.0778
-0.159661
0.161621
2.46274
2.41575
2.75173
2.87298
0.852169
0.58471
0.730489
2.02915
2.37256
3.47491
2.0825
3.62323
0.861954
0.997883
0.888283
1.67338
0.634838
0.644989
1.53702
1.87112
1.67844
3.44073
0.779957
3.15125
1.93329
0.538776
3.16915
2.74207
2.18631
2.06929
2.11439
2.63232
1.82675
0.758378
0.824216
0.481199
1.5809
0.895057
0.928116
0.124272
3.50277
0.665812
1.08404
3.18398
1.54844
2.46292
0.0542446
1.43727
0.960003
0.190179
3.08199
2.10462
2.01767
0.245626
1.60537
0.0246664
-0.202763
0.177761
0.209896
1.33941
2.92065
2.25063
3.18357
1.39969
2.46341
0.782296
3.46337
3.56515
1.33126
2.15072
1.56
2.10958
1.57888
1.1228
1.39371
2.8237
1.92605
0.2255
0.271616
0.0784256
1.81225
1.85484
0.273535
0.555002
1.24062
1.06139
0.325593
1.42592
3.50446
3.29982
2.75636
3.07141
1.11193
0.956872
1.67201
0.0604226
0.435324
0.977749
-0.0722179
1.74546
0.546831
0.207496
0.0656441
