3.4358
4.38922
3.5394
3.25244
4.9207
3.25097
2.22974
4.76972
3.867
3.40209
3.40113
4.25071
4.72642
3.56328
1.83768
3.7038
3.77447
4.41305
3.88847
4.96047
3.13401
1.87896
3.02878
1.87896
5.17892
3.18773
3.53202
3.63428
3.47369
4.41647
3.90234
3.63464
3.45607
2.81047
4.47601
4.57445
2.71542
3.97581
4.58424
4.66905
3.61092
1.87896
4.1058
3.31563
2.60732
2.95312
4.12709
3.3323
1.87896
4.92983
3.7038
3.8199
3.0479
3.31544
3.31841
4.38571
3.42912
3.3467
3.98972
5.17892
3.3648
4.06079
1.62134
4.66905
4.23042
4.30827
3.81057
3.81057
3.35508
3.99829
3.39228
3.75268
4.1058
3.91492
3.98937
5.17892
3.63916
3.7038
4.06896
2.83861
1.62134
4.33726
3.15497
4.9207
3.08594
3.7038
4.66905
4.34987
4.31577
5.17892
3.44701
3.98974
3.71721
3.88505
3.7778
4.10815
4.34987
3.11104
3.98972
3.36458
3.57693
2.77019
4.9207
3.78912
3.99266
3.45757
2.15147
3.7038
3.78912
3.36892
3.57262
4.09265
3.7038
3.82239
4.41395
1.87896
3.06038
4.09265
3.85067
4.24549
4.59172
3.99027
4.26608
3.52025
3.42912
3.88505
2.6373
4.08453
3.15497
4.34987
3.91017
2.73548
4.09254
3.86695
3.29457
4.09265
3.15497
3.7578
3.88847
4.43774
3.7038
3.63112
4.00558
4.9207
3.64165
4.92983
2.74843
1.81861
3.37361
3.24056
3.86695
3.42912
3.18335
3.42912
4.00848
3.85169
3.27233
2.35007
2.41067
3.7038
2.86197
3.51227
3.17704
3.99266
3.72088
3.56432
3.28132
3.62546
5.17892
2.69985
2.01983
3.78912
3.94655
2.67789
3.59902
3.25643
3.65722
3.16824
3.26427
3.88767
1.87896
3.78912
3.34372
2.86065
4.60309
4.15273
4.09265
3.44017
3.67073
2.5309
4.03393
3.7038
3.7038
4.66905
4.00714
3.53225
3.52369
4.68764
4.61809
3.7038
3.98972
5.17892
4.1844
5.17892
4.66905
3.72088
2.80224
2.63456
3.067
3.58162
3.42912
3.82239
1.55858
3.76241
2.59403
2.63456
4.9207
2.09601
3.44577
3.40148
3.446
2.95562
3.27231
3.57918
3.7038
4.34987
3.87946
4.32844
3.88847
2.83765
4.8988
3.83523
3.49828
2.96767
4.66905
4.14666
1.8798
3.27803
4.03427
4.25569
2.86711
3.48002
3.48894
3.98972
2.91583
4.42667
3.4491
3.72523
3.40209
2.9298
3.70048
3.99038
3.38826
4.43336
3.75707
3.5604
3.64036
4.03393
1.33
3.61564
3.53168
2.63456
3.15497
1.33
3.88847
3.96305
1.84444
1.27742
1.61887
4.1844
3.47369
3.84277
3.86695
2.68981
4.24181
2.24944
4.9207
3.66198
2.94222
3.08594
4.23571
3.32158
3.78912
4.07592
4.34987
3.93353
3.99266
3.25643
3.62768
3.15497
2.53043
4.82632
2.50377
3.53225
3.73227
2.23339
4.31224
4.60299
4.1844
4.38223
3.98972
2.27948
4.13399
2.63456
4.19668
4.1599
3.08594
3.58722
4.42667
3.81548
2.53914
2.90491
3.78912
2.73548
3.43128
3.2754
3.98616
5.17892
2.42279
3.65724
3.70048
4.37904
1.8974
2.33783
4.41263
3.37592
4.09265
3.98972
4.03393
1.87896
4.58424
4.21823
3.40491
4.09265
4.67709
3.19515
3.55084
3.90494
4.048
4.28172
3.25092
3.78912
4.66905
4.38336
3.98868
3.83523
4.34987
3.67073
3.66034
3.40209
4.61214
3.7038
3.08594
3.53225
3.08815
3.8249
3.67681
2.97812
1.87896
4.1599
4.9207
3.42912
3.7038
4.39861
1.87896
4.22024
2.63456
3.69016
4.34987
5.17892
3.15497
2.72787
3.44274
3.42912
2.12941
3.40535
3.83021
4.9207
2.53914
2.74843
2.38517
3.00957
3.74614
3.73536
3.88088
3.81927
3.70048
3.47454
3.60168
3.63839
2.75435
3.91166
3.85927
3.52037
4.31577
3.7038
3.52369
3.55596
2.03861
4.16421
3.39274
3.7038
3.15497
3.44701
2.21415
3.70048
3.55132
1.87896
5.17892
4.92983
4.40254
3.22415
3.92275
3.94756
4.08311
3.2148
2.95467
4.00848
3.73054
3.99266
3.52037
3.99266
3.53461
3.78912
3.83923
3.24723
4.9207
1.87896
3.99266
2.07842
3.46633
4.56553
3.86548
5.17892
3.66625
2.19487
3.75247
3.43741
4.35339
2.97312
4.42667
4.9207
4.09265
3.63257
4.09265
2.29875
3.08594
4.9207
4.34874
4.00848
2.86711
3.43932
3.01947
3.54463
3.43319
2.18463
4.34987
2.97227
4.03393
