2.67955
1.99571
1.30376
2.75895
2.60099
2.78822
2.81155
2.81149
2.28634
2.81147
2.8099
3.00984
2.81085
2.81149
2.7227
2.80385
2.81145
3.18933
2.80553
2.63634
2.8121
2.80537
2.81149
2.81128
2.81149
2.8108
2.83452
2.81149
2.21348
2.81149
2.81149
2.81149
2.81149
1.9968
2.42879
2.81067
1.30852
2.94097
2.63135
2.81139
2.81145
2.76784
2.6813
2.80095
2.81149
2.81139
2.81149
2.71807
2.47532
2.81148
2.80878
2.81149
2.72938
2.83049
2.65573
2.81149
2.08398
2.76213
1.8234
2.81149
2.80701
2.77812
2.81149
2.79165
2.81132
2.81148
2.55949
2.6304
2.23631
2.81003
2.93114
2.70561
1.34519
2.74788
2.42961
2.81149
2.81007
2.79591
2.77711
2.6661
2.74308
1.35875
2.80524
2.80001
2.49167
2.6998
2.78443
2.77722
2.38728
2.81133
2.81127
2.81143
2.81171
2.81016
2.74283
2.80936
2.81148
2.81081
2.38388
2.80214
2.56827
2.71608
2.63807
2.81125
2.79547
2.81421
2.79176
2.80817
2.76139
3.4106
2.79906
2.80896
2.76648
2.6242
2.81148
2.81149
2.81078
2.81022
2.81181
2.79276
2.81149
2.06351
2.58842
2.79896
2.81116
2.77009
2.81161
2.50563
2.78745
2.80009
2.8384
2.81303
2.26053
2.69188
1.96495
1.02017
2.80984
2.22847
2.515
2.80559
2.78279
2.81149
2.79462
2.75434
2.81126
2.2648
2.8089
2.80446
2.81148
2.79907
2.81147
2.81095
2.73569
2.80604
2.91243
2.80784
2.64367
2.81149
2.77947
2.64701
2.81149
2.80957
2.81092
2.81143
2.81149
2.81146
2.72686
2.07223
3.17583
2.86017
2.81149
2.65982
2.70718
2.80892
2.81149
2.78206
2.81149
2.81148
2.8198
2.46847
2.81149
1.11503
2.72062
2.24217
2.81148
2.81149
2.7324
2.80834
2.80126
2.68218
2.74298
2.81525
2.76606
2.79769
2.81047
2.80775
2.76274
2.73858
2.80282
0.676376
2.59973
2.81148
2.81144
2.86197
2.81148
2.81087
2.81059
2.81149
2.81095
2.81029
2.81148
2.81149
2.78659
2.81149
2.36379
2.80189
2.6281
2.3495
2.57075
2.80059
2.71212
2.81142
2.81147
2.80234
2.79042
2.80617
2.78148
2.80901
2.80753
2.68279
2.5645
2.81149
1.89306
2.81149
2.81149
2.81149
2.80626
2.78845
2.56715
2.56948
2.72496
2.80706
2.81149
2.77022
2.81126
2.81149
2.81146
2.74707
2.75695
2.81149
2.57256
2.56688
2.81109
2.91403
2.9303
2.78723
2.62076
2.81562
2.73989
3.12812
2.88739
3.02147
2.94112
2.88513
2.92105
2.3919
3.02924
2.8794
2.47184
2.84641
2.91929
2.27267
3.8348
2.78364
2.81601
2.81152
2.81149
3.02458
2.82551
2.71943
2.83648
2.61346
2.81149
2.37684
2.54752
2.81738
2.80083
2.98149
2.81156
3.43095
2.81177
3.38553
2.81292
2.90828
3.07961
2.81165
2.98155
2.81591
2.46536
2.81335
3.06032
2.17917
2.84168
1.80046
3.03604
2.95465
2.87294
2.58783
2.82621
2.81384
2.81156
2.83508
2.94095
3.05824
2.82123
2.86328
2.81152
2.82689
2.76349
3.40096
2.75844
2.81157
2.76007
3.93695
2.82072
2.81258
2.81518
2.81691
2.81825
2.86878
2.60291
2.84233
2.83797
2.95631
2.92591
2.64601
2.59774
2.82632
2.81161
3.74376
2.68278
3.46971
2.78445
2.83402
2.83372
3.1955
2.81221
2.81166
2.94405
2.8598
2.8115
3.07317
2.99555
2.42126
2.81149
1.88823
2.82484
2.81152
2.81929
2.81172
2.98463
2.8291
2.91791
2.82804
1.68408
0.883239
2.93306
2.80999
3.74376
3.01469
2.85157
3.28943
2.92591
2.74996
3.42232
2.83457
2.86225
2.88511
3.82687
3.0068
2.98302
2.81634
2.83931
2.7498
3.0851
3.38106
3.33802
3.15763
2.79149
2.67762
2.81013
2.81995
2.85292
1.31461
2.35763
2.17086
2.74405
3.69942
2.96401
2.7609
2.82105
3.19105
2.50133
3.27223
2.81149
2.22019
3.37518
2.92757
2.83959
2.76764
2.81904
2.76426
2.82819
3.19628
2.94747
2.81162
2.8129
3.06323
2.8454
3.07483
2.84502
2.81107
2.82177
2.81196
2.65494
2.82484
2.61089
2.91218
3.30445
2.85241
3.08801
2.81149
2.9776
2.81149
3.06801
2.81436
2.87685
2.85459
3.01021
2.46089
2.81087
2.20681
3.09158
2.80098
2.80395
2.75087
2.81149
2.81568
2.83326
2.81119
2.81151
2.63595
2.81169
2.82772
2.8175
2.81221
3.0239
2.68805
2.81145
2.87114
2.80056
2.91199
3.07571
2.77956
3.05476
3.05346
2.81182
2.90898
3.0706
3.12066
2.83241
2.82021
2.91507
2.81149
2.38727
2.58981
2.8238
2.83903
2.81189
2.83715
2.59918
2.75493
3.51186
3.03635
2.94052
3.02833
2.81149
2.85261
2.81175
2.81174
3.08057
2.81904
2.75834
2.81156
2.81906
3.32387
2.45468
3.02296
2.73686
2.81995
2.81147
2.82313
3.00845
3.06089
2.82752
2.94108
2.8137
2.85252
2.81698
2.84171
3.43407
3.17641
3.44631
2.9396
2.82927
2.98988
2.86567
3.63526
3.34668
2.80786
2.83048
3.00267
2.81381
2.26363
3.02288
2.81204
2.82781
3.12786
2.81149
2.11421
3.13947
2.87734
3.00922
2.79257
2.89701
3.2899
3.38744
2.81188
2.80074
2.71554
2.5881
2.65574
3.19269
3.10244
2.82745
3.13947
3.16841
2.91484
3.27786
2.81172
2.80204
2.81509
2.73604
2.81161
3.14386
2.78115
2.81996
2.95789
3.04771
2.68391
2.25589
2.81397
3.23713
2.88807
2.81508
2.83506
2.86104
3.36865
3.06801
3.24041
2.8115
2.97413
2.46702
2.88395
2.91206
1.89971
2.77189
2.92611
2.90971
3.33791
2.84237
2.89535
3.28053
3.10428
2.96407
2.81452
3.13698
2.8115
2.8172
2.37963
2.898
2.9442
2.86682
2.99777
2.83804
2.82592
3.12124
2.32311
2.93682
2.8115
2.83068
3.39899
3.21719
2.94485
3.76084
3.58525
3.26048
2.5435
2.83793
2.77483
2.97381
2.73796
3.18641
2.91368
3.12273
2.83315
3.03345
2.83144
3.14385
2.63002
3.08244
2.81552
2.81155
3.41002
2.89752
4.03348
2.94289
2.89901
2.85892
3.45411
2.85565
2.81928
2.86094
3.0953
3.13961
2.88259
3.14038
2.88082
2.82877
2.01433
3.52315
3.30422
3.08488
3.36288
3.59929
3.22286
2.99301
2.90814
3.15283
2.847
2.78354
2.8252
2.85144
2.83063
3.15926
2.99677
2.07561
3.43979
2.88523
3.1728
2.83567
3.24367
2.88663
2.977
2.81149
2.82935
3.04643
2.97014
3.42401
3.10363
3.04305
2.83619
2.81963
2.88509
2.81226
2.97422
2.98042
3.19772
3.06322
2.89324
2.82344
2.95743
2.87454
2.85541
2.75723
2.87628
3.24097
3.07066
3.09804
3.36911
2.87581
2.79601
2.81211
3.32977
2.86323
2.84034
2.87604
3.22871
3.29976
3.04462
3.32785
3.01508
2.90518
2.82261
2.4228
2.82435
3.54935
3.03906
2.90289
2.84882
3.01106
2.83501
3.25269
2.95507
2.83022
3.45896
2.8155
2.79427
3.25427
3.3544
2.84398
2.96227
2.88775
2.59349
3.13254
2.9929
2.93148
2.92585
3.24955
2.86577
3.07683
3.32057
4.34051
2.81795
3.68982
2.86053
2.82432
2.81359
3.41708
2.86573
3.26269
2.89695
2.89473
2.65208
3.74991
2.87565
2.83279
3.09764
2.82595
2.81368
