3.7665
3.8563
3.7956
3.77737
4.01084
3.81514
3.76531
3.7722
3.75798
3.94075
3.70979
3.78342
3.75845
3.75884
3.75671
3.75804
3.75979
3.77591
3.85091
3.75805
3.74342
3.99982
3.75403
3.99982
3.99982
3.80784
3.78553
3.75809
3.73813
3.7591
3.75955
3.77583
3.75805
3.74587
3.78682
3.76083
3.75806
3.77721
3.94799
3.79382
3.78491
3.99982
3.87006
3.7629
3.75827
3.81161
3.83643
3.77395
3.99982
3.82835
3.75804
3.936
3.77545
3.75596
3.72606
3.77631
3.77728
3.75781
3.80035
3.99982
3.7663
3.82981
3.63376
3.79382
3.85973
3.74658
3.83643
3.83643
3.93625
3.87924
3.77221
3.80678
3.85846
3.7577
3.80443
3.99982
3.56566
3.75804
3.75828
3.76666
3.63376
3.7661
3.89863
4.01084
3.85117
3.75804
3.79382
3.77256
3.81895
3.99982
3.75886
3.89536
3.75785
3.8644
3.7398
3.78738
3.77256
3.76143
3.80035
3.8676
3.87027
3.75093
4.01084
3.75574
3.89536
3.75809
3.80856
3.75804
3.75574
3.77516
3.79754
3.7582
3.75804
3.86317
3.81545
3.99982
3.75929
3.7582
3.75777
3.8514
3.85594
3.80443
3.76024
3.76225
3.77728
3.8644
3.75804
3.819
3.89863
3.77256
3.83632
3.75544
3.77255
3.72651
3.74286
3.7582
3.89863
3.74862
3.85091
3.75804
3.75804
3.85523
3.75775
4.01084
3.77055
3.82835
3.7566
3.75931
3.74388
3.752
3.72651
3.76532
3.75804
3.76532
3.76301
3.75815
3.75575
3.76762
3.75884
3.75804
3.75783
3.75313
3.75801
3.89536
3.75715
3.84649
3.89349
3.75782
3.99982
3.75986
3.7432
3.75574
3.75897
3.78057
3.77408
3.76207
3.75766
3.76605
3.76376
3.72651
3.99982
3.75574
3.76084
3.76035
3.75909
3.79699
3.7582
3.76016
3.76969
3.76681
3.79729
3.75804
3.75804
3.79382
3.9428
3.75804
3.7664
3.75808
3.89369
3.75804
3.80035
3.99982
3.87116
3.99982
3.79382
3.75715
3.76459
3.75989
3.7678
3.75881
3.77728
3.86317
3.75467
3.83088
3.7715
3.75989
4.01084
3.79495
3.7583
3.70979
3.75798
3.64255
3.76854
3.75929
3.75804
3.77256
3.75715
3.76561
3.85091
3.46066
3.94149
3.76782
3.75471
3.7548
3.79382
3.77853
3.75821
3.73736
3.87497
3.75892
3.80084
3.80608
3.84298
3.80035
3.86205
3.8563
3.74778
3.70933
3.94075
3.91658
3.75715
3.75441
3.75435
3.77196
3.77752
3.13167
3.77415
3.79729
3.75746
3.79532
3.75926
3.75989
3.89863
3.75746
3.85091
3.75823
3.75804
3.75694
3.75803
3.87116
3.73813
3.76578
3.72651
3.75879
3.74271
3.75804
4.01084
3.78409
3.8286
3.85117
3.78256
3.75786
3.75574
3.76077
3.77256
3.84646
3.89536
3.76207
3.73646
3.89863
3.75804
3.82418
3.77945
3.75804
3.75176
3.75783
3.76217
3.77114
3.87116
3.7777
3.80035
3.78981
3.77108
3.75989
3.7589
3.76021
3.85117
3.75804
3.91586
3.89783
3.76681
3.78613
3.75574
3.75544
3.76683
3.79534
3.90895
3.99982
3.77536
3.77841
3.75715
3.76895
3.83678
3.76038
3.77055
3.70979
3.7582
3.80035
3.79729
3.99982
3.94799
3.75772
3.70979
3.7582
3.76364
3.75804
3.7582
3.8049
3.77594
3.7581
3.75787
3.75574
3.79382
3.761
3.80035
3.76782
3.77256
3.76969
3.83817
3.94075
3.75804
3.75804
3.85117
3.75804
3.75685
3.75894
3.75806
3.75817
3.99982
3.76021
4.01084
3.77728
3.75804
3.79869
3.99982
3.76252
3.75989
3.75442
3.77256
3.99982
3.89863
3.54795
3.73402
3.77728
3.7694
3.80298
3.78042
4.01084
3.76681
3.7566
3.76484
3.76111
3.64287
3.76015
3.8614
3.72364
3.75715
3.8139
3.71105
3.73646
3.75033
3.82762
3.75577
3.76085
3.81895
3.75804
3.7664
3.7716
3.75747
3.84368
3.71308
3.75804
3.89863
3.75886
3.75893
3.75715
3.77589
3.99982
3.99982
3.82835
3.76471
3.76071
3.71105
3.79565
3.76982
3.76356
3.74544
3.76301
3.74544
3.89536
3.7581
3.89035
3.73108
3.75574
3.75341
3.75582
4.01084
3.99982
3.89536
3.75949
3.75532
3.76381
3.75889
3.99982
3.72665
3.75819
3.79826
3.75805
3.81477
3.76342
3.8563
4.01084
3.7582
3.75806
3.7582
3.73451
3.85117
4.01084
3.75826
3.76301
3.80084
3.74086
3.75804
3.77722
3.81579
3.79543
3.77256
3.75987
3.79729
