0.4743416490
0.1336306210
0.1906925178
0.2357022604
0.2886751346
0.3692744729
0.1414213562
0.2357022604
0.4082482905
0.1581138830
0.1825741858
0.4780914437
0.1360827635
0.2886751346
0.1889822365
0.2357022604
0.1443375673
0.3636363636
0.1360827635
0.0000000000
0.4008918629
0.1250000000
0.1740776560
0.1825741858
0.4216370214
0.2041241452
0.1414213562
0.3481553119
0.1889822365
0.0000000000
0.0980580676
0.0000000000
0.0000000000
0.4564354646
0.3418817294
0.1543033500
0.1336306210
0.3333333333
0.0000000000
0.2886751346
0.0000000000
0.2236067977
0.2500000000
0.1581138830
0.0000000000
0.2750095491
0.3849001795
0.2519763153
0.2672612419
0.1259881577
0.1825741858
0.4834937784
0.3162277660
0.3651483717
0.1250000000
0.2309401077
0.3481553119
0.1581138830
0.0000000000
0.1889822365
0.1767766953
0.2041241452
0.2909571870
0.1307440901
0.1290994449
0.1581138830
0.3585685828
0.1767766953
0.2886751346
0.1091089451
0.3198010745
0.3651483717
0.1139605765
0.1005037815
0.4082482905
0.2294157339
0.1581138830
0.1490711985
0.2390457219
0.1543033500
0.2041241452
0.2236067977
0.1195228609
0.0000000000
0.2236067977
0.2236067977
0.1066003582
0.2581988897
0.2500000000
0.1889822365
0.3849001795
0.1581138830
0.2182178902
0.1543033500
0.2672612419
0.0000000000
0.3563483225
0.2672612419
0.3086066999
0.2182178902
0.3380617019
0.2357022604
0.2981423970
0.1066003582
0.3779644730
0.3244428423
0.3535533906
0.3144854510
0.3162277660
0.4743416490
0.2041241452
0.0000000000
0.1336306210
0.1849000654
0.2041241452
0.2132007164
0.0000000000
0.0000000000
0.4082482905
0.4780914437
0.0000000000
0.3086066999
0.0000000000
0.0000000000
0.1543033500
0.1666666667
0.2773500981
0.1118033989
0.2581988897
0.1825741858
0.4330127019
0.4364357805
0.1360827635
0.0000000000
0.2857142857
0.5000000000
0.2182178902
0.2519763153
0.1482498633
0.1290994449
0.2236067977
0.1740776560
0.1767766953
0.2461829820
0.1889822365
0.1924500897
0.2750095491
0.0000000000
0.3636964837
0.4264014327
0.1543033500
0.0000000000
0.0000000000
0.0000000000
0.5000000000
0.3015113446
0.1543033500
0.1961161351
0.5070925528
0.1336306210
0.1178511302
0.3354101966
0.1290994449
0.2474358297
0.2000000000
0.3162277660
0.3333333333
0.3651483717
0.5000000000
0.2182178902
0.3651483717
0.2886751346
0.0000000000
0.1178511302
0.0000000000
0.2672612419
0.4008918629
0.0000000000
0.2886751346
0.2981423970
0.0000000000
0.3380617019
0.1581138830
0.3779644730
0.1250000000
0.4160251472
0.1360827635
0.2182178902
0.1951800146
0.0000000000
0.2182178902
0.0000000000
0.4364357805
0.1690308509
0.1581138830
0.2108185107
0.2828427125
0.1581138830
0.1178511302
0.4285714286
0.2828427125
0.2041241452
0.2182178902
0.5303300859
0.2357022604
0.1666666667
0.3721042038
0.2041241452
0.1490711985
0.3535533906
0.1825741858
0.5303300859
0.3418817294
0.1507556723
0.3333333333
0.0000000000
0.3585685828
0.2696799450
0.3380617019
0.3779644730
0.2279211529
0.1490711985
0.0000000000
0.4714045208
0.3872983346
0.2020305089
0.3162277660
0.0000000000
0.0000000000
0.3535533906
0.2357022604
0.0000000000
0.4285714286
0.2721655270
0.0000000000
0.2886751346
0.1767766953
0.1054092553
0.0000000000
0.1336306210
0.3380617019
0.1178511302
0.5000000000
0.0000000000
0.1490711985
0.3779644730
0.3333333333
0.2581988897
0.4472135955
0.1767766953
0.4285714286
0.7302967433
0.3779644730
0.4082482905
0.5163977795
0.5163977795
0.4242640687
0.4558423058
0.4472135955
0.5000000000
0.7216878365
0.6708203932
0.5163977795
0.7698003589
0.6324555320
0.3086066999
0.4714045208
0.5669467095
0.3651483717
0.6123724357
0.5477225575
0.5669467095
0.6172133998
0.5345224838
0.4743416490
0.3535533906
0.4743416490
0.6299407883
0.2981423970
0.4000000000
0.3779644730
0.2672612419
0.4400862294
0.6000000000
0.2132007164
0.5892556510
0.4082482905
0.7272727273
0.2886751346
0.5590169944
0.6324555320
0.5976143047
0.5669467095
0.7302967433
0.4615384615
0.5163977795
0.6172133998
0.6804138174
0.4264014327
0.6324555320
0.3354101966
0.3162277660
0.5773502692
0.5714285714
0.6324555320
0.5000000000
0.2500000000
0.5477225575
0.5163977795
0.6123724357
0.4743416490
0.5000000000
0.4767312946
0.5000000000
0.6289709020
0.4330127019
0.0000000000
0.4714045208
0.4330127019
0.7100469468
0.2041241452
0.7071067812
0.5000000000
0.3535533906
0.2279211529
0.5070925528
0.4242640687
0.0000000000
0.4082482905
0.4923659639
0.7559289460
0.4000000000
0.4472135955
0.4008918629
0.7905694150
0.5773502692
0.4008918629
0.3333333333
0.3464101615
0.4082482905
0.2672612419
0.5720775535
0.4558423058
0.6299407883
0.0000000000
0.6000000000
0.3535533906
0.7745966692
0.3442651863
0.4419417382
0.2041241452
0.4000000000
0.5883484054
0.6172133998
0.5163977795
0.5070925528
0.4558423058
0.0000000000
0.5443310540
0.6546536707
0.6299407883
0.4743416490
0.4225771274
0.2886751346
0.3333333333
0.5477225575
0.4082482905
0.4040610178
0.3535533906
0.4714045208
0.6735753141
0.4330127019
0.5345224838
0.5070925528
0.5303300859
0.4743416490
0.5443310540
0.5477225575
0.6000000000
0.6123724357
0.7905694150
0.5000000000
0.5443310540
0.4330127019
0.4629100499
0.4364357805
0.5883484054
0.3535533906
0.4364357805
0.5477225575
0.5000000000
0.4472135955
0.6324555320
0.3333333333
0.3779644730
0.2857142857
0.3651483717
0.5039526307
0.5656854249
0.4082482905
0.5656854249
0.4472135955
0.4082482905
0.7777777778
0.6324555320
0.4743416490
0.5000000000
0.3535533906
0.6761234038
0.6172133998
0.5163977795
0.4000000000
0.3535533906
0.5163977795
0.4629100499
0.4242640687
0.2357022604
0.6250000000
0.5163977795
0.6681531048
0.5070925528
0.5855400438
0.5000000000
0.6123724357
0.3651483717
0.2886751346
0.3333333333
0.5000000000
0.5892556510
0.6324555320
0.4008918629
0.4364357805
0.6299407883
0.3535533906
0.6000000000
0.4082482905
0.5477225575
0.2860387768
0.5443310540
0.4285714286
0.3779644730
0.4008918629
0.4082482905
0.5669467095
0.3535533906
0.4082482905
0.2581988897
0.0000000000
0.4008918629
0.3779644730
0.3779644730
0.5345224838
0.7071067812
0.2581988897
0.5669467095
0.3535533906
0.5669467095
0.4082482905
0.4330127019
0.4364357805
0.6708203932
0.2886751346
0.4780914437
0.2581988897
0.5773502692
0.5345224838
0.5855400438
0.4472135955
0.6172133998
0.4545454545
0.4529108137
0.3779644730
0.5443310540
0.4242640687
0.5714285714
0.4082482905
0.4193139347
0.4472135955
0.4558423058
0.8164965809
0.7142857143
0.5443310540
0.5345224838
0.4472135955
0.5000000000
0.3396831102
0.3849001795
0.2886751346
0.2581988897
0.2357022604
0.6708203932
0.3692744729
0.2857142857
0.4743416490
0.3086066999
0.7035264707
0.6708203932
0.6666666667
0.7500000000
0.5217491947
0.2886751346
0.7302967433
0.7035264707
0.6000000000
0.8451542547
0.7462025072
0.7216878365
0.6761234038
0.8432740427
0.7302967433
0.8581163303
0.5773502692
0.5477225575
0.6666666667
0.6708203932
0.8040302522
0.8249579114
0.5773502692
0.7500000000
0.7302967433
0.5773502692
0.7378647874
0.7715167498
0.6666666667
0.5773502692
0.2886751346
0.5773502692
0.5714285714
0.5477225575
0.4472135955
0.7171371656
0.6761234038
0.6708203932
0.6708203932
0.7302967433
0.6666666667
0.5714285714
0.5773502692
0.5000000000
0.6666666667
0.6708203932
0.7302967433
0.8750000000
0.4629100499
0.8000000000
0.8153742483
0.7302967433
0.9128709292
0.6681531048
0.4472135955
0.5000000000
0.3380617019
0.6666666667
0.4472135955
0.7698003589
0.5773502692
0.5773502692
0.8249579114
0.5892556510
0.6666666667
0.5000000000
0.7698003589
0.7357672074
0.7715167498
0.8164965809
0.5443310540
0.6837634588
0.7142857143
0.7777777778
0.6681531048
0.2886751346
0.6761234038
0.8571428571
0.5000000000
0.7216878365
0.5773502692
0.6761234038
0.6123724357
0.9036961141
0.6681531048
0.5773502692
0.8660254038
0.7627700714
0.7216878365
0.7559289460
0.4629100499
0.6761234038
0.4472135955
0.2581988897
0.6666666667
0.7396002616
0.6761234038
0.7071067812
0.7071067812
0.2886751346
0.7905694150
0.7715167498
0.7302967433
0.7216878365
0.2581988897
0.4472135955
0.6963106238
0.6172133998
0.8528028654
0.9000000000
0.6681531048
0.7715167498
0.6708203932
0.6761234038
0.6708203932
0.7302967433
0.7302967433
0.6000000000
0.6299407883
0.8807048459
0.6172133998
0.7216878365
0.6761234038
0.7142857143
0.8333333333
0.9128709292
0.8750000000
0.2886751346
0.7272727273
0.8215838363
0.9166666667
0.6681531048
0.5000000000
0.6250000000
0.7302967433
0.7142857143
0.7462025072
0.8017837257
0.6123724357
0.7378647874
0.8017837257
0.6761234038
0.7715167498
0.3380617019
0.7500000000
0.6666666667
0.5773502692
0.6708203932
0.6761234038
0.9258200998
0.7715167498
0.7216878365
0.6666666667
0.8292279829
0.5698028823
0.5698028823
0.5070925528
0.7559289460
0.8944271910
0.9000000000
0.7715167498
0.6666666667
0.6963106238
0.8249579114
0.7071067812
0.7001400420
0.8894991800
0.6708203932
0.7378647874
0.2886751346
0.7559289460
0.6250000000
0.7252406676
0.8581163303
0.7171371656
0.7777777778
0.6123724357
0.5477225575
0.8581163303
0.6761234038
0.8468097984
0.7777777778
0.6761234038
0.6666666667
0.8451542547
0.5000000000
0.7035264707
0.7715167498
0.4472135955
0.9036961141
0.6804138174
0.7500000000
0.6708203932
0.7500000000
0.7559289460
0.6396021491
0.6708203932
0.9000000000
0.6708203932
0.7171371656
0.5477225575
0.8432740427
0.7302967433
0.5345224838
0.8432740427
0.7302967433
0.7142857143
0.7559289460
0.6123724357
0.7142857143
0.7071067812
0.8017837257
0.7142857143
0.7252406676
0.5443310540
0.9045340337
0.7071067812
0.5773502692
0.5000000000
0.8451542547
0.6681531048
0.2886751346
0.6708203932
0.8581163303
0.8181818182
0.7777777778
0.7302967433
0.7006490497
0.7302967433
0.7205766921
0.4472135955
0.7453559925
0.5070925528
0.6666666667
0.6666666667
0.6761234038
0.7000000000
0.8181818182
0.7071067812
0.7378647874
0.6299407883
0.6666666667
0.6708203932
0.8333333333
0.6804138174
0.7071067812
0.6708203932
0.5976143047
0.7126966451
0.7877263614
0.6708203932
0.7606388293
0.3380617019
0.7302967433
0.2581988897
