0.5000000000
0.8703882798
0.4853626717
0.7559289460
1.0000000000
0.4615384615
0.4351941399
0.8571428571
0.3768891807
0.7559289460
0.3086066999
0.6363636364
0.4000000000
0.4850712501
0.2860387768
1.0000000000
0.4296689244
0.5636018620
0.6694386814
0.7035264707
0.3813850357
1.0000000000
0.1066003582
1.0000000000
1.0000000000
0.5012804118
0.4296689244
0.3354101966
0.4803844614
0.4545454545
0.3162277660
0.6666666667
0.2886751346
0.4545454545
0.4181210050
0.6250000000
0.3380617019
0.5012804118
1.0000000000
0.5163977795
0.5477225575
1.0000000000
0.8581163303
0.4853626717
0.5454545455
0.6299407883
0.5222329679
0.5303300859
1.0000000000
0.5477225575
1.0000000000
0.6888467202
0.5012804118
0.4036036764
0.4522670169
0.5773502692
0.4082482905
0.2500000000
0.8280786712
1.0000000000
0.5000000000
0.7142857143
0.4767312946
0.5163977795
0.5547001962
0.3580574370
0.5222329679
0.5222329679
0.3535533906
0.6900655593
0.3779644730
0.4383570038
0.8581163303
0.0953462589
0.8280786712
1.0000000000
0.3333333333
1.0000000000
0.6172133998
0.5222329679
0.4767312946
0.5454545455
0.4714045208
1.0000000000
0.4714045208
1.0000000000
0.5163977795
0.5384615385
0.7272727273
1.0000000000
0.6123724357
0.6761234038
0.2108185107
0.6694386814
0.1754116039
0.5222329679
0.5384615385
0.6363636364
0.8280786712
0.4853626717
0.4003203845
0.5454545455
1.0000000000
0.3086066999
0.6761234038
0.3535533906
0.5017452060
1.0000000000
0.3086066999
0.3857583749
0.5720775535
0.9428090416
1.0000000000
0.4444444444
0.6262242911
1.0000000000
0.3892494721
0.9428090416
0.2864459496
0.5333333333
0.7302967433
0.8280786712
0.5163977795
0.7745966692
0.4082482905
0.6694386814
0.2886751346
0.6085806195
0.4714045208
0.5384615385
0.8280786712
0.2357022604
0.8581163303
0.3333333333
0.3086066999
0.9428090416
0.4714045208
0.6013377943
0.6694386814
0.6250000000
1.0000000000
0.6262242911
0.2864459496
1.0000000000
0.4385290097
0.5477225575
0.1825741858
0.2611164839
0.4629100499
0.2236067977
0.3333333333
0.4082482905
0.8571428571
0.4082482905
0.6085806195
0.2581988897
0.0912870929
0.4082482905
0.2108185107
1.0000000000
0.2461829820
0.2738612788
0.2236067977
0.6761234038
0.2864459496
0.5809475019
0.5916079783
0.5443310540
1.0000000000
0.4082482905
0.6396021491
0.3086066999
0.2182178902
0.4351941399
0.4160251472
0.3779644730
0.3750000000
0.5012804118
0.3162277660
0.3333333333
1.0000000000
0.3086066999
0.4629100499
0.3380617019
0.4834937784
0.5381382352
0.9428090416
0.3651483717
0.4351941399
0.8660254038
0.6363636364
1.0000000000
1.0000000000
0.5163977795
0.6454972244
0.2500000000
0.6933752453
1.0000000000
0.7833494518
1.0000000000
0.8280786712
1.0000000000
0.5381382352
1.0000000000
0.5163977795
0.2864459496
0.3344968040
0.6363636364
0.4003203845
0.3380617019
0.4082482905
0.4444444444
0.3813850357
0.5163977795
0.3636363636
0.6363636364
1.0000000000
0.5017452060
0.4564354646
0.3086066999
0.2070196678
0.1250000000
0.4518480571
0.4385290097
1.0000000000
0.5384615385
0.2864459496
0.2581988897
0.6694386814
0.4767312946
1.0000000000
0.3333333333
0.3535533906
0.4615384615
0.5163977795
0.6240377208
0.2611164839
0.3813850357
0.6445033866
0.7977240352
0.4834937784
0.4853626717
0.4003203845
0.8280786712
0.5853694070
0.8703882798
0.4743416490
0.4160251472
0.7559289460
0.4767312946
0.2864459496
0.3333333333
0.3535533906
0.4743416490
0.4811252243
0.3202563076
0.4003203845
0.6363636364
0.1178511302
0.4853626717
1.0000000000
0.6363636364
0.4714045208
0.1178511302
0.6694386814
0.4029114820
0.1111111111
0.1178511302
0.1178511302
0.5381382352
0.4803844614
0.7627127698
0.3333333333
0.2519763153
0.4296689244
0.0000000000
1.0000000000
0.5720775535
0.5892556510
0.4714045208
0.4351941399
0.4472135955
0.3086066999
0.5923488778
0.5384615385
0.5222329679
0.6761234038
0.3779644730
0.1754116039
0.4714045208
0.2222222222
0.7715167498
0.5720775535
0.2500000000
0.1825741858
0.1111111111
0.5477225575
0.6761234038
0.5381382352
0.6085806195
0.8280786712
0.5853694070
0.3481553119
0.6363636364
0.6085806195
0.4472135955
0.4714045208
0.7071067812
0.8703882798
0.6363636364
0.8660254038
0.5640760748
0.3086066999
0.2357022604
0.5000000000
0.6013377943
0.6210590034
1.0000000000
0.4181210050
0.6681531048
0.2864459496
0.6085806195
0.4472135955
0.3344968040
0.6092717958
0.3086066999
0.9428090416
0.8280786712
0.6363636364
1.0000000000
1.0000000000
0.2864459496
0.3086066999
0.9428090416
0.4714045208
0.0953462589
0.3354101966
0.7514691493
0.5923488778
0.4000000000
0.3813850357
0.3086066999
0.5163977795
0.3636363636
0.8280786712
0.3333333333
0.5384615385
0.4351941399
0.6900655593
0.7559289460
0.7500000000
1.0000000000
0.4714045208
0.2500000000
0.2981423970
0.3706246583
0.2132007164
0.2860387768
1.0000000000
0.4472135955
1.0000000000
0.4082482905
1.0000000000
0.6674238125
1.0000000000
0.4181210050
0.6363636364
0.1825741858
0.5384615385
1.0000000000
0.4714045208
0.5720775535
0.2236067977
0.4082482905
0.3481553119
0.4020151261
0.8571428571
1.0000000000
0.8660254038
0.1825741858
0.3535533906
0.5188745217
0.3162277660
0.2357022604
0.6694386814
0.3162277660
0.2864459496
0.4629100499
0.3779644730
0.1754116039
0.3813850357
0.8280786712
0.4714045208
0.7500000000
0.7272727273
1.0000000000
0.6933752453
0.5009794329
0.1005037815
0.6428571429
0.3380617019
1.0000000000
0.4714045208
0.6123724357
0.3481553119
0.2864459496
0.6013377943
1.0000000000
1.0000000000
0.5477225575
0.3636363636
0.7272727273
0.3779644730
0.5923488778
0.6666666667
0.4160251472
0.1754116039
0.6085806195
0.1754116039
0.6761234038
0.7500000000
0.6761234038
0.1754116039
0.3086066999
0.2864459496
0.0912870929
1.0000000000
1.0000000000
0.6761234038
0.3535533906
0.4003203845
1.0000000000
0.2738612788
1.0000000000
0.6495190528
0.3750000000
0.7035264707
0.4472135955
0.5039526307
0.4351941399
0.8703882798
1.0000000000
0.9428090416
0.3198010745
0.9428090416
0.3636363636
0.4714045208
1.0000000000
0.6262242911
0.6085806195
0.4834937784
0.2721655270
0.2357022604
0.4853626717
0.6900655593
0.4714045208
0.5384615385
0.3846153846
0.6363636364
