0.4008918629
0.3757345747
0.5090278104
0.5773502692
0.3113995777
0.4728054288
0.3162277660
0.6678230711
0.7460038466
0.6708203932
0.5477225575
0.5716619505
0.6428571429
0.5000000000
0.4140393356
0.6255432422
0.4454354032
0.5520524475
0.5547001962
0.4260064336
0.2417468892
0.4662524041
0.8013876853
0.7570332986
0.4383570038
0.6634034720
0.7419408268
0.4181210050
0.4187178947
0.5640760748
0.7409585736
0.4834937784
0.4670993665
0.3580574370
0.5669467095
0.7926290870
0.5773502692
0.4140393356
0.4909902530
0.7216878365
0.6000991981
0.8131249358
0.4708709558
0.4763305116
0.7947194142
0.4472135955
0.4472135955
0.5773502692
0.4117647059
0.7905694150
0.6197506830
0.7378647874
0.6546536707
0.5563486403
0.6674238125
0.3849001795
0.6085806195
0.6085806195
0.3500700210
0.3892494721
0.6831300511
0.5161854012
0.5051814855
0.6255432422
0.7276068751
0.4383570038
0.6172133998
0.4499212707
0.4285714286
0.6030226892
0.7089490078
0.4645820984
0.3241018618
0.3678836037
0.3233808334
0.1767766953
0.4677071733
0.7092081433
0.5500000000
0.6370220573
0.5443310540
0.8140915784
0.7844645406
0.2867696673
0.7378647874
0.4225771274
0.5518254055
0.6800000000
0.4291975376
0.4880935301
0.4891159880
0.6205052280
0.5378528742
0.3892494721
0.4850712501
0.7537783614
0.5333333333
0.7200822998
0.4351941399
0.2010075631
0.4351941399
0.4447495900
0.5833833512
0.4003203845
0.7150969419
0.7419408268
0.6445033866
0.4233901974
0.4472135955
0.4296689244
0.3889222341
0.4409585518
0.5039526307
0.6405126152
0.6722139970
0.3340765524
0.3922322703
0.4200840252
0.3411211462
0.6748819060
0.5000000000
0.5070925528
0.4682929058
0.7348469228
0.4811252243
0.5716619505
0.8260869565
0.6643638388
0.7572401854
0.4216370214
0.1601281538
0.4762896722
0.3241018618
0.4451319073
0.3162277660
0.5331139900
0.5188745217
0.5070925528
0.4853626717
0.5720775535
0.5853694070
0.3198010745
0.5656854249
0.5564148841
0.5163977795
0.7035264707
0.6054055146
0.7592566024
0.4834937784
0.6419407388
0.5855400438
0.7789808377
0.4140393356
0.5380275868
0.0912870929
0.2193817272
0.6929023282
0.6419407388
0.7302967433
0.5333333333
0.8028965420
0.2631174058
0.7619047619
0.7509392615
0.4338609156
0.5103103631
0.7453559925
0.5715476066
0.6708203932
0.4743416490
0.6227991553
0.6227991553
0.7727272727
0.5869391857
0.4347826087
0.4564354646
0.4803844614
0.5270462767
0.4014775343
0.2773500981
0.5070925528
0.5217491947
0.5248906592
0.4803844614
0.3344968040
0.1336306210
0.7660323463
0.4230769231
0.6396021491
0.6218743352
0.7233393493
0.8101627222
0.5407380704
0.3872983346
0.3363363970
0.5070925528
0.6674238125
0.7333333333
0.1543033500
0.3857583749
0.7205766921
0.1754116039
0.3131121455
0.5007733957
0.6928203230
0.5640760748
0.6708203932
0.3344968040
0.4472135955
0.4181210050
0.4762896722
0.5518254055
0.5582905262
0.3826918986
0.2148344622
0.6676978609
0.5384615385
0.4008918629
0.4160251472
0.3241018618
0.4036036764
0.4914731872
0.6859943406
0.6681531048
0.6007514092
0.4140393356
0.4670993665
0.5457051563
0.7349684153
0.4803844614
0.4949133977
0.4518480571
0.6928203230
0.5773502692
0.4008918629
0.7431605356
0.4291975376
0.4662524041
0.7071067812
0.2108185107
0.6254627916
0.5797509044
0.5773502692
0.2519763153
0.6131393395
0.3086066999
0.3076923077
0.6689936080
0.5773502692
0.5618006477
0.3656362121
0.5965587590
0.2222222222
0.7156264473
0.6657502859
0.5789473684
0.6254627916
0.3916747259
0.2004459314
0.6846531969
0.4714045208
0.4029114820
0.3892494721
0.3265986324
0.6956521739
0.7627700714
0.8017837257
0.4545454545
0.5262013606
0.5378528742
0.3125000000
0.6776718457
0.7542472333
0.6153846154
0.3481553119
0.6672461250
0.3338489304
0.6847367880
0.5107539185
0.5333333333
0.6236095645
0.5248906592
0.5229763604
0.4677071733
0.5581563057
0.5423261445
0.7372097808
0.5533167450
0.4000000000
0.6139406135
0.3333333333
0.6446583712
0.6527912098
0.6063390626
0.7756315350
0.5964809081
0.6598288791
0.5604485383
0.6470588235
0.8017837257
0.8010018789
0.3580574370
0.6013377943
0.5853694070
0.3466876226
0.5330017909
0.2108185107
0.5636018620
0.7035264707
0.6154574549
0.4868644956
0.6197797868
0.5051814855
0.7572401854
0.3872983346
0.5687964590
0.4296689244
0.6131393395
0.3889222341
0.5455447256
0.5477225575
0.5188745217
0.7570332986
0.4330127019
0.3015113446
0.4518480571
0.6776718457
0.4082482905
0.6250000000
0.8587538611
0.5604485383
0.6537204505
0.4387634545
0.6513389473
0.5170876900
0.5669467095
0.5555555556
0.8058229640
0.7216878365
0.4200840252
0.3698001308
0.4029114820
0.5863019700
0.4879500365
0.4961389384
0.4803844614
0.7492686493
0.5367450401
0.4629100499
0.5017452060
0.7349684153
0.3223291856
0.2946278255
0.6061281254
0.5669467095
0.6495190528
0.6254627916
0.3851644433
0.4900980294
0.3757345747
0.4780914437
0.3571428571
0.3418817294
0.3678836037
0.7602631123
0.6708203932
0.7144345083
0.3571428571
0.3340765524
0.4244373438
0.3076923077
0.4811252243
0.5407380704
0.3785166493
0.6396021491
0.4830458915
0.3015113446
0.5334650694
0.5047146145
0.5923488778
0.3380617019
0.4020151261
0.5853694070
0.6153846154
0.3698001308
0.4868644956
0.7071067812
0.6481812161
0.4117647059
0.6227991553
0.6149186938
0.4029114820
0.6674238125
0.4762896722
0.5000000000
0.6880329612
0.4140393356
0.4653789210
0.4545454545
0.6063390626
0.3340765524
0.3750000000
0.5262348116
0.5725025741
0.5229763604
0.6358507845
0.4900980294
0.4714045208
0.4003203845
0.6761234038
0.3857583749
0.1849000654
0.6262242911
0.4001633653
0.3853373178
0.4505635569
0.5188745217
0.4573295604
0.4853626717
0.7223151185
0.3817708578
0.4383570038
0.5779204918
0.4387634545
0.6556100681
0.6250000000
0.6149186938
0.4635863250
0.5380275868
0.4351941399
0.7882407814
0.5000000000
0.3363363970
0.6428571429
0.6847623833
0.3354101966
0.5000000000
0.7944299095
0.3857583749
0.5477225575
0.5821817364
0.5940885258
0.3344968040
0.7777777778
0.1601281538
0.5000000000
0.5518254055
0.7239227660
0.3363363970
0.5518254055
0.6308932681
0.7181848465
0.2738612788
0.6048147368
0.5838403594
0.3763089045
0.5031152949
0.4124789557
0.5714285714
0.7130240959
0.6846531969
0.7537783614
0.5833833512
0.3175536744
0.5333333333
0.6315789474
0.4330127019
0.3706246583
0.6363636364
0.4003203845
0.4670993665
0.6063390626
0.6390096504
0.4670993665
0.7759402898
0.8140915784
0.5833833512
0.3354101966
0.6267831705
0.3466876226
0.4000000000
0.5506887918
0.6061281254
0.6446583712
0.7233393493
0.8029550685
0.5143444999
0.7893522174
0.5331139900
0.5143444999
0.6288281455
0.2964997267
0.5923488778
0.6503324771
0.4472135955
0.4545454545
0.6674238125
0.3241018618
0.4000000000
0.4244373438
0.2886751346
0.5527707984
0.4000000000
0.4472135955
0.3344968040
0.8416254115
0.5929994533
0.6236095645
0.4409585518
0.5965587590
0.3638034376
0.4662524041
0.6546536707
0.7624437362
0.3149703942
0.4618802154
0.6301260378
0.3380617019
0.4880935301
0.5163977795
0.6708203932
0.7800134952
0.7635417156
0.5604485383
0.6708203932
0.4383570038
0.4743416490
0.5533167450
0.5600000000
0.5381382352
0.3061862178
0.5407380704
0.5734146387
0.6527912098
0.4160251472
0.5161854012
0.7431605356
0.6546536707
0.3757345747
0.6810052246
0.4008918629
0.2857142857
0.8757605390
0.5144957554
0.6668859289
0.6880624621
0.2500000000
0.4447495900
0.5636018620
0.7660323463
0.4522670169
0.5933661040
0.6708203932
0.3846153846
0.4140393356
0.5163977795
0.3889222341
0.2132007164
0.2886751346
0.4264014327
0.4330127019
0.7216878365
0.7825855809
0.3889222341
0.4782608696
0.4008918629
0.3837612894
0.4181210050
0.5929994533
0.6396021491
0.5969620058
0.6110100927
0.3241018618
0.4140393356
0.4029114820
0.4733646312
0.6888467202
0.8013876853
0.2738612788
0.2261335084
0.6111111111
0.5477225575
0.4338609156
0.6900655593
0.6888467202
0.6940220938
0.5333333333
0.2108185107
0.3354101966
0.5933661040
0.5000000000
0.2041241452
0.7443873683
0.8010018789
0.7029594916
0.5518254055
0.5307227776
0.5958795715
0.5773502692
0.4797016118
0.5542653077
0.2500000000
0.7606087306
0.5929994533
0.4615384615
0.6085806195
0.6761234038
0.7460038466
0.6508140266
0.5948118775
0.7029594916
0.6155870113
0.5070925528
0.5929994533
0.7235680511
0.4181210050
0.3706246583
0.3872983346
0.4880935301
0.6735753141
0.5012804118
0.5262348116
0.5262348116
0.5518254055
0.4830458915
0.6149186938
0.7248824356
0.5031152949
0.6978631578
0.7108186533
0.4330127019
0.4082482905
0.5518254055
0.4472135955
0.5640760748
0.6343350474
0.3380617019
0.6513389473
0.5518254055
0.3354101966
0.5449492609
0.3779644730
0.7761140001
0.7235680511
0.7205766921
0.4615384615
0.2860387768
0.7572401854
0.4830458915
0.6532745799
0.3916747259
0.6260990337
0.4507489359
0.7142857143
0.8000000000
0.3015113446
0.4296689244
0.2236067977
0.3779644730
0.4743416490
0.6831300511
0.2864459496
0.3608439182
0.2307692308
0.1906925178
0.7795794429
0.4029114820
0.3450327797
0.7921180344
0.4216370214
0.2864459496
0.7509392615
0.6092717958
0.5657789499
0.2041241452
0.4124789557
0.3651483717
0.4140393356
0.5518254055
0.7537783614
0.5000000000
0.4714045208
0.3333333333
0.3241018618
0.8257228238
0.5129891760
0.5964809081
0.4890096469
0.4522670169
0.7759402898
0.4160251472
0.5604485383
0.5163977795
0.5400617249
0.6556100681
0.6445033866
0.5170876900
0.5070925528
0.7443873683
0.5883484054
0.4383570038
0.3600411499
0.4564354646
0.4670993665
0.6205052280
0.3851644433
0.4866642634
0.3698001308
0.4385290097
0.3813850357
0.7008766441
0.5833833512
0.2738612788
0.7548513561
0.5636018620
0.3241018618
0.5833833512
0.5832118435
0.6882472016
0.5031152949
0.5892556510
0.6482037236
0.6172133998
0.3149703942
0.2614881802
0.4522670169
0.8098582872
0.6882472016
0.4961389384
0.4003203845
0.2886751346
0.3450327797
0.5720775535
0.4529108137
0.4008918629
0.4445542245
0.4635863250
0.4124789557
0.6092717958
0.1906925178
0.4351941399
0.6131393395
0.4351941399
0.4518480571
0.6396021491
0.4008918629
0.4708709558
0.4296689244
0.3333333333
0.3227486122
