3.55
5
4.119
2.335
5
2.978
2.857
4.834
3.564
3.328
3.134
4.566
5
3.765
1.844
3.646
3.629
4.119
4.373
5
3.618
4.506
3.805
4.506
4.699
4.008
3.908
2.093
4.11
4.247
3.141
1.518
2.542
3.62
4.23
3.115
1.148
3.151
5
2.73
3.009
4.506
3.881
4.001
1.962
2.934
4.589
3.304
4.506
5
3.646
4.348
3.142
2.988
3.599
4.509
2.251
2.448
4.199
4.699
3.301
4.031
1.889
2.73
4.141
3.352
4.589
4.589
2.06
3.793
2.522
3.199
3.881
3.239
4.234
4.699
3.278
3.646
5
3.275
1.889
3.977
3.487
5
3.49
3.646
2.73
3.057
3.703
4.699
3.185
3.478
2.973
4.381
3.387
4.268
3.057
2.107
4.199
3.942
4.425
2.396
5
3.745
3.481
3.437
3.408
3.646
3.745
4.952
3.077
4.245
3.646
3.559
4.548
4.506
3.936
4.245
3.114
4.298
4.091
4.238
2.116
3.401
2.251
4.38
3.119
5
3.487
3.057
4.205
2.85
4.013
3.258
4.567
4.245
3.487
4.113
4.373
2.958
3.646
4.11
3.063
5
2.638
5
3.424
2.736
4.783
2.705
3.258
1.949
5
1.949
4.865
1.543
3.33
2.248
1.915
3.646
4.173
3.481
2.918
3.481
3.026
4.199
2.988
1.664
4.699
1.473
4.1
3.745
1.206
3.141
3.096
2.13
2.345
3.938
2.742
3.271
4.506
3.745
4.762
3.016
4.429
3.937
4.245
4.266
3.611
2.934
4.598
3.646
3.646
2.73
3.549
2.303
3.741
5
4.87
3.646
4.199
4.699
4.054
4.699
2.73
3.026
3.313
2.625
3.933
3.939
2.251
3.559
0.829
3.861
2.634
2.625
5
3.468
3.534
3.129
2.995
3.072
4.161
2.047
3.646
3.057
3.075
2.802
4.373
3.373
4.687
3.291
3.019
3.823
2.73
4.205
1.046
2.979
3.822
3.439
3.426
4.0
4.421
4.199
4.23
5
4.183
3.067
3.328
3.904
3.046
0.651
2.684
3.771
3.908
4.061
4.448
4.598
2.717
3.958
4.374
2.625
3.487
2.717
4.373
4.078
1.371
2.152
1.621
4.054
4.11
4.335
3.258
3.013
3.02
1.165
5
2.934
2.569
3.49
4.288
2.925
3.745
4.461
3.057
4.453
3.481
2.13
3.373
3.487
1.763
4.621
3.476
2.303
3.425
1.007
4.529
3.872
4.054
4.543
4.199
4.264
4.327
2.625
4.849
4.337
3.49
4.238
5
3.226
2.934
3.484
3.745
2.85
2.279
3.969
3.72
4.699
3.39
3.34
3.046
4.474
3.333
3.159
3.825
3.324
4.245
4.199
4.598
4.506
5
3.324
3.14
4.245
1.746
2.762
2.754
4.795
4.527
4.494
3.765
3.745
2.73
4.298
4.193
3.393
3.057
3.611
2.968
3.328
4.099
3.646
3.49
2.303
3.505
3.115
2.391
3.246
4.506
4.337
5
2.251
3.646
5
4.506
3.984
2.625
3.038
3.057
4.699
3.487
2.478
2.706
2.251
2.624
3.717
4.583
5
2.934
3.424
3.133
3.998
3.153
2.682
4.398
3.224
3.046
4.788
3.3
3.022
2.926
4.241
1.883
1.129
3.703
3.646
3.741
4.008
2.511
3.908
3.052
3.646
3.487
3.185
0.949
3.046
3.919
4.506
4.699
5
4.263
2.881
3.351
4.345
1.311
3.651
3.292
4.862
3.292
3.481
3.328
3.489
2.792
3.745
3.575
2.982
5
4.506
3.481
2.907
4.233
5
3.631
4.699
4.098
3.351
3.568
2.105
3.512
3.313
5
5
4.245
4.2
4.245
3.255
3.49
5
4.867
4.865
3.426
2.789
1.941
4.13
2.952
2.225
3.057
3.819
4.598
