4.0499
4.17641
4.37793
4.77995
4.36551
4.05635
3.94591
3.81333
3.73679
4.35167
3.74659
4.19881
0.596872
2.99006
3.91536
4.72357
4.61761
3.29448
4.06264
4.22102
4.46466
3.0847
3.88802
3.05258
3.59518
4.5391
1.0954
4.18166
3.83812
4.92029
3.40182
3.53072
4.66238
3.99567
2.21526
4.66635
4.66635
3.58398
4.60067
2.66194
4.686
4.68222
3.80157
4.48513
4.5298
4.51645
4.46447
4.0691
4.68619
4.68619
2.60481
2.47408
2.67228
3.58887
2.92315
4.6714
3.71587
3.00452
4.65819
3.84791
4.01656
4.32442
2.83005
3.71634
2.75927
4.89363
2.2638
4.66673
2.5452
2.0333
3.19094
3.93394
3.834
3.834
2.20547
4.37138
4.34282
4.31445
4.66636
2.86014
2.28051
2.95677
2.95677
3.68039
4.65517
4.67098
3.74515
1.52834
0.879355
3.9638
3.79984
2.24854
3.57868
2.37704
2.37704
2.74815
2.74815
2.74815
2.42615
3.77076
4.89365
4.38054
3.67686
1.35781
1.34904
4.00039
3.63765
3.56886
1.26912
3.49321
2.84525
3.08608
2.45676
2.01504
4.6855
4.27599
3.88975
4.03928
3.7371
3.68784
3.38248
3.75315
2.57934
2.54209
2.69327
2.97906
1.93131
2.36243
3.4611
3.95211
2.76584
4.75539
4.02844
3.65635
4.02844
0.713088
0.827956
3.30113
0.472702
2.16239
1.69993
3.7399
2.6362
2.90398
2.8356
3.0293
2.19334
2.53281
2.64265
5
1.34193
3.06967
3.61845
3.61495
3.45722
3.74582
4.17939
3.8832
2.98405
3.0058
2.97383
3.44695
3.48712
4.76365
1.3717
3.60662
4.69238
4.71991
2.84464
2.10635
3.86136
1.64791
2.46997
0.678289
3.3957
1.5065
2.59288
0.879959
0.483597
2.91913
2.91913
1.27104
1.65959
3.6631
2.64855
3.68629
3.8079
4.21498
2.38195
1.7996
3.20518
2.20911
4.67358
2.14393
3.59089
2.73185
4.28983
1.21806
3.24716
4.79908
1.23162
2.18423
5
3.21746
3.59506
1.02717
4.53571
3.75409
0.838962
4.09249
2.02886
3.56648
3.52415
4.21511
3.86543
3.56022
3.69963
4.59802
4.69048
4.59838
2.31205
4.21269
2.16905
3.35406
4.30945
2.95219
4.48604
2.06528
3.1834
0.946415
1.26988
2.4453
3.69325
4.35768
4.55702
2.59801
1.78418
2.95583
1.1272
2.49696
4.29452
3.04379
2.43913
3.83871
0.371247
1.39214
1.2853
0.630644
0.995383
1.95607
3.64184
2.30809
4.15791
4.27786
2.20886
3.15141
3.49602
2.32881
1.64127
0.600354
3.02299
2.88292
2.88151
2.97484
0.726043
0.862244
3.04285
3.1631
4.36384
3.89782
2.28665
3.27864
3.49613
4.07115
3.63985
2.06279
3.73281
1.03466
3.61019
3.96826
0.77353
1.38808
3.82503
1.49099
4.09098
3.47795
2.97874
2.62609
4.71178
2.63058
2.31856
3.8949
2.89363
3.73121
1.39587
0.592805
0.974651
3.92818
3.89465
1.69638
1.46401
2.05007
1.91993
3.00296
2.33816
3.38892
3.28248
0.835727
1.78936
1.26172
0.940367
3.31966
3.8298
1.82431
1.03959
3.98528
0.67204
2.41206
3.71019
2.36581
4.14361
3.75051
1.23854
1.00326
1.85036
0.512863
2.29734
4.17948
1.10705
0.555766
1.53218
1.24785
3.61361
2.61836
0
0.519911
1.32475
0.457073
2.15901
3.78184
0.675062
1.28578
0.638401
3.28308
0.989714
1.77804
1.45516
4.68228
4.02581
1.68617
0.478874
0.531498
1.68442
3.96412
2.24255
2.43097
1.10719
4.17592
3.76285
3.32864
2.37382
1.5991
0.436643
2.13435
1.80527
4.08619
2.9359
3.4259
4.2317
4.80981
4.92602
4.80981
2.63582
1.2282
1.45968
2.91372
1.55815
3.00371
0.551562
3.03668
3.38181
2.71124
2.39109
0.040104
3.35636
2.83837
1.48349
1.43524
3.88686
2.83783
0.154909
0.410098
3.68116
1.87374
0.471371
2.97012
1.28204
3.26677
2.65375
3.0471
3.11348
3.96516
3.98862
3.56633
2.09065
2.02828
1.65032
0.961882
0.790213
1.18058
0.988889
2.07707
0.854533
1.18824
3.45312
0.992206
2.47113
3.01115
0.370946
3.87907
4.62282
2.47506
0.548572
0.559782
1.08236
0.778748
2.62273
2.7496
2.98493
3.65303
4.6483
0.92095
3.73909
3.54085
0.9882
2.89795
3.09828
2.27837
2.46789
0.251179
0.844968
3.73488
2.32895
0.618563
3.17636
3.00487
3.71071
4.21468
2.41632
2.20892
1.99579
2.34726
4.47309
2.58067
1.44263
0.979062
1.87718
1.19822
2.45174
0.820843
1.33464
1.11108
2.60756
4.20675
2.07334
2.46477
3.44518
1.83307
0.775471
1.25407
0.851994
2.80562
3.77999
0.610018
0.278324
1.48731
4.3119
1.1954
2.05734
2.78009
4.17526
2.7652
2.0027
1.28493
0.434527
3.85059
2.35467
0.183638
4.6153
4.31089
0.840921
3.50987
2.77224
1.51046
1.72324
0.823084
0.935277
0.388523
0.293206
0.650236
0.320198
0.584
0.272859
3.8488
2.11908
3.7275
3.29625
4.00401
2.85687
3.46294
4.08707
1.24731
0.478104
0.189419
2.70877
0.698461
1.06483
1.06809
3.70897
4.64966
3.26799
1.20648
2.67621
2.482
2.14988
0.261768
0.410784
1.64519
1.0647
0.828935
2.41631
3.6771
1.18117
1.72138
0.444785
0.392712
0.365203
0.63204
0.605396
1.66637
1.38431
2.55074
3.54498
2.18978
1.71757
1.63112
0
0.488959
2.27666
3.79686
1.02387
1.38363
0.848893
4.57679
4.03949
1.1251
2.22267
3.74511
0.954343
0.852082
0.0739235
2.94307
1.23352
2.44453
0.340876
1.85524
4.592
0.847074
0.598626
3.19675
4.61305
3.32089
0.938159
2.65642
0.638405
0.62502
2.48321
4.30468
3.05689
4.05043
3.44694
3.42585
2.88131
1.16144
2.33304
1.26363
1.85077
1.49795
0.999153
2.0417
1.32509
1.47146
3.6652
3.91666
2.13681
1.83506
0.776598
0.466366
2.43824
2.86012
3.12114
3.42666
2.89997
3.76709
1.49073
1.88421
2.68427
1.15513
3.21429
2.0651
1.88897
0.803989
0.713417
0
0.401069
3.88751
4.09426
1.20527
1.64964
2.58935
2.21639
3.21565
2.47259
3.45297
4.21902
1.81095
0.210501
0.522663
2.28484
2.02003
1.83333
3.32816
1.53012
2.545
0.796967
1.34827
0
2.72143
0.427943
0.471529
1.97358
4.15688
2.59667
0.66361
0.663475
0.648438
0.646252
1.63954
2.81435
2.35387
2.33523
0
1.55519
0.362224
1.70275
1.57132
3.0392
0.171083
3.12872
0.814154
1.95043
1.61253
2.94214
0.596147
1.98989
2.00761
1.86512
1.84798
4.12787
2.22975
3.35577
1.00132
0.771519
3.55539
2.50188
1.60361
2.32779
1.80381
3.3438
3.19145
0.493992
0.810568
0.645817
2.33217
0.409626
1.52365
0.101198
2.96425
1.05753
1.71959
3.41997
2.11364
1.75405
0
1.47939
1.79995
0.501071
2.4928
3.11347
1.50352
1.19722
1.70255
0.7215
0.638775
0.643298
0.419547
0.835541
0.887049
1.72562
2.43251
1.42148
1.31158
0.485327
2.9394
4.45407
0.7659
1.63155
2.39128
2.462
2.81314
1.89132
1.02836
2.97293
2.49056
0.226958
0.644799
0.640704
2.51811
2.81987
0.349935
0.687813
0.578375
1.90933
1.43054
1.56462
3.91423
2.7165
2.38278
4.12038
1.84696
0.527412
1.53467
0.733624
0.414844
0.0725145
0.680111
1.94863
0.133399
0.247116
0.398687
