3.735
2.064
3.403
3.222
2.399
4.091
2.677
4.142
3.937
3.814
2.237
3.688
3.326
2.894
3.147
3.735
2.419
3.047
2.74
2.615
3.623
3.383
3.718
4.27
2.911
4.133
3.721
3.271
2.532
3.591
3.507
2.799
3.207
2.756
3.614
4.599
3.768
2.835
3.865
3.357
3.574
4.494
3.611
3.453
4.415
2.457
2.919
3.23
3.438
3.88
3.704
4.041
3.96
3.748
3.663
3.079
3.207
3.532
2.17
2.318
4.178
3.271
2.906
3.731
3.555
3.498
3.523
3.158
2.37
2.322
3.419
3.602
1.8
2.623
3.281
2.659
3.357
4.025
3.113
3.493
4.017
4.246
4.345
2.453
4.767
3.388
2.986
4.078
2.328
3.372
2.947
4.202
3.536
2.362
2.889
3.583
3.067
3.68
2.923
2.325
2.496
3.106
3.975
3.563
3.871
3.855
3.99
2.86
3.755
3.172
3.094
3.195
3.182
3.601
3.859
1.966
2.895
2.648
3.037
4.113
3.384
3.482
3.424
3.927
2.701
3.692
4.427
3.757
4.39
3.15
3.213
3.505
2.749
3.237
3.166
3.386
3.965
3.287
3.109
3.663
3.664
3.069
4.137
4.092
3.659
2.994
3.704
4.234
3.454
3.936
3.505
3.875
3.357
3.246
2.617
3.172
4.382
4.174
4.123
3.013
3.644
2.596
3.807
4.332
3.335
2.92
3.45
2.037
3.385
2.473
3.914
3.623
4.289
3.2
3.34
2.707
3.008
3.307
3.377
2.217
3.431
2.71
3.528
3.14
3.355
2.755
4.367
3.324
3.871
3.793
3.615
4.354
2.958
2.888
3.042
3.181
3.437
4.044
2.991
3.024
3.479
3.34
2.842
3.774
3.802
3.298
3.32
3.698
3.001
3.953
3.807
2.724
3.169
2.157
3.571
3.58
2.814
3.239
3.036
1.668
3.009
3.004
3.956
3.352
3.025
2.183
3.15
3.8
3.81
3.573
3.765
2.695
3.402
3.486
1.602
4.11
3.849
2.324
3.155
2.998
3.243
2.934
2.969
2.222
3.715
3.247
2.681
3.821
3.411
4.048
2.366
3.153
2.649
3.756
4.018
2.828
3.186
1.604
2.755
4.238
2.917
3.604
3.202
3.341
3.175
3.637
4.39
2.902
2.588
2.29
3.071
4.162
4.137
4.22
3.133
4.068
2.98
4.197
3.586
3.642
3.886
3.101
2.527
2.207
3.164
3.226
4.458
3.041
2.307
4.51
2.766
3.562
3.933
3.272
4.324
3.738
3.264
3.423
3.686
3.259
4.233
2.682
2.651
3.925
2.886
3.611
2.94
3.806
3.827
3.485
2.867
2.774
2.974
4.698
3.288
3.648
3.05
3.846
2.119
2.134
3.157
2.439
4.21
3.247
3.163
2.72
3.025
2.72
4.109
4.08
3.083
3.577
3.312
3.62
3.228
3.691
4.304
4.576
3.164
2.447
3.087
3.328
4.166
3.903
2.833
3.472
3.888
3.811
3.561
3.343
4.08
3.242
2.915
2.568
3.502
2.824
2.979
4.542
3.089
2.247
2.945
2.46
2.515
2.848
3.377
3.36
3.82
2.129
1.749
3.262
3.778
3.973
2.864
2.959
4.156
3.324
3.69
3.082
3.767
3.275
2.032
3.284
3.871
3.155
2.382
2.861
3.588
3.994
2.951
3.87
3.752
2.674
4.043
4.07
2.559
3.421
2.797
3.176
3.586
2.767
1.693
2.924
3.618
3.008
2.927
3.701
3.434
3.118
2.417
4.101
3.072
2.693
3.782
2.568
3.257
3.194
3.193
3.154
3.286
3.986
2.59
2.284
3.971
3.437
3.733
2.895
3.301
3.965
3.714
4.24
4.058
2.983
2.002
3.175
3.791
2.763
2.586
3.783
2.864
2.643
4.284
3.739
2.42
3.925
2.3
3.345
3.275
4.185
2.403
3.473
3.546
3.776
1.952
3.556
3.421
3.068
2.876
3.318
3.232
4.343
3.951
3.997
3.462
2.244
3.083
3.088
2.546
2.601
3.556
3.044
3.255
3.025
4.121
3.359
4.426
4.519
3.329
3.01
3.638
3.321
2.88
4.091
3.797
3.627
3.74
4.197
3.656
3.529
3.87
3.704
3.569
3.004
3.277
3.826
3.121
3.848
2.965
1.708
3.03
3.203
1.566
3.944
2.491
3.278
3.65
4.482
3.362
3.71
2.857
3.845
2.05
2.668
3.736
3.781
2.216
3.157
2.975
2.587
2.457
3.364
3.082
4.191
3.704
3.577
2.53
3.322
3.3
3.146
3.25
3.609
2.697
2.705
2.866
3.964
3.206
2.174
4.401
3.725
1.819
3.535
3.841
2.629
4.627
2.787
3.997
3.614
2.908
3.152
3.36
4.135
3.307
3.257
3.893
3.143
2.714
3.798
2.032
3.456
3.494
3.248
3.858
3.644
4.022
3.03
3.627
3.159
2.973
3.491
3.96
3.622
4.275
3.511
2.931
3.081
2.216
3.13
3.251
3.818
2.628
3.025
3.599
3.122
3.209
4.079
3.414
3.282
3.544
3.327
2.876
3.553
2.222
2.288
3.635
4.311
3.314
3.176
3.313
3.917
3.127
3.538
3.454
3.194
4.294
3.033
2.886
3.665
3.678
3.821
3.869
3.111
3.849
3.324
2.462
3.195
3.726
3.288
2.873
3.034
3.151
3.77
3.544
3.365
3.536
2.582
2.369
3.404
3.579
3.433
4.112
3.79
2.827
3.033
3.463
3.063
3.481
3.32
2.376
3.8
3.099
2.535
3.386
3.224
4.02
4.413
3.685
3.356
3.684
3.806
2.8
3.433
2.81
2.859
2.692
3.717
3.577
1.773
3.362
1.596
2.005
3.13
3.676
2.555
3.083
2.427
2.145
4.281
2.59
2.75
4.72
2.134
2.685
4.07
3.285
2.738
2.72
3.245
2.013
3.136
2.607
4.317
3.157
3.239
2.149
2.651
3.863
3.414
3.768
2.721
3.04
4.375
1.519
3.384
3.6
3.976
3.524
3.115
3.07
3.319
4.171
3.252
2.38
2.35
3.365
2.75
3.19
3.393
2.644
2.364
3.183
3.281
3.229
3.26
2.892
3.904
2.791
2.468
3.947
3.393
3.913
3.004
4.351
4.067
3.692
3.069
3.08
2.675
3.945
4.09
3.09
2.873
2.349
2.982
3.679
3.375
2.064
3.588
3.335
3.282
3.58
2.368
3.225
2.4
3.478
2.879
4.06
3.267
2.913
2.986
2.147
2.23
