4.761
3.548
3.023
2.899
1.371
2.445
2.42
1.626
1.385
1.035
2.699
3.021
0.628
1.679
1.929
0.218
0.64
2.833
1.438
3.804
1.006
1.397
1.389
2.391
2.948
3.512
3.672
2.358
2.085
2.157
-0.027
2.815
2.591
1.011
-0.228
0.919
0.636
2.188
1.058
1.092
3.048
1.7
2.375
1.745
1.589
3.054
2.802
1.442
2.474
1.582
1.861
3.206
4.016
3.124
3.049
3.918
2.858
2.234
1.604
1.628
3.204
2.563
3.245
2.923
0.602
0.985
1.509
0.612
1.842
1.318
3.101
1.6
1.782
2.405
1.521
2.914
2.449
2.263
1.679
0.516
2.165
1.746
1.93
0.616
0.942
1.107
1.528
0.796
0.831
1.731
2.924
2.54
2.741
2.637
2.933
1.651
1.271
2.217
2.256
2.531
2.178
4.145
1.075
1.221
1.787
2.576
1.775
2.896
1.649
1.469
0.459
1.773
0.52
3.615
1.931
6.192
2.859
1.396
2.7
2.046
2.124
2.545
3.326
1.174
0.571
2.13
3.146
1.323
2.151
1.609
2.231
2.169
1.711
2.161
1.781
3.485
1.737
3.032
3.258
1.983
2.488
2.015
0.626
1.293
2.317
3.216
2.035
0.502
3.09
2.644
1.768
2.041
1.727
0.1
3.84
2.363
0.311
1.283
2.114
0.87
2.095
2.295
2.562
2.447
-0.162
1.896
1.572
1.818
3.794
1.881
2.889
2.378
1.781
0.503
1.271
3.326
2.932
1.959
2.589
1.126
1.678
3.041
1.077
1.905
0.103
2.856
1.57
3.193
0.999
4.422
1.472
1.176
2.571
-0.007
1.045
2.437
1.631
1.598
2.091
2.922
1.459
0.412
1.929
1.784
2.188
0.295
2.632
3.287
2.635
2.409
0.658
2.607
2.991
2.253
2.402
1.932
2.088
3.064
2.077
1.912
1.304
2.373
2.987
2.749
2.529
1.733
1.408
1.165
1.423
2.992
0.834
2.056
2.458
0.676
2.634
2.489
0.805
1.599
1.285
0.868
3.399
0.999
3.275
0.457
0.153
1.587
3.49
2.713
2.959
1.346
2.525
3.283
3.925
3.751
3.193
4.079
4.331
2.894
3.05
2.533
2.598
2.019
3.417
3.636
2.951
3.285
2.818
3.512
2.12
2.798
2.895
3.137
3.298
3.251
3.247
4.764
2.761
4.39
2.919
2.423
2.538
3.2
3.872
3.354
2.756
2.911
1.697
3.348
1.952
3.864
3.568
2.978
3.779
2.987
3
4.492
2.954
2.038
2.616
2.745
2.613
2.666
2.777
2.581
4.331
4.567
2.965
3.452
2.5
3.881
3.759
3.268
3.175
4.652
4.014
2.739
4.653
3.211
3.592
3.749
1.92
3.255
2.279
4.725
4.092
2.179
3.092
4.61
3.117
3.9
4.101
2.967
3.098
2.819
3.767
2.427
4.08
2.322
3.018
2.73
2.719
3.366
2.562
3.474
2.97
3.998
4.585
4.581
3.652
3.721
3.201
3.455
4.092
3.664
3.191
2.919
2.595
3.152
3.212
4.642
2.526
4.878
2.996
2.663
4.77
2.193
3.208
2.609
2.664
3.241
3.575
3.295
4.845
3.329
2.448
2.732
3.885
2.296
3.238
3.18
3.324
2.125
3.207
4.397
2.771
3.372
3.644
3.328
3.383
5.014
2.551
2.922
2.655
4.876
3.654
4.404
4.812
3.056
3.037
2.272
3.12
2.497
3.812
3.469
4.167
2.988
3.763
3.414
3.263
2.402
4.456
1.74
3.426
4.635
2.571
2.224
3.511
3.256
3.645
4.161
2.419
3.573
1.803
2.601
3.198
2.829
3.463
2.952
3.279
3.316
2.463
4.031
3.591
2.549
3.536
2.518
2.403
2.954
2.666
2.531
2.778
2.575
3.458
3.598
1.191
3.419
3.557
3.957
3.207
2.924
4.531
1.793
2.984
4.837
4.283
1.992
2.538
2.689
3.274
4.643
2.935
2.916
2.842
2.127
4.083
4.454
2.959
4.722
4.241
3.415
2.83
2.894
4.191
4.823
3.155
2.629
4.349
2.49
3.043
4.287
3.831
2.825
2.837
2.459
3.387
3.159
3.784
1.315
3.717
3.553
3.619
3.331
3.071
2.439
3.749
3.63
4.191
1.887
2.256
4.134
4.733
4.199
4.937
4.192
3.179
3.414
3.721
3.529
4.152
4.9
4.053
3.454
3.516
4.795
3.8
3.841
3.778
2.481
3.485
3.767
3.936
3.738
4.776
4.869
4.568
3.88
2.27
3.72
4.396
2.96
3.447
4.758
4.708
4.816
4.997
4.749
3.751
2.725
3.098
4.458
3.417
4.79
3.598
4.708
4.107
4.384
4.857
4.765
4.977
4.704
3.649
3.256
3.249
4.724
3.8
4.706
2.852
3.316
4.269
3.949
3.338
3.542
3.857
3.955
4.538
4.552
2.928
4.861
4.119
3.175
4.614
3.702
3.054
4.268
3.704
4.663
3.109
3.609
4.525
4.816
4.135
3.469
4.4
3.568
3.752
4.84
4.309
4.755
4.581
4.679
3.998
3.282
3.345
4.362
4.731
3.072
4.9
4.025
4.188
3.084
2.616
3.316
4.815
4.316
4.214
4.313
4.098
3.437
3.443
3.83
4.149
2.63
4.887
3.948
5.019
4.105
4.966
3.143
3.073
3.058
4.913
5.005
4.439
3.903
3.563
4.525
3.147
4.99
3.76
4.289
3.494
3.509
3.932
4.112
4.951
4.276
3.596
3.97
3.426
3.874
3.721
3.9
4.009
3.11
4.694
4.096
4.536
4.76
4.214
3.8
2.815
4.807
3.993
4.515
3.632
4.901
4.776
5.023
4.875
3.463
3.797
4.418
3.455
3.787
3.24
3.499
3.861
3.786
3.726
4.159
4.355
3.79
6.016
4.111
3.326
4.311
4.331
2.918
3.824
3.549
3.266
3.712
4.874
3.111
4.226
4.817
3.829
4.079
4.068
3.767
3.241
4.775
5.044
3.211
3.544
4.879
4.227
4.792
3.768
3.657
4.114
4.935
3.88
3.978
3.427
4.021
3.666
4.246
3.867
3.296
3.374
4.9
3.663
4.778
3.527
4.85
4.753
4.936
3.692
3.838
5.124
4.698
4.12
3.357
3.834
3.582
3.448
3.727
4.208
3.905
2.807
4.406
3.684
4.847
3.283
4.192
3.029
3.794
3.949
3.83
3.851
3.211
4.972
3.724
3.971
4.14
3.788
3.964
4.817
3.6
