3.92
2.331
4.142
4.849
4.176
4.063
4.454
3.435
3.423
4.194
2.886
4.364
0.779
2.328
3.722
4.816
4.867
3.736
3.926
4.055
3.674
2.416
3.748
2.751
3.616
4.347
1.155
4.129
4.187
4.702
3.016
2.732
4.918
3.777
3.291
4.858
4.858
3.386
3.389
1.883
4.696
4.845
3.547
3.839
4.065
4.609
4.229
4.025
4.669
4.669
3.422
0.879
2.989
3.571
3.059
4.892
3.762
2.814
4.864
3.346
3.751
4.099
2.383
3.728
3.489
4.721
1.977
4.766
2.074
1.403
2.294
3.592
3.173
3.15
2.15
2.693
3.586
4.113
4.847
3.976
2.679
2.203
2.222
3.797
3.354
4.784
3.753
1.575
1.03
3.743
3.458
3.474
3.544
2.998
2.998
2.024
2.024
2.024
3.635
3.837
4.709
4.685
4.096
1.208
1.122
4.041
3.961
2.941
2.057
2.44
2.147
3.111
3.555
3.236
4.154
3.734
4.609
4.048
3.359
3.891
3.688
3.285
1.862
1.997
3.355
2.888
2.729
2.116
3.638
3.999
2.299
4.622
3.977
3.419
3.987
0.99
1.894
1.861
0.344
1.431
1.872
2.546
2.961
1.642
2.145
3.333
2.081
3.273
3.364
4.614
1.266
1.926
2.375
4.033
2.735
3.487
4.163
4.247
3.312
3.138
3.894
3.557
3.567
4.704
2.364
2.87
4.689
4.681
3.701
1.168
3.861
1.601
1.3
0.758
3.277
0.941
3.419
0.268
0.16
2.061
1.979
0.92
0.859
3.605
3.735
2.871
3.927
4.159
1.656
3.212
3.26
0.56
4.745
1.812
3.669
2.376
3.7
2.46
3.985
4.138
2.247
1.503
4.612
3.765
2.996
0.426
4.599
4.166
0.537
3.563
3.715
3.756
2.582
3.817
2.113
2.218
3.591
4.622
4.601
4.588
3.452
4.251
2.149
3.84
3.969
2.86
4.062
3.665
2.044
1.906
1.419
1.796
3.697
3.674
4.717
1.789
1.485
3.59
0.632
1.97
4.084
3.864
2.892
3.836
0.64
1.171
1.025
0.273
1.024
2.289
3.326
2.264
3.624
4.576
2.785
3.349
3.986
1.325
0.686
-0.064
2.018
2.427
2.274
3.782
0.933
0.202
2.989
3.388
3.643
4.059
1.991
3.51
3.614
3.841
2.896
2.333
3.274
0.4
3.428
3.86
0.528
0.583
3.835
2.274
3.589
3.816
3.247
2.903
4.452
4.084
3.612
3.465
3.782
3.788
0.087
1.015
0.748
3.972
3.653
1.365
2.567
1.442
2.283
3.407
2.361
3.966
3.628
0.764
0.832
0.84
1
3.464
3.647
0.798
0.551
3.636
0.516
1.729
3.836
3.304
4.674
3.152
0.631
0.827
1.698
-0.105
2.346
3.92
1.173
0.651
1.368
0.883
3.222
1.623
-0.031
0.415
0.912
0.924
1.852
3.496
0.603
0.206
1.084
2.12
1.284
0.626
0.17
4.102
3.353
1.02
0.949
0.339
0.835
3.731
2.026
2.677
0.709
4.153
3.53
3.201
2.559
1.078
0.196
2.386
2.71
4.429
1.189
3.656
3.297
4.539
4.731
4.554
1.374
0.53
0.634
3.137
0.827
2.789
1.006
3.457
3.207
4.01
0.853
0.461
3.572
1.312
0.685
0.344
2.823
2.841
0.762
0.196
3.259
2.444
0.768
2.707
-0.053
3.621
2.338
3.398
3.204
3.816
3.62
3.678
1.153
1.694
1.701
0.978
0.302
-0.064
0.827
1.368
0.29
1.093
3.641
0.262
2.141
3.943
0.693
3.827
4.026
3.274
0.442
0.795
1.583
-0.09
3.106
2.509
2.557
3.577
4.652
0.689
3.578
3.439
0.799
3.207
3.654
1.634
3.429
0.062
0.231
3.545
2.776
0.103
3.621
3.228
4.071
3.676
2.862
2.977
2.077
1.39
3.524
2.434
1.389
1.072
1.43
0.581
3.135
0.186
0.601
-0.222
3.714
3.491
1.819
3.087
3.156
2.069
0.337
1.02
0.167
3.266
3.744
-0.388
0.548
0.651
3.661
0.621
3.413
3.611
3.42
1.613
2.381
1.484
0.585
2.025
2.002
-0.043
4.74
2.516
0.69
3.031
3.064
1.049
0.658
0.062
0.509
0.311
0.472
0.031
-0.037
0.27
0.129
3.842
2.039
2.855
3.45
3.771
2.938
2.847
4.146
0.934
0.687
-0.291
3.703
0.888
0.859
1.066
3.592
3.783
3.535
-0.043
1.427
2.29
1.519
0.157
0.649
0.329
0.69
0.779
3.306
2.973
2.871
1.242
0.422
0.251
0.512
-0.229
0.465
1.314
1.133
3.018
3.348
1.451
1.081
1.099
-0.026
0.524
0.906
2.797
1.422
1.05
2.574
3.73
3.792
1.565
3.066
3.752
0.714
0.664
0.402
2.072
0.654
1.465
0.117
1.334
2.853
0.211
0.786
2.376
2.762
2.703
1.07
2.72
0.624
0.218
2.45
3.673
3.746
3.577
3.032
3.46
3.604
2.255
2.009
0.898
0.78
0.323
1.538
3.252
0.437
-0.072
3.686
3.825
2.115
1.574
0.165
-0.48
2.868
1.104
3.208
3.453
4.026
3.705
0.656
2.442
3.413
0.586
3.526
1.656
1.326
0.76
0.224
0.059
0.046
2.119
3.867
1.38
1.071
1.364
0.764
1.447
2.333
3.208
3.835
-0.06
0.549
0.479
2.039
2.24
2.446
2.272
1.165
1.451
-0.169
1.278
0.053
2.807
0.331
0.08
0.531
3.611
1.24
0.07
-0.13
1.11
-0.083
1.459
2.705
3.132
2.558
0.524
0.681
0.122
2.477
1.664
3.095
0.34
2.407
1.075
0.693
0.42
2.539
0.424
2.379
0.176
2.218
2.323
3.645
1.294
3.514
0.497
0.18
2.504
2.471
2.192
1.568
2.723
1.88
2.593
0.613
1.018
-0.038
1.743
0.16
0.509
0.797
2.494
0.378
0.565
3.568
1.443
2.066
0.031
0.889
1.608
0.323
2.061
3.339
3.114
-0.284
1.314
0.094
0.231
-0.229
-0.144
0.998
0.55
1.287
2.256
1.539
1.298
0.177
3.099
3.6
1.338
1.243
0.92
2.289
2.409
0.899
0.022
3.397
2.187
0.661
-0.03
0.504
3.034
2.538
-0.191
0.683
0.456
2.24
0.782
0.593
3.68
1.471
2.84
2.763
0.983
0.566
1.193
0.369
0.305
0.614
-0.049
2.325
0.123
0.279
0.505
