4.44
4.913
4.463
4.335
5.154
3.899
5.086
5.033
4.253
4.338
4.021
4.439
4.615
4.495
3.008
5.299
3.767
4.517
4.727
4.8
4.209
5.18
4.044
5.18
4.859
4.39
4.322
4.799
4.575
4.417
3.464
2.447
4.165
4.221
4.61
4.814
2.521
3.663
5.145
4.829
4.46
5.18
5.062
3.7
3.438
4.25
4.608
4.737
5.18
4.603
5.299
4.849
4.012
4.021
4.057
4.542
4.962
4.845
4.767
4.859
4.041
4.672
3.702
4.829
4.713
3.798
4.608
4.608
4.264
4.704
4.906
4.397
5.062
2.979
4.796
4.859
3.551
5.299
4.513
4.736
3.702
4.62
4.505
5.154
4.505
5.299
4.829
3.702
4.668
4.859
4.916
4.562
3.559
4.727
3.323
4.492
3.702
3.729
4.767
4.395
4.475
3.528
5.154
4.098
4.598
4.74
4.673
5.299
4.098
4.555
4.402
4.812
5.299
4.014
4.641
5.18
4.639
4.812
3.594
4.247
4.617
4.772
4.559
4.875
4.962
4.726
3.802
4.61
4.505
3.702
4.807
4.028
5.063
3.566
4.508
4.812
4.505
4.384
4.727
4.758
5.299
4.328
3.689
5.154
4.078
4.603
3.196
1.307
4.574
3.619
3.566
4.451
4.82
4.451
4.719
4.52
3.028
4.636
3.175
5.299
3.217
3.202
3.44
4.598
3.208
4.29
4.369
4.046
4.859
4.106
4.276
4.098
4.021
4.856
3.718
3.925
4.668
4.307
4.455
3.566
5.18
4.098
4.573
3.926
4.504
4.71
4.812
4.074
4.376
4.918
4.487
5.299
5.299
4.829
4.506
4.52
4.492
5.039
4.729
5.299
4.767
4.859
4.706
4.859
4.829
3.208
4.582
3.84
3.767
3.902
4.962
4.014
1.298
4.34
4.668
3.84
5.154
4.543
3.538
3.822
3.109
3.596
4.273
4.034
5.299
3.702
3.12
4.293
4.727
4.202
4.829
3.332
4.238
4.198
4.829
4.372
3.316
4.235
4.604
4.239
4.576
4.395
4.062
4.767
4.257
4.913
3.688
4.191
4.338
4.16
3.534
4.514
4.237
4.324
4.481
4.247
4.463
4.487
4.149
4.609
4.916
3.84
4.505
4.149
4.727
4.779
2.934
3.741
3.845
4.706
4.575
4.595
3.566
3.872
3.589
3.054
5.154
4.614
4.383
4.505
4.565
4.651
4.098
4.628
3.702
4.414
4.598
3.925
3.289
4.505
4.38
4.758
4.544
4.52
3.148
2.918
4.678
4.616
4.706
4.61
4.767
4.569
4.624
3.84
4.718
4.248
4.505
5.289
4.913
4.767
5.203
4.77
4.098
4.028
3.605
4.498
4.49
4.859
4.727
4.679
3.534
4.629
3.641
4.664
4.706
4.07
4.812
4.767
4.487
5.18
5.145
3.888
3.925
4.812
4.479
2.806
4.796
4.773
4.596
4.395
4.217
4.098
4.829
4.628
4.791
3.318
3.702
4.376
4.624
4.338
4.986
5.32
4.505
4.52
3.968
4.119
4.327
3.665
5.18
4.248
5.154
4.962
5.299
4.516
5.18
4.735
3.84
3.09
3.702
4.859
4.505
3.164
3.435
4.962
4.542
4.234
4.929
5.154
5.203
3.196
4.226
4.228
3.491
4.086
4.725
3.613
3.534
4.683
3.632
3.238
4.227
4.812
4.399
4.962
4.668
5.299
4.492
4.02
4.015
4.486
3.988
5.299
4.505
4.916
3.394
3.534
4.342
5.18
4.859
4.603
4.58
4.289
3.632
4.535
4.185
4.748
3.398
4.719
3.398
4.598
4.694
4.597
3.332
4.098
3.208
2.878
5.154
5.18
4.598
4.027
4.56
5.144
3.628
4.859
4.508
3.73
4.771
4.596
4.098
4.617
4.913
5.154
4.812
4.643
4.812
4.424
4.505
5.154
4.664
4.719
4.576
4.269
4.49
4.474
4.401
4.119
3.702
4.518
4.487
