1.7815515871255
1.49951542008587
1.90675348031596
1.96606408862719
1.73839903233617
1.84775274753198
1.77926990227852
1.7258638776154
1.75968878641829
1.37304412967324
1.50546484417011
1.64850114159726
1.66813855929999
1.61265210613736
1.90629888668747
1.82743828809374
1.60976967706664
1.75824227206653
1.1427607075849
1.62448673891943
1.75380816918555
1.54106698378112
1.71535350723881
1.85152930638513
1.83017729919457
1.85394514294957
1.92887828192382
1.79677831267348
1.68299391167706
1.8284407858998
1.62220560450711
1.86545620857434
1.9979087257879
1.68539565688668
1.52658837294919
1.86332990288924
1.7912652929954
1.71016107952265
1.73225541278613
1.7359867420289
1.7836898314281
1.49380065976468
1.9336495838597
1.66776242840664
1.87100383940919
1.78575917095955
1.17484658753711
1.66813855929999
1.91551516200855
1.97848458720037
1.66580977932599
1.87309791610478
1.72040811841981
1.63720228935134
1.78691594761605
1.8529861013048
1.75337104658846
1.85087519849983
1.73064314986798
1.79581870982322
1.67356568427928
1.57083972960804
1.73225541278613
1.75980932142437
1.65641005216998
1.79551239473922
1.65984842163606
1.99989410983342
1.83434320650317
1.99315902460236
1.53293185453948
1.83230825640125
1.99867258828296
1.9979087257879
1.77657597843744
1.58216129657224
1.75749676400645
1.89804792535694
1.834880740074
1.72934649069763
1.86332990288924
1.83674857548366
1.99964249259256
1.86427827090757
1.88492508278553
1.71772488505444
1.92156397415445
1.77370408829966
1.82745854941682
1.834880740074
1.77422622721469
1.65712795599945
2
1.87674307998329
1.83350941571717
1.8424211765563
1.81894221236105
1.70067582318856
1.73083331152693
1.42410562432409
1.65249992415925
1.75619642251002
1.64052805409283
1.73225541278613
1.64756249840912
1.79849298468146
1.93879304622751
1.70662169501257
1.9336495838597
1.58815520252479
1.6872384523675
1.84814369007239
1.96383288776437
1.27945424145444
1.64052805409283
1.84434446448681
1.97259326771406
1.78091133243322
1.71207000433618
1.66365070393876
1.79071465800456
1.96846712966798
1.73225541278613
1.39989256739412
1.49006110177735
1.66773503090662
1.78091133243322
1.55929293193002
1.72751311028904
1.6837628028114
1.75404955891453
1.56589971176636
1.87517477541322
1.84773459237528
1.75758533535796
1.50565367901481
1.21788597689966
1.70272510514116
1.9157363319376
1.88058119020431
1.77758930104161
1.67224195801457
1.59534249749947
1.54106698378112
1.49551993216146
1.37304412967324
1.66570571115743
1.85725516907655
1.79908666347442
1.71749535531398
1.81928107380698
1.91352980224551
1.85008921859858
1.60560677496568
1.60885352997376
1.87976201976618
1.90720995141289
1.82244144608111
1.66396866757298
1.61805909473302
1.4916825306833
1.9987292864244
2
1.77101744490852
2
1.74490595426362
1.83258968162427
1.56237929042352
1.54908689858034
1.81419122082136
1.53207024897732
1.67742697384496
1.92226870641103
1.7992650051935
1.93803291019568
1.50211768382176
1.5343815784547
1.76280285222712
1.8516442140738
1.71016107952265
1.68963562194696
1.79238447603876
1.79002586161307
1.83543947768998
1.70339545276426
1.88029203237293
1.84067785409139
1.61265210613736
1.87308764491554
1.803112398796
1.7438130629752
1.86321787926172
1.87407988050676
1.93803291019568
1.71979390499489
1.85070308272746
1.79899799708045
1.61805909473302
1.55041302599422
1.65436781102321
2
1.73225541278613
1.84772803489133
1.76461797724654
1.99212358586738
1.66028354367737
1.68575626751898
2
1.88823089264858
1.65045205879695
1.85584374099736
1.66841594654067
1.92887828192382
1.73001191161806
1.66580977932599
1.74415703719638
1.75187510711456
1.49373752266281
1.91579021506247
1.20408014082357
1.90337933616974
1.78575917095955
1.37855644656535
1.80961521872496
1.7590252764463
1.75576805658363
1.75473326583813
2
2
1.64690389602623
1.77370408829966
1.71596139424302
1.90393423817502
1.63549111108454
1.97899673111427
1.88209213705095
1.85584374099736
1.76011595664284
1.77561395527317
1.93052383875213
1.83350941571717
1.9050664259763
1.90730007216424
2
1.68251239801917
1.72181809027603
1.8798633881551
1.81479370456237
1.70740754531991
1.62220560450711
1.85587207154219
2
1.82063408343688
1.6899530872615
1.69536004260952
1.67842569351727
1.56352508744595
1.90124174953282
1.59402497154446
1.85398414687697
1.89069998306149
1.67049817763029
1.75692443024097
1.63549111108454
1.71826823362812
1.79018153601337
1.90738891717772
1.81177974018272
2
1.81419122082136
1.62587587316111
1.61805909473302
1.8441860436014
1.70110155712027
1.78183050968182
1.74340388530982
1.63823172106977
1.82235606235035
1.35342543614435
1.86639111861053
1.81455942507023
1.78091133243322
1.72773912884107
1.86807999186453
1.783684801155
1.83220805847997
1.92887828192382
1.82994223927786
1.27945424145444
1.6972906010759
1.81888335210716
1.78091133243322
1.79581486692582
1.88465384491349
1.61805909473302
1.77805016511282
1.48468311148203
1.75473326583813
1.57094666879062
1.75459580589052
1.62272998512289
1.64138591175185
1.59854743487382
1.87016490784887
1.67024570900335
1.47262290179874
1.84250705949882
1.64052805409283
1.79297460166457
1.78091133243322
1.66555262099374
1.95259947536436
1.75714239957373
1.96846712966798
1.81221418110846
1.98852986626615
1.42410562432409
1.997867837358
1.61888777129437
1.82963026465488
1.82246488532654
1.64052805409283
1.66158076571497
1.84700975962505
1.74738115777901
1.66413852389925
2
2
1.74144903634222
1.76865365278542
1.52864770052473
1.8982018594964
1.6321784990909
1.68576002797552
1.73001191161806
1.86668875277807
1.70823102925661
1.68795542077041
1.97517130581261
1.77758160772583
1.93825198126072
1.78575917095955
1.78575917095955
1.83059304239822
1.75138225214033
1.51699911550831
1.81221418110846
1.68846597979815
1.48664100087574
2
1.72935908750308
1.9979087257879
1.72502228829932
1.92263156307236
1.72181809027603
1.93779798923107
1.70674276566342
1.97876705454547
1.72164729886448
1.56640139373675
1.79898919489975
1.64417008421232
1.65704369348958
1.92887828192382
1.85152930638513
1.8103298564193
1.61805909473302
1.85701509368122
2
1.76865365278542
1.96383288776437
1.46344843264916
1.65401194704778
1.99315902460236
1.6075477175428
1.6798139305485
1.67817668707924
1.73386974391837
1.27945424145444
1.6484142069928
1.8529861013048
1.86660139755764
1.47262290179874
1.90397434076889
1.73655474749839
1.47262290179874
1.9336495838597
1.65984842163606
1.93504783200363
1.5834073454559
1.66965714353119
2
1.59569136412805
1.55488987150722
1.70462655904003
1.55243941343552
1.38391923723608
1.64857986279995
1.85215536560182
