1.79894715655968
1.99995114738519
1.70861140585645
1.87676110646092
2
1.67458488849051
1.48348735248788
1.86473360090353
1.78842974708741
1.87676110646092
1.81089067017648
1.73749756164802
2
1.75439079004427
1.49156186628587
2
1.77855148230733
1.72645426721175
1.82593406665655
1.9995315717378
1.68895646415417
2
1.69563973227834
2
2
1.79290885762381
1.76152282758099
1.72004622040403
1.8090721505896
1.79378129712753
1.37327943312221
1.63041626203567
1.96194864265976
1.69355248818731
1.67631035007219
1.99701608654072
1.59332781282258
1.81342494838712
2
2
1.67432029859082
2
1.89727489816174
1.61976319710076
1.50053371932637
1.81193219868385
1.85499024064746
1.77311582137499
2
1.99849695926291
2
1.87724787895556
1.78145943847102
1.67112457752259
1.72223012712275
1.65153357221656
2
1.78071716233515
1.84513771058359
2
1.75402158109732
1.78570255866043
1.41539490196838
2
1.89498282319284
1.48364050339179
1.85499024064746
1.85499024064746
1.94908493220457
1.71883763572534
1.95670714536845
1.75191576066978
1.89727489816174
1.50374872379093
1.86784145983107
2
1.47947294736397
2
1.85431557444906
1.85122741776196
1.41539490196838
1.85084901655968
1.73313912971306
2
1.75429908201252
2
2
1.81135103541061
1.93885943158039
2
2
1.82427737066972
1.42101442738058
1.82467913723651
1.658290875763
1.85503231434197
1.81135103541061
1.56970665139855
1.84513771058359
1.77404829890679
1.76107919986797
1.48569124035298
2
1.94919793781988
1.82084762679858
1.94921093468252
1.66312537098083
2
1.94919793781988
1.75166701961807
1.77398628346604
1.87676110646092
2
1.55781989881839
1.77526982267532
2
1.83177395052992
1.87676110646092
1.36520720299114
1.68872999080683
1.80080550409564
1.84171545727522
1.90075875744008
1.96194864265976
2
1.82467913723651
1.52109941031434
1.80025836527532
1.73313912971306
1.81135103541061
1.87124005375129
1.77190037855679
1.89880867775178
1.47566833874165
1.74422257318283
1.87676110646092
1.73313912971306
1.8074472668246
1.82593406665655
1.86413093823403
2
1.74809687314157
1.3982048624603
2
1.66311935107099
1.99849695926291
1.59201930962297
1.31119671573503
1.80629835152302
1.32782148107522
1.47566833874165
1.92077992964574
1.82182742224708
1.92077992964574
1.88888816939415
2
1.56151469441433
1.76220984655427
1.62211478050352
2
1.6937871652392
1.59201930962297
1.38310689314774
1.82084762679858
1.39619050402544
1.79537787275004
1.7101810380496
1.83412019447763
2
1.73742304205377
1.84751826978491
1.94919793781988
1.88655060826481
1.71097395996429
1.71197700845007
1.82224254269524
1.84159737846814
1.72163083551749
1.67591916276316
1.47543024974433
2
1.94919793781988
1.80461000110622
1.62519523417149
1.75189321275467
1.88938185025196
1.87676110646092
1.73437218964719
1.79169277795795
1.96236129885812
1.71328800400775
2
2
2
1.74592231014162
1.8859133215703
1.86414335550626
2
1.92783958194438
2
1.84513771058359
2
1.87980932876692
2
2
1.39619050402544
1.70474133078449
1.70636570645134
1.70718838193513
1.94690099625416
2
1.55781989881839
1.37268672051524
1.72534706338771
1.66674603001391
1.70636570645134
2
1.76730260666756
1.64479003665288
1.7767968736777
1.32165457088438
1.52020304572628
1.76305303019239
1.77148679688447
2
1.81135103541061
1.40629545620721
1.9998549907103
1.82593406665655
1.69707754562872
2
1.37095586323144
1.81046740550742
1.68177791961615
2
1.87247063516394
1.43695160540931
1.75376231696754
1.82667677891929
1.88337712145267
1.74700344967697
1.71380320498031
1.76684908592297
1.84513771058359
1.78236328752753
1.99995114738519
1.72674624519129
1.79642678095281
1.87676110646092
1.71442087883451
1.37784781271801
2
1.84366099863563
1.99849695926291
1.81185757019321
1.68864919744619
1.80010396780663
1.71328800400775
1.71483699338404
1.7450582999405
2
1.70636570645134
1.73313912971306
1.71483699338404
1.82593406665655
1.70317212574293
1.43910615965158
1.56208576881745
1.54886930979096
1.87980932876692
1.8090721505896
1.9058898394082
1.47566833874165
1.81406326997533
1.81913477609344
1.43565219166931
2
1.67745208350436
1.83667786317204
1.75429908201252
1.7257913926785
1.75119335769415
1.94919793781988
1.82125394111226
1.81135103541061
1.90854608449909
1.82084762679858
1.82224254269524
1.65778892820503
1.73313912971306
1.71577133461788
1.99998770412961
1.82851077957468
1.8859133215703
1.59517069445237
1.08252160496478
1.85257823690118
1.96603165612991
1.87980932876692
1.77812778323156
1.84513771058359
1.77202441004204
1.73039273115852
1.70636570645134
1.90059332166244
1.81810667062121
1.75429908201252
1.9917991812436
1.99995114738519
1.86075768056911
1.93506523912002
1.78727216939002
1.94919793781988
1.77190037855679
1.38350186717711
1.7782102699962
1.76873904249248
2
1.65105666842881
1.75538758778956
1.37784781271801
1.84010142355552
1.35399261509921
1.63739285200629
1.92396016330028
1.7557797409581
1.87676110646092
1.84513771058359
1.71328800400775
2
2
1.47762610467237
1.75033093534208
1.87676110646092
1.9282172126362
1.42070960451247
1.74645171579655
1.89602556871518
1.77675511555527
1.87802673745467
1.75376231696754
1.94919793781988
2
1.73469048347808
1.87147566805932
1.37095586323144
1.81135103541061
1.79169277795795
1.80229288443893
1.87676110646092
2
2
1.75429908201252
1.8859133215703
1.45333697509833
1.76102031046968
1.76481348841319
1.61469704256999
2
1.81810667062121
2
2
2
1.81521601046515
2
1.73137211906526
1.70636570645134
1.57225218348212
1.81135103541061
2
1.73313912971306
1.53045352283873
1.32297333510248
2
1.5349369067535
1.78806682578391
1.81012033001897
2
1.93506523912002
1.59201930962297
1.64033072403126
1.7853034993861
1.48085019659383
1.88621226306212
1.82210866415973
1.44910997163849
1.37784781271801
1.80919488285115
1.50401861373551
1.66730962322035
1.6898416144478
1.8672212814045
1.69073391452384
2
1.93885943158039
2
1.86414335550626
1.65920138072656
1.41906962512348
1.8125009275469
1.82229209197334
2
1.73313912971306
2
1.45544854532815
1.37784781271801
1.7873134361584
2
2
1.99849695926291
1.77676138508248
1.61727492425074
1.50401861373551
1.72849969952569
1.83484024430155
1.58310718187336
1.6764555515366
1.89528564320152
1.6764555515366
1.82084762679858
1.88980627325273
1.80251731320826
1.6936955829684
1.94919793781988
1.39619050402544
1.50238532051057
2
2
1.82084762679858
1.66987192672731
1.81264500486708
1.99914126737226
1.66365391647368
2
1.81253072549279
1.80246151122445
1.82620532858318
2
1.60790723006838
1.65613717724098
1.99995114738519
2
1.87676110646092
1.88800046354399
1.87676110646092
1.59802060537643
1.75429908201252
2
1.84076697493377
1.88888816939415
1.74700344967697
1.83270323992336
1.68514937449732
1.71817050179077
1.74163482174965
1.57328190370786
1.81135103541061
1.64305760172991
1.71328800400775
