1.82248474113424
1.70706015902795
1.55628276286025
1.52864651511652
1.58852131024545
1.81680867081206
1.53360482832618
1.53387229719961
1.32452093199588
1.40282502191916
1.69546275962598
1.42839148212537
1.44020179642059
1.597517382537
1.69186829410022
1.36062246287344
1.60453851291345
1.75949493964585
1.63060661486115
1.62649746118228
1.44477186663487
1.24087616762314
1.66690764049569
1.71576941104276
1.69651855376221
1.68291194198033
1.49058405243455
1.40846199106613
1.42811195955258
1.46403392330289
1.42552078453189
1.42739271550199
1.80936813713755
1.36619686154657
1.07318362083693
1.49851877952609
1.47726675473444
1.6944302808192
1.45686150557472
1.57862468595181
1.43870200281029
1.65034687881431
1.67395792426095
1.51499451452978
1.70601383708708
1.79629231289454
1.67970818736154
1.70607712976403
1.49567629292821
1.24405241684551
1.68433291181735
1.70272179834422
1.47437843031843
1.6214038818985
1.56465329672393
1.523140892023
1.69709660346584
1.67229613261786
1.24175995885125
1.45796361275087
1.61125225887316
1.51814130406397
1.48540050188475
1.32516306507288
1.12369313431544
1.4392204384584
1.59316416047505
1.30579075006424
1.53349498189441
1.10775635475713
1.77527108435
1.53538655800523
1.32983414488532
1.52792674811549
1.3413184661816
1.79609211459125
1.43741701929635
1.70396688471247
1.35362943893684
1.05279318343193
1.72046435511796
1.90005466476426
1.52206059589314
0.949979045974377
1.76728505474731
1.07072288593906
1.61518533846576
1.4928207029878
1.06825120996901
1.4149437142027
1.81135141210182
1.55677982820976
1.74825554254702
1.5928117511964
1.45426682950415
1.63149282402478
1.30523980678336
1.66837960497029
1.58956512514689
1.56488695427649
1.55403563288662
1.55900159076752
1.63161553216099
1.36707926324549
1.56659506573399
1.51137310253896
1.55010760145114
1.70800246133119
1.59886451101426
1.67519494309673
1.11191985907908
1.50838837257934
1.27056335562117
1.6750981107516
1.13475712594101
1.38376501973076
1.69867208586134
1.56388711980921
1.50210489440552
1.22681765013035
1.35898906603066
1.37881415899879
1.81627736618581
1.50119595618902
1.08295752309038
1.48012312737044
1.75307177849597
1.35698787140212
1.59972018007353
1.17248499992546
1.65104146190275
1.82221771936926
1.21048500563856
1.87127429937479
1.19839024858369
1.58652255523448
1.14886645538017
1.27011603157643
1.64094336085022
1.4365777550156
1.83485510773947
1.66178363995306
1.1236006070405
1.27184449576663
1.45926642381877
1.5573868291671
1.37545910352332
1.54649197213388
1.59706288268966
1.64289905417886
1.33749251006274
1.42737549517452
1.49527628714575
1.49299837972362
1.90410142159185
1.58501951788302
1.21743715057537
1.54648649360739
1.51070326319756
1.30290778077429
1.28728371533839
1.5333107819522
1.15089505495383
1.67211866892455
1.12568587561637
1.50334026654659
1.46115846647027
1.50758307847857
1.67687023546924
1.53743356388478
1.67143245906089
1.50930797132579
1.28444067335386
1.0999263632207
1.74733701135483
1.88217104885413
1.8182908474044
1.57303557756249
1.80488162262474
1.13114973191482
1.73327449881865
1.67907013344861
1.17441664466096
1.6371196060289
1.18232682255149
1.76575544848284
1.37746810326509
1.33203074201752
1.26380049278949
1.23929631677601
1.53318033815319
1.82995682661995
1.64316619123703
1.06523562263166
1.36386716379184
1.44220650169377
1.51279140822609
1.47525812943446
1.70114757185315
1.53211038308369
1.57797066824884
1.47871744994446
1.62512031338817
1.55149608536714
1.425627659818
1.46195967986897
1.75138723665755
1.90734197589743
1.36041622536837
1.80271980977365
1.09704182756511
1.45982690502161
1.62359515254501
1.67708816003016
1.64251310009135
1.27574771807458
1.58697275832989
1.72156531055471
1.56297039740699
1.5936273900719
1.49705025799657
1.05157150374286
1.60550772413167
1.63032760987028
1.48113119401817
1.53011169373065
1.32950027122585
1.31516660911699
1.63455897377713
1.52436898891208
1.55515172361609
1.58705373007955
1.75050324567661
1.77941898197895
1.56772972882128
1.72410314481448
1.72698846397434
1.38180531384394
1.57414221721915
1.08548348510243
1.78632551847051
1.11086613196953
1.66110202380728
1.49287200718427
1.23284595898973
1.59586456107181
1.6313859233388
1.67871302821258
1.66369053149563
1.4827247190108
1.65458610375522
1.90451842920048
1.50634303379864
1.61958930324166
1.85864376621001
1.80124328986301
1.92650565158395
1.76721261780079
1.87654140511417
1.55701820337914
1.6086964588279
1.57561908106315
1.82724632183401
1.91418589027734
1.89232003913499
1.8563244214769
1.89808421591679
1.89909813012826
1.81462226143988
1.73475892758168
1.7342003058166
1.94373339113245
1.90623513417983
1.90536357025228
1.82295852332451
1.98007670171563
1.72584546978592
1.77334639893024
1.98582154901983
1.71208495318567
1.94386497168704
1.77735869534369
1.70389420630038
1.71294311429833
1.58791680600126
1.77691312625815
1.4091109007294
1.7498357992247
1.36803527357284
1.95166680362568
1.75463210752594
1.8571330397472
1.79254080638333
1.44148916154935
1.70401691893953
1.71092487986311
1.88312133664857
1.66342805440908
1.61065952560659
1.75574242412694
1.63740803957258
1.58132249899768
1.90118696530493
1.50553249313155
1.83311247776263
1.92869683470043
1.7457183448974
1.87757229807595
1.90175062361849
1.86325740737433
1.84063363799547
1.81675029608487
1.65628329125403
1.82615621806579
1.76822783547882
1.60834762693998
1.87852325570473
1.86211985368732
1.87818736326531
1.90431996191035
1.54773141295435
1.80676880165557
1.79436524952826
1.70706417832642
1.63311870628959
1.9454604580505
1.80008589451905
1.99660692950857
1.91430527935513
1.51703637173521
1.88681057036085
1.69591113831715
1.60474172451947
1.85412799533758
1.93797290219066
1.59986292859699
1.7646120759974
1.7952684636242
1.86886261485048
1.85912947660973
1.77325968547797
1.85641311731799
1.62055646793197
1.79190182467672
1.5451140480459
1.95942973329387
1.98155920452874
1.99000125085221
1.76976846537614
1.63677049431639
1.96943233771622
1.88357946148402
1.88640979739814
1.84621561737919
1.79047373096801
1.87434268186045
1.56570755556526
1.82510038556182
1.8970277215542
1.87545505828848
1.54528666667883
1.85667376223415
1.7716107185025
1.94104219716059
1.98691214026655
1.6913867779181
1.8202474082257
1.76348444182332
1.87468795783273
1.73203251199305
1.91570819519957
1.84541167410434
1.9371995508788
1.92732340376744
1.6161943576431
1.90316441868924
1.93220651881059
1.62612331990411
1.95985514743478
1.84717072655767
1.9786274836614
1.79151006901381
1.94747087012537
1.7462256346082
1.87933851195115
1.89657970878912
1.98473631771679
1.87125598564253
1.87752871511264
1.57243120472738
1.73650222549727
1.81996566302133
1.78976947619784
1.71137137932144
1.50334230238347
1.679955885586
1.87830542894939
1.7865023859221
1.68459917957039
1.74316044169586
1.76867208493862
1.84292079897263
1.77790480849351
1.86693001456356
1.89967940379005
1.63658094747489
1.77694092681024
1.78245775224359
1.66872150087071
1.52761162372078
1.8260687339696
1.89667406912908
1.59151495210688
1.93382995062987
1.5516207376978
1.74777864453068
1.90250933959461
1.5238385223656
1.8775567383553
1.59662471574835
1.62449122133007
1.53996350486146
1.79237734018449
1.59813149699119
1.75091922597034
1.89560919382614
1.65059090451421
1.75514701489315
1.74816400477756
1.8142779747924
1.59535821791388
1.88072399879708
1.81747776682599
1.90714462342472
1.8005354365407
1.86713384536314
1.70662790540841
1.86594492560543
1.73890162582416
1.54875051791647
1.93412672377988
1.66561981923859
1.9601601364684
1.91439290879883
1.90023481475064
1.72334731109635
1.89569563366623
1.8277641515113
1.81090251790648
1.98881391694394
1.83489275753202
1.47718865631043
1.84119965400239
1.97253328406286
1.79586851867389
1.93372532247052
1.56697307968683
1.83598516343641
1.48342057647024
1.59601295334239
1.84477520053846
1.87726705476524
1.4682950414847
1.97028103777036
1.90528865228657
1.54893803288589
1.77049458289085
1.97609677003111
1.87687083382733
1.84619169026167
1.95273923592283
1.88931833599848
1.76548482373111
1.87319520911044
1.80718480353001
1.81262447982373
1.77416746301914
1.97345573476883
1.67364561090634
1.79104432039148
1.78430200892229
1.88642438398214
1.57686229992535
1.76351639417919
1.67756974104146
1.86828757249271
1.85643074480365
1.55893281419607
1.86290793469039
1.85292381203773
1.94592220135038
1.89408602982698
1.64339908241464
1.8384501978858
1.7011178367177
1.6923351637341
1.85415219638963
1.63278290962793
1.69994010263785
1.89015024323734
1.99562942845707
1.86064629195426
1.99157780706735
1.94751844044273
1.87805470544929
1.91347789491622
1.96054487221609
1.85689137264292
1.93655378953222
1.95766602977404
1.9219790546787
1.79340874486509
1.98857080119036
1.93603880174573
1.7146933430295
1.96669119387475
1.91929822225224
1.88999671620755
1.90780370362361
1.9124567195775
1.8820688526852
1.98962812717314
1.99747496005702
1.99233843628981
1.93162914551063
1.99981474174118
1.77083758913291
1.89228107690063
1.88159585100328
1.93436473856243
1.90130536605156
1.96035708318524
1.90267872380565
1.99976719404644
1.97820711964318
1.99810073997605
1.97314203888661
1.92517330915224
1.8293690869864
1.86053359411983
1.9173419100499
1.96685955558863
1.86416434236469
1.9936794381005
1.90106595004918
1.97497288147037
1.99714224173383
1.98885963568842
1.99998776856416
1.92126326458043
1.91558214614154
1.93884015749224
1.9533123481814
1.97623204176443
1.84101412202988
1.99996573193297
1.99996949815491
1.97962378911056
1.98762326275914
1.8824366035672
1.88655422723597
1.96924482974738
1.84156752409129
1.90843447751517
1.95813313914994
1.75138368212923
1.90342505419474
1.99978740570031
1.80225318037026
1.95302767333918
1.97654025701031
1.92974344012407
1.83968762614516
1.98534198503225
1.838482814468
1.97744316857161
1.92939417133878
1.92033085169053
1.99981098123744
1.94157904579621
1.94277061891958
1.78469936898295
1.93826344057811
1.94190737584034
1.95138981103539
1.99906093994441
1.97266259648409
1.97397644555116
1.99853939913229
1.96026494289505
1.87410173809762
1.94009279149314
1.78758124060529
1.93035336161626
1.93899412440987
1.7408850923429
1.99998475255909
1.91593069451968
1.92435139429813
1.94415444398802
1.78848462509514
1.90209259116272
1.9990088810206
1.91063017545225
1.93731372656414
1.9627996878235
1.92976842696236
1.86583782358061
1.88664344715796
1.83227494187059
1.85527334223819
1.90250085691478
1.99728189147475
1.96278118184028
1.85139035568462
1.80595649039776
1.98532643038767
1.91904667768479
1.6436772772969
1.83501836829677
1.99853832769865
1.99853360017713
1.9874669990123
1.96131836376334
1.91016600078259
1.92006288921496
1.90772145115611
1.97409574855175
1.90921428489787
1.92249898136907
1.80011315274211
1.84042683529902
1.91135893389412
1.96897486434724
1.99549165738612
1.93821616109736
1.93952977081068
1.8364678635764
1.95861305237891
1.84598822788003
1.84330103118189
1.88710343390664
1.95976787744444
1.8248603832135
1.98819170953011
1.94256292372685
1.92985783486946
1.97353474188755
1.98218068665336
1.88355175195738
1.89716632585393
1.84394749845657
1.90328554427036
1.93012197215391
1.90758888360341
1.99958674558494
1.99716423117027
1.98720913823832
1.99831439939309
1.75342635895921
1.86683880462915
1.95200196015545
1.9356602461287
1.87543195118134
1.95314649893987
1.93876156037658
1.88708102124232
1.88264849384531
1.90621536148387
1.96904086144085
1.99625873654301
1.94949429121431
1.80972577497014
1.94004372401547
1.9256543179195
1.82964290731319
1.99870543114114
1.92482459371552
1.8301906481951
1.95681357136688
1.88084037148686
1.93314508368352
1.99996901215141
1.92882924600985
1.93948903091748
1.9989718700158
1.84423616807881
1.91932840530554
1.81403565652918
1.9613871769746
1.9210895600275
1.99999285073823
1.93051642489703
1.91219125739938
1.93104839879998
1.92480118458234
1.81747029137634
1.97318069752639
1.81636989857997
1.93311129706127
1.98420726270484
1.89383619119059
1.96754430787171
1.85584533816465
1.94091349893067
1.98551383803951
1.84842991021694
1.91268088902365
1.87300374574266
1.90278064428916
1.84174612823156
1.96054949509407
1.91299876871034
1.97800329069226
1.97284222736945
1.99967858357244
1.998637594315
1.99996346726223
1.96512750920648
1.99008372007979
1.96678724292405
1.96846575138046
1.96805554075698
1.94741702307748
1.98615899707384
1.91623897368414
1.80663279066169
1.88303490261238
1.8521031802379
1.92564571155964
1.90704007461881
1.98934609933144
1.91640526696447
1.99202123026122
1.86325676049363
1.93272381356959
1.7086530915354
1.90804024815558
1.9771804321558
1.81418040542801
1.9033485687594
1.95278101282016
1.98763675134229
1.92969659397826
1.9585399455566
1.89932589694382
1.88149955785998
1.87099611217143
1.99996715499818
1.95297071268566
