1.73898460493658
1.70941273212201
1.79414622825699
1.73666419181384
1.74577580116507
1.82663169636492
1.75935528329662
1.86284928583383
1.92039895985423
1.78773281262132
1.55700494615936
1.80094299475195
1.77289464949034
1.5788409958238
1.72718139420674
1.62785477133993
1.68155337968704
1.80787216819969
1.67460518245239
1.63761368831792
1.81877600911825
1.83482588725564
1.97618298534267
1.89643096385099
1.77504499150229
1.84352547312288
1.81830238687156
1.62507985425778
1.49844787141131
1.87965088440381
1.81064613914016
1.72793045200876
1.81192100558145
1.64052102847711
1.79099990117138
1.91275189705162
1.8244317365548
1.72453612959082
1.65118296564905
1.75455211471088
1.75578537540324
1.96246842636966
1.76612841160435
1.70724866703502
1.88433404311226
1.60291396102974
1.67423601984404
1.84137090731501
1.69331869438431
1.74225785165195
1.84134489086042
1.90475141254579
1.83183175247335
1.6131497621455
1.87513934208723
1.86345161387474
1.90591596874778
1.79696938841002
1.63706406595059
1.46882878607899
1.97099274270302
1.66665033137673
1.71153084954535
1.88914371437425
1.78578944715845
1.78429654212963
1.7492536457621
1.73735390753518
1.68244851199985
1.88212021485987
1.80312000075503
1.65165272065688
1.62639135549187
1.74334494396903
1.76245879214497
1.76525764173065
1.57928463414153
1.72051618339731
1.74366166039515
1.84708138285841
1.66439211075193
1.90813425117962
1.88657296301473
1.70765549362624
1.99511111364131
1.84697244748401
1.65643934368044
1.72917002724098
1.64415618390402
1.68172485492219
1.82150596853266
1.89002563517688
1.70194065174404
1.71280088223341
1.67767141433007
1.85076822152682
1.67008648007422
1.85103798128592
1.58071263641805
1.4441536808783
1.63826855665524
1.72681388486854
1.84406027953947
1.60189331325462
1.79022994648946
1.81591565708783
1.92358085728092
1.73907105199561
1.86947811219407
1.81909533004707
1.64106564182326
1.68277109031269
1.58191189866189
1.80206773535289
1.83344671953469
1.60107799814555
1.72874471272724
1.55915993816913
1.58021700890524
1.88418857380243
1.82105896870363
1.65699202036879
1.70123305389328
1.79543126373962
1.70933390211104
1.73138472021192
1.90707288783264
1.83359973210997
1.92722842085758
1.60363843926119
1.80489442195821
1.74495580151835
1.76160127649506
1.58482361651972
1.57745085478698
1.53877274696988
1.91563096123506
1.81473752258144
1.633210764937
1.88973489632306
1.83311331210071
1.63710849128948
1.8148644490985
1.81534437232859
1.87753302223805
1.84345160724598
1.84249818727865
1.90749036932524
1.8151152424969
1.75419719590568
1.7911086998468
1.8414501011741
1.6185956725226
1.82530566826921
1.63204274429604
1.60798117254226
1.93894789826885
1.86313476845731
1.87109180973694
1.90943501645157
1.94169657711558
1.82629798016664
1.8588783503798
1.91126320579528
1.80929589193676
1.79628359743208
1.7727960132973
1.82816614450449
1.8411794825359
1.93313816081676
1.85232057526746
1.7891118377451
1.84599877294762
1.81501606989342
1.81398169252377
1.41623441071172
1.62422057290002
1.85985780382053
1.93399552165341
1.68415476749556
1.87023949282161
1.8926188970509
1.73443685611142
1.83610024972333
1.53233881127388
1.75526435629181
1.91547668670858
1.71210047600624
1.60454567246713
1.79421862733192
1.8605140366166
1.9568944650565
1.75103967450125
1.8645787049731
1.43110928805473
1.63150253603916
1.81139376895809
1.97262082931236
1.74804299957824
1.87639075693504
1.82256175799863
1.77284272024894
1.89571307029844
1.6925047920034
1.87671612375771
1.8366889295099
1.79263432285499
1.71859342215979
1.71414799758741
1.60156203602466
1.79436495406907
1.7817040193477
1.84759450368434
1.64130015209053
1.75217569000574
1.83283194779007
1.55038122808278
1.7097824006635
1.66128261399373
1.62686850219031
1.75206364284616
1.71291879350164
1.88991633912858
1.84753529674955
1.76558038839225
1.61793300714406
1.651703175845
1.88483664575568
1.75187502618566
1.77954389060364
1.86511984347065
1.58252974292248
1.7953584341605
1.63008156745648
1.66967968473962
1.82702182847865
1.83984526918658
1.83956569908774
1.83588218819954
1.82902129585611
1.86803080709767
1.81275947049342
1.74250901559019
1.52716266284034
1.94767350466753
1.81256431841105
1.77983642780772
1.87507675186191
1.77670059248682
1.80396435785874
1.61736987139596
1.8311422771917
1.73113129364031
1.7183053044813
1.71561580571639
1.68114021999458
1.656955236544
1.74260669042312
1.48935816289014
1.95604368762557
1.74038183789148
1.86945986614445
1.49358092631777
1.95170240146856
1.87334355147321
1.79091066767724
1.86364344595446
1.36168698313954
1.63312190797097
1.70545572204791
1.63688768294363
1.88731789174417
1.84545095738642
1.80906852951229
1.6858985550625
1.78635720587662
1.81842543279349
1.8602450949141
1.71528390235194
1.76482441582221
1.87368415006517
1.86444629854387
1.76177023745196
1.75166024761043
1.70234541405051
1.75267346249503
1.85868907633195
1.86312854404771
1.70149240807217
1.78309778812453
1.59385348883546
1.61760698555437
1.81918162582864
1.59222442115096
1.83675930642829
1.88778557677339
1.83646021243345
1.91087047082857
1.87252689702455
1.89728508524288
1.85875430164548
1.72492525083031
1.83866568017755
1.79084950253431
1.59947843897699
1.73663370878159
1.70491964217747
1.79610827764493
1.91915864491341
1.85724988542693
1.60512377539836
1.62119703058255
1.74410575614749
1.91771131523422
1.77309082202356
1.75346019531406
1.77507196028619
1.7065331758497
1.68899967344581
1.66653183245981
1.59601453424105
1.61998325747026
1.9606767941679
1.82197555266147
1.74835600770625
1.51047981988215
1.82088639049832
1.64276309076859
1.94469926775658
1.91645874347152
1.97566877627043
1.85532465679637
1.64543724226932
1.85258614684506
1.50692883607143
1.67108974667185
2
1.8835187312069
1.81087393524197
1.54500609785906
1.6518117221032
1.69581413665107
1.5053505043839
1.92940133725118
1.83050878951612
1.77684330417168
1.91645546815176
1.69634993481008
1.71459577138072
1.96006411095098
1.81404866904629
1.74373529681626
1.79402544729128
1.72386699030584
1.79519174589459
1.84115764741741
1.64649014804144
1.82347042526206
1.66955217896059
1.74223922681979
1.65103452431514
1.73948425624733
1.7033698265231
1.6012929371658
1.80718755282246
1.65367165696172
1.73837724020577
1.69660377611214
1.66752690082282
1.71123925220827
1.76347862148308
1.8916379885833
1.7790403274057
1.87592843144748
1.61414876219345
1.63213276826608
1.90023569282289
1.70624713463526
1.89496863259426
1.79828517609992
1.7143661297602
1.80901684726166
1.81885411492217
1.7972988734721
1.67818331332408
1.58939026398946
1.80658837439579
1.83786695805905
1.74008222878081
1.86991029516122
1.7624713214842
1.51880892070248
1.84703458865011
1.73032631408554
1.68843733667909
1.88149100186689
1.65741243506309
1.70029248449531
1.56544867787893
1.51531602539001
1.66816578143682
1.77464975510288
1.79852762803171
1.6021035888745
1.54148993338059
1.79810651330131
1.76811751902032
1.86377173878248
1.71278594296877
1.8316590777113
1.5970280456064
1.82241101019312
1.92955958362053
1.69250635286066
1.65298230972356
1.86773858396587
1.74017159734871
1.5612110582058
1.84574887231053
1.77930601552974
1.84661565580192
1.54031990407726
1.89631294441443
1.67543661922635
1.73448902231309
1.59506631932045
1.82852412778854
1.79327084996234
1.8615371829298
1.82118857528543
1.84164165734342
1.64902701496102
1.71079977446794
1.70152047698281
1.76387178179447
1.88754784308797
1.90638836453843
1.75352022596295
1.92687018228672
1.39166828636012
1.8138266061663
1.75760561970462
1.60370880283422
1.88591157841997
1.54419925300427
1.8195012093064
1.85627734138998
1.86539584646019
1.75327454750728
1.72535139513999
1.81085188609642
1.83331426517482
1.70351721200592
1.8396227456495
1.86639476715008
1.59934126438381
1.67538968260997
1.77244502031109
1.65627070089444
1.76011565570222
1.98953952811648
1.81507885286371
1.67273080059863
1.78919296055376
1.926598264424
1.76280663023957
1.67859823778642
1.57756553753456
1.80781096674265
1.73464106810647
1.54972838641302
1.89020633423822
1.87038018328282
1.83782150367612
1.79377379808865
1.95630577285429
1.76573004534806
1.77321028029953
1.79955851911944
1.53984424386248
1.30136869047349
1.85815103697532
1.84330507539942
1.82593177096815
1.70800419069706
1.78630267214013
1.78113469099806
1.86717846870076
1.64432967748597
1.84384465812108
1.70600774818399
1.71154157180587
1.84530994279351
1.88929930178102
1.6107521931425
1.60806327801737
1.90748541541147
1.62639135549187
1.5982479999129
1.71293582635286
1.58631020662783
1.8258431218172
1.46613688865265
1.32021809180854
1.93048673690528
1.95717677188813
1.88420343827389
1.85516801430939
1.48274297481819
1.74858750765023
1.69469897471444
1.84224152603897
1.79187980423231
1.77852383013612
1.73077571089802
1.73315726885385
1.85904462306104
1.93132155625167
1.70165822724841
1.75454815681797
1.67231499497631
1.84313096526393
1.84403677039425
1.85349203480891
1.83193505683316
1.68128625326803
1.59354388987952
1.80885829519828
1.77028956921587
1.70941793021052
1.61845717758952
1.70774182208016
1.87059686313505
1.69477730697499
1.86144603999426
1.60238240794115
1.93615497613611
1.67062857816772
1.65785946075763
1.9042681195667
1.90949056248382
1.63261282257194
1.99410656602351
1.89292358176189
1.87413221672693
1.86341143870514
1.75189463022689
1.53533038619732
1.7127086975007
1.7758944541729
1.74437890361001
1.75810057577679
1.88784681922305
1.71389562603749
1.7856483144975
1.79347245823395
1.5855592133306
1.76062004179748
1.80830792388443
1.65646436638363
1.63138924997894
1.85196287887496
1.88184287947939
1.6753549632321
1.72583688736201
1.77514276087517
1.81363027906313
1.90303386951142
1.82265056160883
1.66178558763423
1.78981956170121
1.83971243318092
1.62963965227624
1.85168605619349
1.78374157584989
1.54711027055876
1.76742435170872
1.82358018278049
1.61674599905443
1.13561566669705
1.92572246656923
1.78676630629748
1.55888606136733
1.7294734001173
1.86224860377583
1.65472256722978
1.7315820951391
1.73599110631526
1.7009844373661
1.81476377416172
1.66161963094209
1.30916071991014
1.70476050079615
1.88962444534577
1.91120839447759
1.8179758304787
1.77260438783657
1.79677931911353
1.86936507314037
1.7706995903971
1.83016865764242
1.34350952362564
1.88767902303124
1.79686678872662
1.74237954704021
1.70239760655876
1.65905958903493
1.74334994729413
1.85872815334582
1.77753274328198
1.84892502310876
1.81462629835942
1.74866530700929
1.83382311563644
1.93210641573583
1.68620464860156
1.75035232609005
1.62086043868455
1.52650690924697
1.7243247037105
1.74984911837599
1.73828113980587
1.67632163369975
1.66205420249265
1.56356337975682
1.69341257102705
1.75062738882176
1.74129780302688
1.9029475781674
1.74109556740881
1.54086019049304
1.6131311728993
1.80243846544871
1.64299463151259
1.73760869673474
1.72454681599463
1.5160374991702
1.76503540432351
1.60002573207025
1.77506442038223
1.51427779624982
1.75044499620849
1.68797046367799
1.91827997356608
1.76460844601966
1.78071618811224
1.52526057483251
1.8349514852864
1.78132721536125
1.79764700110944
1.45941025002219
1.73756839623787
1.63013609508594
1.80681152376035
1.84975728038601
1.49259393664419
1.60263155675516
1.59964458422986
1.61511834737793
1.6443965918486
1.78269411358171
1.86025547877867
1.89277281518278
1.84971928981553
1.6793164456659
1.94844368248403
1.779348564582
1.5577352532278
1.92447422220149
1.76014858456238
1.61852142532822
1.95460262395185
1.64030915078192
1.85101889450123
1.52926077297008
1.75800471901283
1.50397749532338
1.43664734859908
1.7103000768146
1.93777403411766
1.84089178238791
1.63854241015353
1.67472871377052
1.84081969079908
1.81455532110197
1.72686134054555
1.78435442290996
1.65714641243597
1.85576171543147
1.89425154430023
1.71049304588106
1.90733596706196
1.73586233782391
1.78971567846592
1.75802555682833
1.84342705865699
1.57142969594039
1.44735693889022
1.82115221828519
1.67109897218874
1.6675958116305
1.90854405919487
1.71209091954751
1.84507724578104
1.77072745199301
1.74862961350735
1.60908557988803
1.8349079526824
1.65813737011103
1.55061494619385
1.88748198236827
1.72236649288134
1.69024893818674
1.79025218797903
1.73968638390348
1.8756542196269
1.8211279853534
1.76149896043915
1.87625876755476
1.62287752704961
1.92535330312698
1.7580876072138
1.87588509331549
1.79730377266727
1.80466434646988
1.59221526678845
1.87659715536518
1.92549252637801
1.58256500388992
1.77016175299348
1.83426118800478
1.73953958566388
1.65646785533652
1.68673294423108
1.71837306949709
1.61079121810349
1.79786529762552
1.75749779057203
1.62245226286385
1.7509204652753
1.79594962934969
1.85063540108035
1.82871555931865
1.68417779248348
1.9243839035333
1.7240172962339
1.56437962435803
1.61041215213211
1.67852509911061
1.81278414753424
