1.97467744018092
1.89921276227517
1.96272301049282
1.99520362868639
1.93942385984752
1.9923209350681
1.94319708076446
1.96166370283597
1.9627068601432
1.77591798553772
1.97260293709193
1.81720844040764
1.11618258775238
1.82217227649682
1.86141338232236
1.99446354948728
1.99954374206158
1.89882037974107
1.95774498738176
1.86096240262328
1.95756954081277
1.60700507067996
1.90144375343942
1.69741046636794
1.76035585542472
1.95202292776312
1.40759970225348
1.88191082587797
1.98543795770581
1.98849116276157
1.87711091252482
1.90583266726373
1.9995024910904
1.95195460495516
1.84870693960213
1.99999309931686
1.99999309931686
1.89388308837933
1.99995411685896
1.7671483227516
1.99432599795159
1.996556549674
1.92979838778383
1.93505365752746
1.98845694290989
1.99744267290298
1.95972843846622
1.9996662733383
1.99243072339429
1.99243072339429
1.78456920360739
1.41394921439099
1.84042443374577
1.95217861593601
1.88019089068935
1.99893468102729
1.9425815579809
1.9282237389036
1.99999243360237
1.86533863641326
1.86885842096311
1.89491612833237
1.5968777180977
1.87063591215312
1.82798733161812
1.99996898878687
1.66158092179015
1.99783265223999
1.75691942413119
1.74501059058071
1.74589695917722
1.80730389237532
1.91993080496413
1.92157281630082
1.81852481961611
1.75002393541882
1.87972532022144
1.88749722628573
1.99932687596461
1.86849128111777
1.91968188699787
1.74359103213716
1.74359103213716
1.82871381480194
1.99783379565108
1.99848988393251
1.96777977318705
1.58539635027809
1.43696227072376
1.90371052121927
1.88912765353871
1.82222280379511
1.80225471691145
1.85384631786973
1.85384631786973
1.64137599926144
1.64137599926144
1.64137599926144
1.66804033284203
1.85113411842849
1.99997020607097
1.996056075403
1.85153459302284
1.3159301829426
1.4081961041257
1.9148170714706
1.85111214697424
1.72573038377887
1.56729231405194
1.86487915886337
1.61789596577162
1.85674369729578
1.81332235108075
1.91005546593086
1.93829849154726
1.90290061813663
1.99882386607747
1.94516840898522
1.67896840730137
1.92828792895111
1.9440111364842
1.96309924429947
1.76263615745908
1.89716929278969
1.83497298163119
1.93555443734188
1.49473769533735
1.75625362177832
1.83506335690816
1.88276400033134
1.58172496136426
1.94472747487683
1.91526405907628
1.90830100741774
1.91526405907628
1.3439429152778
1.50055980946532
1.43360998718952
1.30999311133979
1.62093799963985
1.41061676403518
1.85870676842293
1.72105728323443
1.85847345793845
1.85794310779867
1.98382714911806
1.81399516869352
1.87206892735171
1.77792135776897
1.99770999380449
1.32326752940734
1.76088354832507
1.8072976938753
1.80178315168867
1.86718823558359
1.90978637243613
1.86910551743867
1.95178160279188
1.78812646941745
1.76263767598433
1.88534864358764
1.94173848116255
1.84632047113537
1.97885808305084
1.37756013923509
1.92236380848382
1.99865165752844
1.98574405035741
1.84233200689081
1.78044928781389
1.96162201874211
1.81535193010226
1.70195286687254
1.26596385612759
1.93902517693752
1.24838251016232
1.81405932870773
1.15051334525968
1.26984998638033
1.6897355756491
1.6897355756491
1.40456691015971
1.31475313739195
1.89439973911183
1.57581157489982
1.86604301845599
1.8735487411896
1.76219843991075
1.55403818501437
1.79909116822371
1.87223743496267
1.37080195267091
1.97724998767907
1.39053184932375
1.87986121892855
1.74227253985978
1.99411626588242
1.83820403744057
1.85890620296022
1.89740038939831
1.48563417963191
1.59908639346912
1.95956171197567
1.91022635418172
1.90277989172162
1.25688759450712
1.99668784144628
1.89698245214846
1.1924575427344
1.68439750692545
1.87398574990038
1.95588373101617
1.82505510769454
1.87539415321875
1.62643608324358
1.71960645250409
1.70462362592859
1.99614595346476
1.99842470120014
1.99699944839705
1.86660941847865
1.94107393912729
1.47026053074893
1.63218633423214
1.90488361187741
1.76585877631781
1.91834162421474
1.79986556296783
1.6217538973959
1.53616753179547
1.25627991624486
1.41232556008692
1.92105297149279
1.90441580302421
1.99980960179846
1.65804408665497
1.58725818555603
1.88973091364064
1.27342130016025
1.74235933983345
1.84759153860889
1.91281013452078
1.764933070987
1.70320175718972
1.34374004676868
1.28556429755582
1.4842538735935
1.52283814938963
1.17309764015264
1.23023330984903
1.60617737314398
1.41415275462906
1.89122265644379
1.86728309919121
1.67249070301849
1.67287085688352
1.95161463087247
1.76749224360742
1.34582223780967
1.25414931564198
1.7914787706016
1.81510898537974
1.83346760722667
1.60460040589223
1.24189814169224
1.14529562095619
1.82257400762806
1.74472328809255
1.95488012499857
1.83422348773369
1.59183403354845
1.87508399617709
1.69438089955603
1.95906320505481
1.81757314501433
1.42552107801489
1.95792498030964
1.25783453478581
1.89370079248906
1.83391835684119
1.28210200930291
1.32951907662229
1.82386245004725
1.39330356327218
1.59165453492276
1.80909669068618
1.7938569569702
1.84372473249189
1.97819489344985
1.67345173200783
1.80071646497989
1.81994462730619
1.83454195507302
1.93521253262411
1.24641470614736
1.26276575497861
1.18738829558527
1.89660716482548
1.81211131296637
1.35461418563279
1.39994545836452
1.55951456917558
1.37185287766393
1.74335470794876
1.59459000615312
1.87286237823138
1.73884440683919
1.16688916124193
1.33174994843502
1.3157884290715
1.22871562394914
1.87291132135281
1.80412503221466
1.35574544311365
1.23072285819376
1.8562593295848
1.2912649216855
1.72907500019124
1.72472073278416
1.70783608141512
1.96796872278516
1.82752247533926
1.44364266914898
1.63429253849219
1.2925384023042
1.21526500744554
1.79691044935848
1.83656063742628
1.29663715740267
1.38609430273515
1.47871543905712
1.33325624464984
1.81676708075563
1.82981808850568
1.13308211699074
1.27733488364842
1.25875812035423
1.34748492176876
1.50211225152164
1.81737603381866
1.28948452375837
1.11855558284453
1.21185534368533
1.81762119423277
1.24195598324714
1.21661906262341
1.39370967433993
1.80051594400032
1.77979266668045
1.38773381029486
1.24710890660126
0.951853715842818
1.3850282375439
1.9146867069684
1.5351657208744
1.80804282567234
1.34942450180943
1.97651953841923
1.52541836170848
1.63340387544759
1.49461918214842
1.10752099480809
1.15066239114363
1.71933833137897
1.75635093502654
1.94304188339665
1.59526381641411
1.88870729919086
1.78452546000719
1.99585797308033
1.99791216094327
1.96226236765882
1.6728680828889
1.23170431985281
1.40260399236063
1.82833643621077
1.51838866595396
1.76463309349627
1.20698818952831
1.80409171220642
1.82315676449619
1.68040933680616
1.65394428284834
1.28312348538669
1.66808179837827
1.62257201948353
1.35702395226555
1.33947132077272
1.78840661014154
1.88933976204611
1.15691236735499
1.11819993683825
1.93412730857214
1.47785968512466
1.59676255246158
1.59509962113628
1.27018803455521
1.83698650533974
1.6975653189045
1.60733202850188
1.69225409156811
1.73389306287882
1.81314105034216
1.77252601756963
1.69998861870471
1.63749305422593
1.74977909169742
1.21256530728383
1.17255944815326
1.16001685530153
1.42640910498684
1.25221939312266
1.27928720725339
1.2859511797375
1.81890462074648
1.30337343832346
1.39215802459789
1.76630790167698
1.08240596009429
1.83873273521893
1.89836419584733
1.75449968921761
1.13067966327412
1.18573712000801
1.37094227032234
1.2702088392415
1.65168967051038
1.59504014607847
1.9161781779748
1.71907541610177
1.97937058363424
1.45330914486567
1.85538628821396
1.83899199393482
1.14497316470852
1.73659770760049
1.67114857252163
1.72730203042906
1.75615987405228
1.08186270637769
1.13707562028994
1.98247961472719
1.77407574697887
1.29530645139779
1.75565141242823
1.62923373042154
1.90623789559236
1.90397396788093
1.70844187157099
1.60888368170929
1.68119645634655
1.7560447611489
1.98617718333021
1.67679317112034
1.54897278629777
1.35057834564726
1.59155715230128
1.71310423649329
1.64930985848872
1.21969857499851
1.16799028950734
1.0820639486537
1.59331693547715
1.68937061007837
1.52917129290125
1.72946297488161
1.83985996755391
1.73164777142301
1.16797466419446
1.15927347697905
1.20561966903912
1.6846282443811
1.8333121154439
1.033962383924
1.16906070127848
1.19776560779365
1.88997489478698
1.27798636974908
1.54116543346366
1.72140206350284
1.79301346587083
1.62600397976951
1.63665642528136
1.09576708316547
1.07235885359109
1.66994761915967
1.60056203430196
1.12423676973016
1.99802782949073
1.85468128181713
1.44670382477362
1.80043377575936
1.55521465804329
1.50499207780152
1.14235731679601
1.1644383639055
1.1777696886852
1.22870301699556
1.13183421689344
1.25362619702864
1.25658575344911
1.29470801847591
1.37308936652807
1.66035881863591
1.71214949007486
1.7315285582563
1.64189616300079
1.79852583396748
1.41190429756796
1.65444861717686
1.9202862733138
1.34867132899206
1.40681240232049
1.07055228439356
1.86683906146276
1.2784093752367
1.06998544301869
1.31627963195612
1.67675059430634
1.91500060751691
1.84270646091832
1.19091404694846
1.61518819855437
1.58665011845334
1.57436689579623
1.05239398201427
1.20132514025653
1.24182506105543
1.35995038478241
1.03927433101331
1.72691223114596
1.67965489825316
1.74632742180149
1.51334706876971
1.20763229650425
1.29573194100552
1.11743668105432
1.18443829343436
1.24551900358928
1.46454266404868
1.39475517243991
1.86411223192733
1.68594848910258
1.3474742055431
1.48157467308437
1.25881079476036
1.01074543590624
1.18340237805675
1.70422817598835
1.78046325651246
1.6114298761091
1.136591691773
1.32955784936938
1.95474461745252
1.93520183923173
1.3973988078013
1.38961531393283
1.79214829232031
1.19594285208268
1.17858074208494
1.06476466824722
1.75808300503381
1.37367348378572
1.58992978118206
1.06729680963757
1.51973792171095
1.8742751302092
1.1785693850222
1.16839730525213
1.73933701348311
1.88701022667118
1.76614428274519
1.68031869051057
1.71470697707056
1.33830542768783
1.1327403677924
1.66820100068637
1.73472675334526
1.80689012996273
1.70645761789313
1.77323665601221
1.69180852568915
1.67120492599396
1.50320190738669
1.70905063957333
1.25079239575584
1.39168873554086
1.26181418641857
1.36539677508049
1.67039139741916
1.72802999089543
1.14235358913253
1.82359111182825
1.90719072244773
1.73321546099752
1.50000793364494
1.10185969656891
1.16506728986904
1.49656619320091
1.64557867750558
1.54727765295175
1.67562643424127
1.74495534204223
1.86159633234691
1.23811027905929
1.29927443719836
1.55226869592008
1.42801949185046
1.76028866908485
1.61119975652309
1.68457734504524
1.57762117916421
1.19353596110777
0.924756628985682
1.14019804070822
1.68607950228945
1.9350491917737
1.65992990243609
1.55667667882482
1.60149759643975
1.42601075400861
1.65368442479546
1.52485379459635
1.74749326480386
1.80096765864547
1.5479859411095
0.988254229351581
1.1036285670284
1.46530487719785
1.37152345616075
1.69752152526546
1.59822779869393
1.51299131921105
1.66882240901918
1.13134294836102
1.30336102890692
1.0009980900438
1.72659527107745
1.00100423861758
1.15785909698966
1.28537151661346
1.72571806411072
1.72793668801834
1.37846774437758
1.07789487128205
1.48375988576227
1.11490528556731
1.31838967314635
1.50615353066522
1.44746604563802
1.64387421148907
1.018566755707
1.27833487066724
1.21767576893956
1.79790296271063
1.21462283677828
1.60667638565021
1.12149447941807
1.68158420825089
1.2083729031903
1.35072275217864
1.27417926655347
1.54007130280925
1.29297513698096
1.68026594921302
1.51546597568725
1.68487400582652
1.74505889260172
1.74766489852746
1.33483836168714
1.89739621868017
1.35659182273343
1.17506108845625
1.62374351632963
1.7200816565531
1.5619251134079
1.52844945008248
1.68901919823243
1.74816285535019
1.81434850275611
1.06460095177986
1.02572020641218
1.07925104533231
1.75556005184189
1.17235263373777
1.24853661333674
1.1258547551748
1.69630840891066
1.19713337637447
1.41299937703255
1.72085495583382
1.57624289884763
1.61994269613567
1.13845688249355
1.2106073574658
1.40459439224306
1.40557591372313
1.56961142815087
1.67286276687431
1.47373294846441
1.08973045464294
1.45351564500138
0.939757585317525
1.09193701816477
1.23111912456469
1.04879726279194
1.10018533921741
1.18797146028627
1.49748942536675
1.7206855409669
1.61779268011015
1.54114327783354
1.18910853494101
1.58526237520379
1.85293589018514
1.55162738723431
1.26913052511047
1.7901110418924
1.66823663212797
1.53007372573947
1.37932269037939
1.2955319402064
1.78503680971319
1.53011281354908
1.08002204253056
1.30014731779725
1.00970356224541
1.77532521488995
1.45864300477024
1.14679773730226
1.25657096585842
1.04945052799464
1.46068691000589
1.30651637644383
1.24917030030959
1.81589019041212
1.67394142379717
1.70217199792112
1.63758835714399
1.19875652803918
1.09733265158596
1.38547336512843
1.14475681701094
1.12833949127473
1.0572555814556
1.08636666671236
1.30034637247912
0.980153655529796
1.01147192416216
0.945383390468409
