3.4158146420
1.2774643632
1.6143176194
0.5330931272
0.4927129212
1.0465652320
3.4370096803
0.6362420695
0.6230868364
1.2251417004
0.7704688412
0.7643396907
2.1429969535
1.5397397840
1.4652105087
4.7566261694
0.5471187631
1.8648050324
0.3572578173
0.8310399918
0.2027288024
4.7695185223
0.6251412655
4.5564372825
2.0720956436
0.1834838724
2.3896158724
1.5315319185
1.8708100888
0.1920544340
0.4351167820
1.0236570623
3.7528312556
0.9744892603
0.4728105805
3.2149685511
0.9418559527
0.2934091978
4.6989657086
1.1322269723
4.4818269071
0.9401983066
4.7021128190
3.1396285332
0.1063950692
1.4241935972
3.7265713066
0.5962503246
0.9179814506
4.5779855954
1.3624830877
4.9176035881
0.3024088129
4.8292963213
3.3732455912
1.5347444349
2.1061820716
1.6822177041
1.3255244059
4.7676954526
3.2823025897
1.5557150665
3.2058286713
0.2790290772
1.8195446523
4.9719849146
4.3075506655
2.8579248196
4.0525664162
1.1763866707
0.3856316937
4.8175327323
1.2898615705
1.4372519989
2.7004708788
4.2348751872
4.8677958876
4.4290458190
0.9218183645
0.7917434349
4.1568538580
2.4853677769
3.5162913238
2.7091648283
2.0164087421
3.9365246751
0.7935465779
4.5322263413
1.6631137049
0.8653809565
0.0963891505
2.5946604070
0.7223062858
0.1485386041
1.0651682503
1.3550754463
4.3491623578
1.6493675779
1.6283125761
2.3836160772
2.1048930117
1.5248859657
3.5260120177
2.2268621961
1.7618375254
0.2579831971
3.1857143577
1.2807422164
4.2892818027
3.7661227683
1.5747500160
1.9500890521
3.9792634621
2.6317107555
1.9611267952
4.0162782561
2.4391761749
2.5901557882
0.0380765281
2.2213513755
3.0769459690
1.1697828956
1.5966380780
1.5114643847
4.6968350789
3.1518305691
2.3644028438
3.2708563138
4.0120736090
4.9855152956
1.0341313536
4.7793772104
2.7576898383
1.7074735306
4.1654992404
3.3046426846
2.7868954988
4.3597954065
2.1045994566
1.9099147849
2.0815968694
1.5374802274
3.3924915541
0.6397911613
0.1670851002
2.0137287897
1.1551497999
3.1097867012
2.5483738852
0.4574246121
4.5273463766
4.2481093818
1.6772884984
2.9669530652
4.3726654938
1.5466852889
0.7021813533
1.4717969675
2.0469554716
4.4052219106
4.0735947154
0.2998872918
4.1046903188
3.1813842483
4.5974750365
1.2543609873
2.0741565702
1.2796902991
0.0014546697
1.0961924148
4.4009567420
1.8623313698
1.6586695089
3.1752532960
0.5685042647
0.5907338003
1.0876144565
0.2059762278
3.2030777285
1.7043723048
3.8963166033
2.5373315118
1.6293312857
1.9133166077
0.2859176850
4.2407841090
1.0952746635
2.1765626613
3.2845168060
1.5329097683
0.4846170066
1.8158127986
1.8993706701
4.3881746041
2.2956152608
2.3835960133
3.0974456808
0.1869034228
2.5214065848
0.7781554781
2.3346533426
4.2166867400
2.6150868979
4.7411957240
3.5272914638
2.2135374942
2.2770007097
4.7573219286
1.3102977987
2.6312637678
1.4409323787
4.6178887953
1.9615640337
1.2811561815
4.6548624911
4.3422018845
1.9360454770
2.5347058433
0.4110266900
1.5439002694
4.8846495263
3.6533036312
4.7551645829
1.6713413645
3.8084330116
2.5524819681
0.3376748770
4.2724770211
4.4866489226
2.5541289300
2.6171262018
2.6747498040
1.0264458720
2.3862393271
0.1120627279
1.3197700895
3.7119530029
2.8923011162
4.8587662603
4.7449035464
1.8211179639
1.9756059670
1.7746935199
0.6064750133
3.6606701226
2.1700028107
1.6694253976
2.6422740599
3.3142444282
0.6683905786
4.6724956406
1.4777499450
1.9679373264
4.5022038858
4.8613862544
3.2971545645
3.7739139349
0.0260409526
3.6398874623
4.6875016311
0.0293093823
4.6762993991
0.7191478997
3.1822540599
0.6183558353
2.7242304955
1.4389374070
0.8989496597
0.7148343766
3.0933288341
0.1983868801
0.0994730640
0.3346365952
0.2477000017
4.2728587073
0.8754496874
1.5200885754
0.2493765003
3.6213639249
4.5494706789
1.4250289962
3.7239896928
1.0474299237
0.8138766718
0.9393573211
1.1393857598
2.3915119028
4.3340779179
3.4714166528
0.2924543441
2.1965338485
4.2074394472
3.2143127924
0.5955025582
1.4071671882
4.6793075358
4.4168854574
1.8629621365
2.3108589838
2.2156182930
3.5109535218
0.1081965508
2.7928831582
4.9606559208
4.2036926279
3.9829356772
2.5129093468
2.7659874591
2.0082346247
0.1207909284
4.2864911030
2.0625879157
0.9780930915
4.8019014523
3.5068199157
4.5160049234
1.3437317582
4.1366648575
4.1210503955
4.5105407514
1.1750420071
2.7994717815
3.4980765939
0.3624219677
2.3548458897
2.2332752645
3.5230563290
0.7764785857
1.9295812844
2.0256911603
1.7260911320
1.4017854749
3.0784700171
1.7382775041
3.0117505926
4.5779744546
3.4267570259
0.0919366872
3.1816830092
1.1175761587
0.5277030472
1.8904072667
4.5291059181
4.5659917557
4.9982038764
2.0460700853
3.1918718384
1.0978462508
3.8511100983
2.2814188885
3.0560329944
0.5279826935
2.0010713304
2.5672966409
1.9459854230
3.7717904859
1.0981925578
1.7552580454
3.7775843070
3.1206164338
0.7737561071
4.6241941933
3.7099401530
4.4945045318
4.9641452875
0.2267796200
4.0484061234
4.1903950205
1.2529437681
4.8536331239
3.4296519945
4.8062553302
0.5676424317
0.5747043461
3.3794164085
4.9406104263
1.1577518138
4.4388161035
4.6598878855
0.8459081209
0.5273073449
1.3621406460
4.4176630136
4.5595414183
1.9993055569
4.1914241706
2.2714689151
0.7077252405
4.3456862201
3.6428808894
3.4235430500
2.4374842317
0.5578671349
3.8758635257
1.1875882270
1.9965720931
0.3839590602
1.5228141161
0.0630409159
2.7691563601
4.8846770844
3.5528652379
3.4791081467
0.9586360071
4.5162856968
1.4631800730
3.4273690098
1.1632080796
1.3319569658
3.8651978745
0.5090525996
2.3430840040
4.8895986247
4.5360222353
4.0683717278
3.8620216396
3.5920605841
2.7400108756
4.4581124449
4.5846558162
2.0828184822
3.9720802873
0.4952799006
1.3126733643
1.2355504199
2.9403343082
4.4858329159
2.9880088043
3.3588820690
2.3774953551
3.0168793938
4.1238792206
3.7780149425
3.2625184473
1.9862539181
4.3417017376
3.6336368580
3.9380840950
3.0328841513
0.8939397230
1.8767315428
0.9469044441
1.8821254995
4.7930247118
4.2475700175
1.7785705527
1.8792805305
4.0011453556
4.8608188838
4.0457751524
2.6684223710
3.8744527935
3.6195040241
4.3990475229
0.1146363359
1.2107990074
3.4323115307
0.0756429996
1.9637329146
1.2883212902
1.3858050095
2.7720719488
0.6978445225
2.8719572244
3.0406287840
1.2701895983
1.6571996836
4.4283908599
4.6843140458
1.2511817174
2.8524981009
1.5521874016
2.1291987024
2.1456796086
2.3490399568
3.6452909852
1.8291256363
0.9152540136
2.5390693422
3.1900833424
0.1805373638
1.8924291739
0.6742764757
3.9474006497
4.7405017434
3.3530082141
0.3632929388
1.2329769332
3.2448724759
2.3139170642
0.2721600532
1.1695453675
2.1436237447
1.1780891110
3.4376293421
2.7712289876
4.4274395105
1.6493844741
2.6178673056
2.6389600280
0.7305487728
3.7575490688
4.1824110614
3.3806776296
3.6308675979
0.6362772369
2.6684083230
2.0212873324
1.1916509574
2.7351805311
1.3042512688
0.2412678983
4.7016114789
4.5956420242
1.2912806548
0.3389519091
0.2659921475
1.9360331041
1.2215206184
1.1125815681
4.0131748781
4.1565959187
1.7422575487
0.1200705077
3.7344807593
0.1495822611
2.0201747509
4.9159314894
2.4339097204
2.4752465556
1.0377999477
2.2581289864
3.5853414519
3.1063995173
1.6179415159
2.9978800717
2.5734646772
3.4489478429
3.9279333065
0.4409771166
0.4183324004
2.6868067445
2.1908535091
3.6314868384
0.1794955923
3.4785340829
2.3170318564
0.9422625431
4.5223109962
2.0298801026
4.0733380809
0.9492852983
2.5650393980
3.7891831298
1.4028045075
1.1592455501
0.9601628654
4.7473018782
4.2815535385
3.2959346913
2.9869921947
1.1848170304
0.5078781401
3.5280065961
0.4257731630
4.8889413364
2.5293868240
4.9386874752
2.9674212319
2.3814564079
1.5637255992
2.3503788939
3.5996331586
1.6556784983
1.1075045140
4.1802587379
4.6519795872
0.7417026606
1.4732872708
4.6265086211
2.2228391944
4.1098675760
4.2780755501
0.1813790274
2.4334814077
4.3155298612
1.1264866767
2.2027656646
0.1336551572
1.2949696039
2.9012606687
0.2192574063
2.2337346339
0.5818260528
3.6719420931
1.4167981099
2.0664736714
2.2432666211
0.8542900665
3.6833768512
3.0330171958
1.1806314524
2.7585277541
2.9498440013
2.0999252786
3.3242025697
1.4299273940
3.8414894271
3.4641217278
4.2277788830
2.8520397698
3.7809842104
2.2590489345
2.2657788892
4.3083447383
3.2963739820
1.5466829150
2.5116495711
3.4050734465
4.9788405648
4.9258512163
3.9675655962
1.8849098133
4.0978644177
2.9275406439
2.9860152539
1.6123202623
3.5632936975
0.3932456951
2.9162714540
2.7061131422
3.6748519065
2.3141811941
1.4934453589
4.7188443117
3.8231153944
3.1092779907
0.6134496483
4.5168395776
3.1084097351
4.1408377708
1.5805158262
2.3654995964
3.2849805270
1.9017060893
3.9297981966
4.9544150670
4.7798847695
1.8906207370
2.5990639593
2.2535011021
0.9951439705
0.7474195668
1.7116471328
4.2383361346
2.0967448488
0.9120869723
0.0269915008
3.4892641628
0.8971382210
2.4568454221
2.2826073211
1.2993161129
4.8241667253
2.0149468418
0.0876259439
1.3309781771
0.8671677356
2.9804022887
3.7069885636
2.6672587195
4.5317944837
2.6071463265
1.2984079010
4.6999823037
3.4034463356
3.9122288541
1.8114774824
2.0949961374
0.8027936837
3.6443509240
2.5376801645
3.7428623253
2.0565443210
0.1658263800
2.9976984650
3.3331053193
0.1462717814
4.2028969951
0.5826119067
3.9342894333
3.4348822605
3.7269192783
4.8206637780
3.6908427995
1.0043307004
1.0585652929
4.8417992802
0.6959732470
3.0228287317
2.8507517605
2.1567517642
2.0192148589
4.8514627322
3.2560704706
3.1828414881
4.2737029448
4.1084296004
4.0642026398
0.5397348525
1.5344264512
0.1466962620
1.2879494331
0.3381992115
3.6623019470
2.8336167376
1.8575144300
0.9045119208
0.4634288610
2.8178431255
2.1665704529
4.3619000908
0.6974231513
3.7518143892
3.0060969451
1.5455823659
1.8380126272
4.0323947154
0.3692740388
2.0051637691
1.0434632869
4.3061817220
4.0497796676
3.5709320460
2.8898688275
3.2410592709
0.3641956049
0.6807768223
2.6984765124
3.3263003852
1.5750512150
0.5118840749
4.4062683815
1.8676280921
4.1831090525
2.8940557089
4.8098189486
2.9819362369
0.5952382984
1.0356002586
