4.3318639094
1.9611535051
3.1859082044
1.5465898281
4.0623834934
3.8683004933
4.8390650046
3.8785843705
4.9984752829
4.1938385650
4.2153467239
4.3702923227
0.1326911234
3.1784061812
3.7145289084
1.9173207837
3.7379781807
0.9142919473
2.2666488603
0.2893517473
0.7293701408
0.3671241216
2.8230384774
1.5869805728
1.5848645262
3.5515673962
4.9221058625
3.0966814905
0.0655204694
0.4343161029
4.5213866312
2.8595007746
1.6380536265
4.1400724482
0.8282221820
0.6635980237
1.8320356308
2.4314811206
1.1952883118
4.5992723766
3.5170136479
2.4301654761
2.4469450267
3.1184437724
0.9118652594
1.4292082908
0.9564837751
1.2626548553
0.8295341287
1.0318995916
4.8569131801
4.3615871320
3.3956167675
1.9297181507
1.4086752340
0.7580408315
2.0803792686
3.4248296658
4.5019723984
1.6386319025
1.0625891768
1.4075062604
3.7901886983
3.6985570253
0.5525907921
3.3435565395
0.0508062633
1.4532387303
1.9844961975
3.9159858373
4.0834794189
3.5421830037
0.8269982475
4.1316903095
4.0793829302
1.3167814576
3.9335496970
3.8591589616
2.7450759089
1.5330145287
3.7705336650
3.1461723860
4.1170197734
0.7041315926
1.8322387635
4.0947287075
0.5542840727
4.9325936239
3.0202365613
4.1894038328
4.7072194922
1.1131844245
4.5690536313
0.5086973663
4.7049495403
1.7616727926
4.2173743380
0.2483853119
3.5260328061
4.3103106233
0.1225677999
2.0813787397
1.6718028640
0.1604761300
3.5048921866
4.5280817662
4.2735544279
4.6847374735
1.0857057364
1.2508852937
1.5713887995
0.5194653869
4.0914456725
4.8804827901
2.0082605662
1.1319342038
0.3626876198
4.0725337777
2.7073074523
3.7328143547
4.0065582361
0.2513374447
2.8292477721
1.0393961907
4.0230566411
3.2712457240
4.7404716382
4.2832402519
4.5239849074
2.6933000920
4.3280345082
3.7577931208
0.0403584431
4.7889020568
4.4573113634
2.3795361073
2.1141525986
4.8272316328
1.0294383770
3.4062665153
2.9174563388
4.8397438507
4.4223328963
0.0370934464
2.2015863950
0.3726583439
0.1201435126
0.9827323267
0.0061300164
4.8042940941
1.8961664639
1.8168998998
0.4495203336
4.5138983262
2.1239241997
3.5283646356
0.6655194968
0.5159081209
3.2762131682
1.9199416653
1.7714302160
1.4201233852
3.8240923464
3.5300067830
4.2721401739
0.6239431917
2.9742282817
0.4716360682
3.7780150687
3.1956319783
1.6565880000
4.8350765912
2.4936088316
0.7536705136
0.0836546415
3.1248647762
4.9081929229
2.9008666769
3.0012336595
2.1006026338
0.1688845900
1.1254358030
1.4092464259
4.5603735377
3.0639656520
4.0552174026
0.2840246970
4.2013488321
2.5997428014
0.1442073070
0.4325001592
3.0697496260
3.1715466632
0.2094095104
3.5699297661
3.0815549635
0.0513639732
0.2255330126
3.5686363528
0.1688834826
1.7249343077
0.7582836018
1.3735266374
3.2506409855
2.7843338637
4.7850615836
2.6343517532
1.1087663669
3.0331529301
3.1540317682
1.7439004609
3.4952933847
1.9960149514
1.8861643797
0.7902887304
4.2256711311
0.5886725458
2.0754627713
1.2905830230
1.4086720790
3.6361635506
0.5138287235
3.3481449018
4.3042085520
2.7020571937
2.9106264845
3.7089131210
3.0220467093
3.1798308986
4.8228753939
4.7395726506
2.5144469641
4.3066810761
0.1181357296
1.5360497489
4.1649914713
0.0900006101
4.9946861363
3.6324947588
3.0282282502
1.6273906599
0.6467814565
0.3229713424
2.1773379513
0.8830789530
0.5290097951
4.6501889385
4.1200085588
3.2282799751
3.6135450241
3.1431459012
1.2494057395
4.4222684629
2.8960484812
2.3994706061
4.4139974307
4.8072854088
4.8668691574
0.3751583622
1.9766009112
2.3070194767
4.4789080067
1.5465298098
2.9520643270
0.9890953579
3.8950569625
4.9944331658
0.6802927736
1.0011682274
4.6476296250
0.4924547782
4.9258268675
0.2829091618
0.7789261992
2.1882915155
1.6689495932
0.6480342065
1.6234029313
0.7952011259
3.2415303972
4.3178688035
2.5333538200
3.9689343963
0.8918343283
3.3576635594
0.5151925890
4.8607423099
4.5677738126
4.4465259275
1.2341035969
4.6005439778
2.3721317041
1.1195693462
3.5408943605
0.5833634963
2.1538318925
2.8154957841
0.7843374728
1.0795475929
4.3971982816
0.3937335590
2.9812687338
3.5535375567
1.5002696895
1.0424887771
0.0394690830
4.6111900423
0.6906974835
1.8632998506
0.8572832477
0.1715484790
3.9137398517
2.7101993481
2.2795257068
4.0109115411
2.6947018503
4.7942999939
1.6701274325
3.5060040371
2.0842990558
0.9900709980
4.6949427232
0.2256301825
2.6494151176
0.9409211502
0.7980470939
3.0186061282
1.0862750459
4.8427453070
1.6347224522
2.7178793603
3.3739870125
2.9592350894
1.3052774818
4.3400237486
2.6226610852
1.4070418763
1.8551470827
3.2848521498
4.5239639835
1.8479745683
0.9857376972
1.1264401403
4.9082099389
3.3856051772
2.9027431939
0.9947562134
1.6292393878
2.0218561335
4.4377815024
2.6523222056
0.3178448199
3.4628933589
0.0669531936
3.3144843567
3.4009369763
1.2411126786
1.8461825154
3.2021868465
2.8147000427
3.0499731237
3.0459768082
3.1754574254
4.6364818236
0.7703131501
1.9336645762
2.5126154502
2.2160494410
4.9406238442
0.5835035721
4.6785977944
1.5491831685
3.8202108548
1.2366708919
0.4854943042
2.5555759176
3.7845431599
1.8545650743
1.3747432633
3.5019739390
2.5382758878
0.4586983733
4.1444352858
2.1568808102
4.6359853509
3.3054935377
0.5734127363
4.9345220503
0.5567312611
1.1594063948
0.3385577354
3.5458270657
3.2199528498
0.9859811123
4.9306866250
3.7387488757
4.3813263745
2.4488420159
4.0112889831
1.9982555297
1.9731003172
1.1504920825
3.6460664762
2.4598606034
2.7097455347
2.6735065194
3.9465675628
2.3448089708
3.3627997648
1.0517879968
4.9585298896
1.4783185054
3.1054632898
0.3046209318
0.7808097088
4.6360437720
1.4653542775
2.4010835416
4.2735983519
3.7627444553
0.3210224093
1.3688310040
0.7262262936
0.4087045312
4.2931369439
1.9273587963
3.1760871770
3.8745783455
4.9641244026
2.7977249449
2.8895539272
2.5879821298
2.9004706692
1.8326113138
3.7873083038
4.6523743674
0.1305865300
2.0149200088
3.2899905013
3.5107711376
3.8693536084
2.7103392884
0.4108482675
3.4069434300
2.0901333256
2.9281068553
4.6811020243
2.1613877346
4.3786740170
2.6713048833
1.1776452186
0.5181193033
4.1041547098
2.2483234082
3.0636941546
3.4739046459
3.6943473804
4.0036346005
1.4489404325
2.0397463891
4.9789768363
2.7198627562
4.3401184042
4.4742048950
1.5828477479
2.6835713930
3.0647813085
4.2915573302
1.0138558773
1.4116024465
2.9052095441
4.1100514941
2.8468942546
1.4487010268
4.1361044246
2.4449289848
1.5898190143
1.6941753405
3.0950273090
0.8489155052
2.9095928833
3.9472330169
2.9700287750
1.7940756026
4.7636409662
1.9072850066
4.3218020574
4.5110002137
2.1321225745
0.6849242703
1.8908408779
4.7450583543
4.8806584448
2.0076014447
1.4119606104
1.3488444724
1.3400938613
2.1054913849
2.1732550086
3.5520606769
4.4007889955
1.6800557423
3.1338350503
4.0850835858
2.8549972628
0.1608653619
0.0398833689
3.4836992094
1.8440347386
4.4939850817
4.1526338249
1.4763914137
0.1796977374
2.1544003074
0.6914525729
3.4117104089
2.0049155921
2.6904623237
3.6824810674
4.9843226918
0.3707205550
4.4731555037
2.6361543867
0.7801732441
3.3596906191
1.0982772113
2.9188066005
3.3027198727
1.0451130139
4.0646280514
3.1636202243
0.5354986833
0.8958902037
1.4934190456
2.9290956591
3.8165441086
3.9159554874
2.1588210892
2.6693604647
2.8757369982
0.4305958244
0.4405434997
0.0559839273
3.5484353061
3.7281343489
2.7882904161
0.6771112168
2.6123242248
2.8520682538
4.2847890501
2.0439100470
0.7870014980
0.4747783887
3.1168201487
4.8293827212
3.5282094289
3.6187390775
4.4984413162
0.0390143201
2.3847830887
3.8147993933
3.4516358614
0.8206051418
4.3633747416
4.2802444882
0.0293264111
4.3316988863
0.6640328411
1.6832666260
2.0845714709
1.2326190606
3.9620804385
3.7470943711
0.6464472198
0.2122412233
2.9748977891
0.1888840072
3.7843639347
4.4988595533
1.6757376509
2.5287337622
1.5332593337
4.5920793764
1.2132845669
4.0266278541
0.8452576501
1.7714342850
0.3311316099
3.1841678205
4.5401161823
4.1068638895
3.0246349644
0.7986421058
2.0863582506
4.2943976279
2.9457886359
4.7849855204
0.5747957152
1.2620979692
0.9950338257
3.8327770189
3.0916833090
1.9968743655
0.9006003986
3.2775313316
0.5836538010
1.8081639796
0.8625167242
1.3156963828
0.2826152701
0.4112881104
0.4643892859
3.2491382162
4.4558323208
3.9387609242
4.6691401566
4.8162673652
2.1224697474
2.6948011244
1.4059190319
4.7527493360
2.9690827488
3.0952541365
4.8183223146
2.5649861638
2.8671501311
1.4861737942
0.9259250671
1.5249199245
2.5881488216
0.1291649626
0.2021578004
2.1764816974
2.7963672671
1.5656035763
3.2950593654
4.1441048423
1.5252847136
0.3260047809
0.9198549715
3.8546786384
3.7866607796
3.8017047872
0.3932148768
3.4193013946
2.9773679467
1.3258842678
3.6211399056
3.5039901453
0.4204664217
3.6676421808
0.8115149460
0.5735310541
2.8651990748
4.2898053798
0.1774162936
0.5849497211
4.5647316515
3.6875328122
0.3003234286
1.5923077949
4.7179629977
4.7552700846
3.2086658805
2.9989806828
0.4980894430
3.5345822543
4.1249515325
3.4441548036
3.5694595688
2.5008164382
2.9755193844
0.7645407909
3.2173581554
4.1440227933
2.3253077199
4.7483953991
3.8625939771
3.3963191650
1.2836231389
1.7556686510
4.5121430929
3.1267727925
1.9665573226
2.8648580526
3.3947501927
0.6543684623
4.3413720146
1.3139975601
4.7605732062
2.9738379769
1.2149288317
3.3107994637
1.2790535801
3.1177673124
2.9622744903
3.1165915352
3.1697141908
1.0268269526
3.4761241379
0.8722637094
2.7451615962
4.2191641469
0.1096610533
1.2844973220
0.3609570592
0.9565548380
0.8933603104
4.7702595468
2.3581042991
2.0310642736
2.5441424252
3.3506952457
4.7836890673
4.5395604464
0.2178908145
2.7665520118
4.8948292117
3.3879400341
0.2531694188
0.3711708274
3.4298116955
4.8514640218
0.4369243810
1.1495285185
4.6854878915
3.4068862276
4.4172415446
4.1591181524
2.7171781930
2.6064440926
0.5721800522
4.1275137275
4.7001343729
0.8592438951
1.8987567997
2.3498250399
2.2117810074
1.2637135701
2.7468872434
2.2750715127
1.0413884618
4.7528421229
1.6271903835
4.7625791237
2.0665272343
3.6947267803
4.9598599694
0.3272464196
1.7897496715
