-0.026818250359
-0.0595022332583
0.00996666676462
0.0291523304837
-0.10507908327
0.0199767667323
-0.0445680087989
0.00672332368758
0.0363343173997
0.0198578772271
-0.0239422817028
-0.00677817060276
0.00456326136488
-0.0126823114221
-0.0365255024595
-0.0137730625195
-0.031623611612
0.0465805152638
0.00845946670429
0.000989882901227
0.0225316906713
0.00666499459901
0.0298270317096
0.0298341097112
0.0128338407536
0.0381453674139
0.0274374691232
-0.0327663660242
-0.0226974261962
0.0099856419591
0.0102080849639
-0.011642482339
0.00143774575465
-0.0230357128981
0.0179194178501
0.0449841353867
0.0198867667084
-0.00963896180039
0.0194422889183
-0.00190281600927
0.014936692617
0.0573668937045
0.00661406004141
-0.00200589000499
0.022688834352
-0.0722619784271
-0.0235154407208
0.0120479574478
-0.02042332553
0.0494114947493
0.0455143921838
0.0485317462043
0.0420048109615
0.016977373238
0.0386990832401
0.0101699886908
0.00994384226529
-0.0296104241263
-0.0168891745535
-0.0414893408944
0.0257109680215
-0.0109983940794
-0.0161226366119
0.0319781391906
0.0129556460878
-0.0117318891502
0.0405607416221
-0.0468878881206
-0.0754050532234
-0.0236843977312
0.0486501985456
-0.00328287211294
-0.12016609266
-0.0269170286377
0.00278139291411
-0.056337966143
-0.0364916674582
0.0036838231779
-0.0057040105379
0.0459303830181
0.0275201595445
0.0552758640096
0.0719285959242
-0.0804551361324
0.0704821042619
-0.00311757724837
0.0300170696262
0.0411884557288
-0.00900824458421
0.00340801623061
-0.0301910374516
0.0234298884049
-0.0235607504359
-0.0546878454787
-0.00530572846355
0.0512546898629
-0.0405321597883
0.0359280168236
-0.0634089625324
-0.0209527037941
-0.0466563201701
0.0267113963956
0.0158086520073
0.0659128766978
0.057759442687
0.0327081234011
0.0512835549243
-0.0475823160767
0.00160351782888
-0.0171471280678
-0.0272911774332
-0.0204651310907
-0.00881946007753
0.00223319959895
0.015707780334
-0.118055153799
-0.0255122983959
-0.0152688083181
-0.0287950336341
0.0225815857108
-0.00281425215915
-0.00571974373141
0.00387502556217
0.0260429578725
0.032940373934
-0.0183519344013
0.0438660669476
0.0124824905094
0.0584154716097
-0.00827867410719
-0.033509759847
-0.0113265433495
-0.0562690106388
-0.033096064596
-0.080591827971
-0.000419434454533
0.0498991632468
-0.0155202269762
-0.0070692578112
0.0125677986208
0.0254145283211
-0.0217646529113
0.0409479059616
0.0421411359678
0.0105123153778
0.0184568451258
-0.00283276637322
0.0616587556722
-0.033385809842
0.051888232169
0.00587524546366
0.0692465326341
-0.00709867331515
0.017402505791
-0.0444760775521
-0.025607456024
0.0386939652127
0.0502822601124
0.00920175442736
-0.000857916351486
0.0392745212471
-0.0753906080048
0.0517541597827
0.074731919532
0.00704875134952
-0.0129923476776
0.0346981613276
0.0243028512694
-0.0279562787678
-0.0113072219945
0.0579567494514
0.0301005221746
0.0546108987691
-0.00910929738322
0.00101487227535
-0.0566194561077
-0.0294795749083
0.0182632999948
0.0121970964911
-0.0666874534562
0.0100006815953
-0.0168905693683
0.0192423842847
-0.0110451969619
-0.00525352274036
-0.0570605813761
0.0533813353643
-0.00900589543809
0.0250461396334
0.0423852920783
-0.0108965333753
0.0551252152551
0.0121639244957
-0.00711179176399
-0.0226790984848
-0.0524141650544
0.00743334757741
0.06005864028
-0.0334345703631
-0.0778468243182
0.00872389741124
-0.0153745434282
-0.0587761846484
-0.0118451664518
0.000239546054289
0.0469974519838
0.0517110431691
-0.0552821920844
-0.0111144324149
-0.00340277460095
0.00954716886948
0.019988225544
0.00294485284429
-0.0164407315118
-0.0025172115613
0.00175465865294
-0.0160488661032
-0.0124991491308
0.0207807556823
-0.0918533719743
-0.00143602470141
-0.0184641899907
0.0288159593942
0.0281845381303
-0.00578803367159
-0.086826298111
-0.035107941755
0.0253333587933
0.0238875828028
0.0265307722056
0.0144891143241
-0.0304093295792
-0.00399692248976
0.0171976101948
-0.118055153799
0.0661923132086
-0.022721406623
-0.0418660706842
0.0274101316648
-0.018285100959
0.0170664326672
0.0260025809609
0.0222241456998
-0.0363685566759
0.0556626985017
-0.01026257473
-0.0386163337046
0.0073417149053
0.0261294200981
0.0124917578948
-0.0390593317606
0.03426803584
-0.0299894554173
0.00979618848829
0.0133183608483
0.00851204872602
-0.0129412471469
-0.0908639744842
-0.0593125563736
0.0317506805513
-0.0272924933178
-0.00477648877854
-0.00438502066457
0.00471313094798
-0.00356257460577
0.0453524335905
0.0588187347584
-0.0456287020966
0.00552195924938
-0.0321519916523
-0.0299781869985
0.0224681514083
0.0193199687474
0.0303885119402
-0.0362904681751
0.0301871593764
0.0132628446876
0.0342547422266
-0.0129657287103
0.0430458950122
0.008889278169
-0.0313751397528
-0.0263646326734
-0.0574205220741
0.00909409875628
0.00566092201752
0.0252687335013
0.0299265947661
-0.0143194240996
0.0153069867137
-0.0400661111136
0.0301762076114
0.0397932440639
0.0224108450434
0.0494456171701
0.0204056227905
0.0403446903938
0.038180324166
0.0261339214928
0.041055251897
0.0649478683582
-0.00229407180046
-0.0328344635544
0.0298021055343
-0.0388963579033
-0.00408343887126
-0.0258854359323
0.0126058042145
-0.0014272565507
0.0385765544274
-0.0429671926568
-0.0227195830418
-0.0234776346519
0.0258620733108
0.0164084049472
-0.0264010653419
-0.0409932174429
-0.0066803435515
-0.0418715941788
-0.0291491205166
0.00204563067712
0.00086688044102
0.0449179919649
-0.0159328413705
-0.0223152715492
-0.0178027068164
-0.0154299742585
-0.0573070387829
0.0506505602077
0.053102566875
0.0303462462511
0.0140084288311
-0.0290285097009
0.0278219608917
-0.01828747791
0.0711910550499
0.0918536700665
0.0443646946654
0.0264903969354
-0.0467085645737
-0.0405718515667
-0.0455570587857
-0.00555853280719
0.0255678278963
-0.0294904786465
-0.00439406561109
0.0331829397054
0.0287839313643
-0.0393433598344
0.00545592897919
0.0609224112126
-0.0516189763658
-0.0153216108348
0.00152515970811
0.030746040536
0.0194921477314
0.00138071262447
0.01411724255
-0.0343205194624
-0.0256765069223
0.0239328358178
-0.0153018068472
-0.0475162041846
-0.00965553398563
0.0270165648512
0.0318756336873
0.0137538814143
-0.0531752024735
-0.0614156214275
-0.0296600625874
-0.00853733838294
-0.0194883946825
0.0053935865996
0.0237613489853
0.0158056032593
-0.0469240970466
0.000132076757252
0.00598722391986
0.0239233161701
0.0274770450122
-0.050392054654
-0.0151139064842
0.0497789977758
0.010364548553
-0.00471638239099
-0.0148122648111
0.0166147193919
0.0047245844002
-0.0614998615335
0.020389464241
-0.00109336666839
-0.0483748849659
0.0325654455699
-0.0233835521108
0.00998322831742
0.0348409362854
0.00300412930638
-0.0520012352824
0.00750847948798
-0.0184450403193
-0.118055153799
-0.00705251357082
-0.030413474863
-0.0114436469614
-0.000741721772273
0.0434956801665
-0.0111560694939
-0.00158551459496
0.00793869729431
0.0205471493668
-0.016914326871
-0.0628397414367
0.0921831908496
-0.0553082952119
-0.00541365516099
-0.0180107118979
-0.0165401919246
-0.014075157244
0.00372700519931
0.0441313937552
-0.0370270863166
-0.0581034420983
-0.00287676533225
-0.0431642102834
0.0274638421652
-0.016667380072
0.00772836252597
0.0145707357922
0.0242178594224
-0.00998214003094
0.0794214662966
0.00394227434735
-0.0867640835397
0.0153324149537
0.0454981458928
-0.0210714489291
-0.0341531310706
0.0600310265361
0.00706265651401
-0.00805008253194
-0.00538779207451
0.0216936723577
-0.0719962634878
0.0570812860965
-0.0465225227068
-0.00811062967347
-0.0245488068317
0.0112177567973
-0.0635618674843
-0.0119887860414
0.0140773506466
0.0385289157446
-0.0340008426757
0.00569609811529
0.00297524789101
-0.0183281976567
-0.0176993674181
-0.0148769784605
0.00231002871511
0.0386320177864
0.0539192301635
0.0390105836602
0.00207592711437
-0.0618244075915
-0.00084634921142
0.00959427325831
-0.0237885979622
-0.0285146990521
0.0460278431073
-0.0201213547353
-0.00475527305961
0.011223173717
0.0590642141509
0.00827255965711
0.0465749268782
0.0666908260261
0.00212997242772
-0.033518422692
-0.0536124386927
-0.0299577191614
-0.020053499829
0.0292120540987
0.0180997204399
-0.00191669991326
0.044122560112
0.0590868780162
-0.00815236219736
0.0272419018598
-0.0045581203068
0.0572712263933
0.0346936554606
-0.0575833588618
0.000769698053486
0.0135203510801
-0.0128257677935
0.00800565674535
0.0235560854096
-0.0918533719743
-0.0302682281982
-0.00698579471338
-0.0827129888028
0.0117366228886
-0.0566252747338
0.00704003849615
0.0626723615634
0.0350066020559
0.0279146664985
0.0277706364669
-0.0178844687072
-0.0138974770308
-0.0658484181568
-0.0150417447176
0.0220928075609
0.0316701284759
-0.060323024669
-0.013003696843
0.0129164119334
0.0274159990219
-0.0079370129194
0.0231554543446
0.0344212569742
0.0455289693399
0.0115558616082
0.0326101358673
0.0359345520023
-0.0412595391727
-0.0331221024469
-0.0102555630778
0.000449642901213
0.00304734555298
-0.0402047813127
-0.00333804957355
-0.018045849519
0.0362732831519
-0.00668916263816
-0.0466834976528
0.0774933429293
-1.11892586853e-06
-0.122133420027
0.0442969635567
0.0646867820379
-0.0645027330835
0.0716345040396
-0.00941949502972
0.0513814199711
0.0441976162717
-0.0128598500146
0.0147263123351
0.00428070559703
0.0529435638683
0.00592138592301
0.038634880874
0.0273597665074
-0.0251070322668
-0.00837106398604
-0.0203377610798
-0.12016609266
-0.0223671179056
0.0368891796254
0.0053883244592
0.0023366949004
0.0452827632191
0.0515068662657
-0.0361956906523
0.0266799779718
0.00277133886754
-0.0324531294551
0.00579805767331
0.0526739150476
-0.00928670557253
0.0301629041453
0.0300795591373
-0.0248146565371
-0.0154830557068
-0.0537469068947
-0.00113994791673
0.00342467351896
0.0224781979387
-0.0458865432031
-0.0611094648418
0.0139075831565
-0.00613808892004
-0.0358185139719
0.0413845081059
0.0295863709992
0.0252629989165
0.0292325834663
0.0196971113716
-0.00760108046777
0.0377456356835
-0.0677072677631
-0.0514132124707
0.0471472066169
0.0903917236384
0.0310422329556
0.0292197178821
-0.00105629390974
0.0175800523109
0.00488275094764
-0.00540926918371
-0.00705025733196
-0.0172592861176
0.0628822121026
0.00132186090173
-0.016674961498
0.0387180327447
0.0089510667951
0.0212960488452
0.0417814352625
-0.00649806784433
0.056146797311
0.00563508120617
-0.0269622923446
0.0402167127933
0.0527722543061
0.0178579104054
0.0361951763016
-0.0473416439155
-0.0223432472393
0.0255006520737
-0.02172375655
-0.0110194889095
0.00269274803064
-0.0097407945406
-0.0270671018779
0.0139334225725
0.0547856496966
0.0335301462981
0.0692640687297
0.0567312245615
-0.0236411633622
-0.0270567037338
0.0170576567785
-0.013941980707
-0.0169975657002
-0.0181297650249
0.0208764966811
0.0428555640492
0.00596937336629
-0.0098745744182
-0.0156070975342
-0.0308065844413
0.0181884485455
0.047173278754
0.0391850758516
-0.0383050307462
-0.0441226475616
0.0393792366349
-0.0454084534856
0.0345369369423
-0.0205895885742
0.0210527784921
-0.0351896659479
0.0445001336596
0.0159274884822
0.00144377675031
-0.0126365510981
-0.0462384940773
-0.0742401038035
-0.0442705857081
0.046221343944
-0.0336654084932
-0.025866376045
-0.0161962859585
-0.0508145830617
0.0443258652777
-0.0177002382988
-0.0572391282424
0.0227317509757
-0.0150551062521
-0.0211934817789
0.0618462799131
-0.0410811251392
0.0284758188322
-0.0116759535752
-0.0222639050683
-0.0409559556153
-0.0182512920398
-0.00638255448152
0.0350089852093
0.0358638281706
0.0124030942235
-0.0774270796477
-0.0407137251101
0.0292434745878
0.0362053606341
-0.0235343631089
-0.0277095500629
-0.00653142680004
0.0489408658359
-0.0641834137511
-0.016351742181
0.0252601707606
0.0242051424177
0.0362882349927
0.0285962133409
-0.0149963404077
-0.0126900596089
0.0389166838689
0.0039976885906
-0.0727813439906
-0.051324005095
0.00211783057348
0.0480204213089
0.00596427749506
-0.0130236999397
-0.0352217098145
-0.0679866282925
-0.023756810797
-0.0161041340258
0.0216424154349
0.0292612878138
-0.038376504091
0.0446352097032
-0.0138035063455
-0.0320448185667
0.0420249460181
0.00468975380215
0.0382530570513
-0.00820938015236
0.0666775097887
0.0242453758668
0.079316345278
-0.0315099328285
-0.0234195629184
-0.0468739723989
0.0408950544329
0.0502676517471
-0.00628728239132
-0.0850646785889
-0.0667659965722
-0.0324763498972
-0.000767626242973
-0.0376031108243
-0.0184986217273
0.00536199287534
-0.00205784094608
-0.00682544473704
0.00123112617995
-0.0627195307026
-0.00910228871287
-0.00174391254638
0.0038499521529
-0.0518559334024
0.021084351282
-0.0124661754758
-0.0105365630956
-0.0616208577789
-0.0476814257244
-0.0717208260997
