-0.0031632823823
-0.0258933436044
0.0297630180316
-0.107387899888
0.0411645632563
-0.00526062855566
-0.0243543379412
-0.0164769449361
-0.0518315920798
-0.0691387775753
-0.096822200377
-0.067175999491
-0.0597981122368
0.0169306724947
0.057323478834
-0.00151226103823
-0.0503815907332
-0.0257634099305
-0.0923500869785
-0.0329294572836
-0.0157936737966
0.00514601484048
-0.0115592592084
0.0322331718627
0.0571997939981
0.022373650528
9.22926882001e-05
0.0046714291938
-0.00511145787749
0.0283420746917
-0.0107824042664
0.0720982553597
0.0441721762422
0.0104054870462
-0.0715793501394
0.0270068106987
0.0545630005926
-0.00296575827985
-0.0479253613073
-0.0506009949327
0.00351845487941
-0.0688122107642
0.0406703810068
0.0112539362703
-0.0148340903309
-0.0031632823823
-0.175290717529
-0.0597981122368
0.0175258363472
-0.00767015715861
0.0112759341378
-0.00485049073004
-0.0159195975108
-0.0461030910088
0.0158553393621
0.0193373783696
0.0569979244879
0.0381055062079
-0.0290872406389
0.0522356107245
-0.0920457596617
-0.0637025942772
-0.0479253613073
0.0273064152152
-0.0477555014606
0.092249978196
-0.0358597453739
0.0528754833628
0.0260345782216
0.123542001547
-0.0600224124051
0.0182189127071
-0.107387899888
0.01199024789
0.0681592373714
-0.0461512655467
0.0274171139237
0.0255563161413
0.049547342277
-0.0215841559459
0.0270068106987
0.036927452531
0.071649165002
-0.0479347307784
0.0720487361485
-0.0754200452179
0.0300270720551
0.00800489101025
0.0177958103016
0.049547342277
-0.009791373745
-0.0502782525875
-0.0986924721954
0.056836128967
0.0537632211215
0.0237889890479
0.0521402669902
-0.0202250868744
-0.0234381663833
-0.0424694324873
-0.0513644956629
0.0118433403
-0.0406301350999
-0.0479253613073
0.00348584060879
-0.0518233033024
0.0510442418049
-0.0230405331775
0.0406703810068
0.000416707702408
-0.0118958958487
0.0500073505674
0.0682312074204
-0.155361849424
-0.0406301350999
0.0247973487484
0.0526354512586
0.0563234514985
-0.0259385203044
-0.0468187866837
-0.0121800372619
0.0526218678113
-0.0479253613073
-0.108126635796
-0.0685800315744
-0.00642564767423
0.0656846817005
-0.0165428565989
-0.047926394051
0.00694803205284
0.0228002915977
0.0167792145293
0.00293678011716
-0.0323809843636
-0.00578629152579
-0.0653669216148
-0.0894918301687
-0.0177527353343
-0.00891595309599
0.0533259254694
0.0225167483739
0.0261068836694
-0.00100195185596
0.00514601484048
-0.0765270688411
-0.0691387775753
-0.0108693203197
0.0476671203491
0.0108871141678
0.0353250668595
0.0110832511181
0.0276785844995
0.0243877839241
0.0164340788146
0.0254233615603
0.0798415526318
0.0808181083374
0.0202516726693
0.0422161045666
0.0482471934603
-0.0688328222109
0.0301252158731
0.0699567012218
0.0210557502816
0.0699567012218
0.016528815915
0.00900262858538
0.0252045659821
-0.0435559715594
0.0594477697611
-0.0698673220788
-0.0451367638253
-0.0261490858875
0.0463536767687
0.00285462243635
-0.0518315920798
-0.0897144443738
0.0385446995732
0.0381207153241
-0.00296575827985
-0.0558599034519
0.0603630527307
-0.0395079371941
0.0368154180275
-0.02787691257
0.0430623856021
0.0434342287157
-0.00128731952775
0.00940582985168
0.0676628649814
0.00259182684957
0.0344971027636
0.059055741568
0.00285462243635
-0.0238125920688
-0.0253226506809
0.0182852133495
0.0482471934603
-0.0727989664179
0.0441655340378
0.0699567012218
-0.0479253613073
0.0523818658607
0.0177099185468
0.0276781520807
-0.00255182959741
0.0159546448322
0.0699567012218
0.0479226071184
-0.045351116065
-0.0569443363932
-0.0464159565534
9.22926882001e-05
-0.0380919621708
0.0112759341378
0.0624726593338
0.0231689624588
-0.0965153640946
0.0662721976481
-0.0423393698011
0.028460459373
-0.0031632823823
-0.163625340399
0.0182355526449
0.0442807813386
-0.0178823957748
0.0332877448386
0.0699567012218
-0.0986924721954
-0.0529626220745
0.00800489101025
0.0181467864393
0.049885990855
0.0260558596549
0.0708206510781
0.0193950012268
-0.047548878463
0.00877103027686
0.0219605972472
0.0526218678113
0.0479646205127
0.0214415564963
0.0729642223911
-0.0986924721954
-0.0831017522505
-0.0146393032184
0.0350594444251
-0.00217499830193
-0.012301858726
0.00190551763916
0.0730001807234
0.0699567012218
0.0435158816424
-0.0140520388153
-0.0115826872664
-0.0432241670807
-0.105896873551
0.0176735913133
0.000998164930209
-0.0297588893935
-0.0379902056925
-0.0522460060096
0.0192316684265
0.0260558596549
0.04122715344
0.0414255248332
0.0928039885457
0.0258983561559
-0.0986924721954
0.0782368309829
-0.0545000807325
0.0482471934603
-0.000211412132861
0.0212587908678
0.0646905278576
0.0228002915977
0.0637567164763
0.0202620772651
-0.0336555359812
-0.0629864452738
0.0271526441975
0.0656846817005
-0.00733246146326
0.0397535753891
0.042033525523
0.0155591354007
9.22926882001e-05
-0.0127331023775
-0.155361849424
-0.00882163257214
0.045374342519
0.0563234514985
0.0166764375033
0.0242270872203
0.0482471934603
0.00192092477369
-0.0797944182915
0.0332877448386
-0.0296797740096
0.0332877448386
-0.000531552023401
-0.0229198659621
0.00879955183013
-0.0136561116509
-0.0305449887435
-0.0299554599794
0.0298645250122
-0.0406301350999
-0.0180527015039
0.0656846817005
0.0168606432997
0.0164808611547
-0.0292083325464
0.0526218678113
-0.0172812131354
0.125529985295
-0.0424694324873
0.0363366952822
-0.00977911996612
0.0130450387646
0.0240742697494
-0.0406301350999
0.00512488524889
-0.00583797690757
-0.0129339037808
-0.0122345966214
0.0699567012218
-0.0986924721954
0.0540203039112
-0.0203658748734
-0.056775763656
-0.00731165289243
-0.0246487842295
0.0228477421382
-0.0380919621708
0.062807699418
0.0178264985515
-0.0252485006694
0.116038197869
0.0433417264799
0.0371256571378
-0.0031632823823
-0.0031632823823
-0.0262372252327
-0.0772302362691
-0.00234456649945
-0.0172812131354
-0.0831017522505
-0.0687026298148
0.0699567012218
-0.0164769449361
0.01199024789
0.00522693553773
0.0263330224025
0.0117632358644
0.0118850897514
-0.0276289450995
0.0159904628796
-0.00704549390846
-0.00549491688992
0.00982209816683
-0.0240460935103
0.0508095148175
9.22926882001e-05
0.0419733012939
0.0204788593371
0.0482471934603
0.0938339352636
0.0699567012218
-0.0203658748734
0.0682312074204
-0.0637638184208
-0.00387242973359
0.159043701456
-0.0348806738275
-0.0451367638253
-0.0660398450583
-0.0144502330649
-0.155361849424
-0.0432241670807
-0.0118309976192
-0.0533294234274
-0.0299554599794
0.0277552521635
-0.0144502330649
-0.0299554599794
0.0406703810068
-0.0358597453739
0.0477348016303
-0.0639630236931
-0.0468905889049
0.0699567012218
-0.0401503761193
0.0063867806508
0.0228785840852
-0.0514104846863
-0.16666912474
-0.0437765508199
0.0131561903948
