2.7535756646
1.4520514924
3.2659975790
3.8302532483
4.1680474795
2.8366865252
0.2690373880
3.9413242812
2.3470450833
3.1120094159
1.4815014520
0.2580124663
2.5868970623
3.7548351164
3.8681801564
1.0862728411
4.9250969767
3.4347084345
3.8752517410
3.5835675887
4.7922777632
3.5514626841
3.5260514684
2.0069642748
4.5554035049
3.1181918553
1.4548708107
4.4570173679
3.5047129072
1.6254254624
3.8828075860
4.9955336784
4.5001911652
2.5246946684
3.0805243064
4.4098421546
1.8221776197
1.3649610334
2.1966381216
1.3247048640
4.5239247667
4.6115530908
2.6302132080
0.1663392693
3.4109238425
1.0604537403
4.0799318296
1.2051173985
2.4626424440
2.1452609691
3.4650851491
2.5414355182
2.2476444978
2.5122884877
3.5542757497
2.1532037587
0.4841714462
4.0315892999
4.0920123140
4.6467091274
3.0770698209
1.0168068442
4.7321795462
0.0017027862
1.5709935001
4.2714429401
2.1872847909
2.6860236853
4.2422529385
1.6682621762
1.7156434532
2.0475909353
3.8913176096
2.1351363933
0.6931198198
3.8379969917
4.5692158376
2.0758033533
3.3651647946
1.2511581206
4.8889572137
3.6370283669
4.5277889373
4.5945980277
0.5432909291
0.6618993798
0.4375046142
4.9751502844
3.1188976909
2.2879626129
4.5605165835
4.4534855714
4.1014074733
2.6822501181
4.2165125091
1.4843461140
4.0829792576
1.4047203717
1.8939052969
4.0462722974
4.9827361985
2.9871110811
3.1685343272
2.3136306543
1.5789093735
0.9636975556
0.1694941872
3.6257185098
4.7295195041
0.3300930868
2.3424039474
3.6565738714
3.3658578251
4.1002776188
1.5661589379
2.3319299733
2.1105787043
2.7228803774
4.2037469272
0.1267175378
4.2711767271
1.8758788728
3.3964131536
0.8109546153
1.9519038285
1.9329436186
4.3443003620
4.6002191183
1.2153267371
4.8614128210
1.7222724281
4.5687431898
1.1018955610
2.7262070083
1.0391798660
3.3611966542
3.0158798478
1.4188978956
1.2101940734
2.9092593001
1.5332429594
3.8677615358
3.9385011435
1.4400639488
3.2465081781
0.3022307960
1.5237070113
3.4275944971
1.3890846598
3.2110992445
4.2744901858
3.8603406760
1.8731572518
4.3436254360
4.9126978922
4.8072644750
0.1180153336
3.4299761644
1.8411926872
4.4908673427
0.8671413105
2.5439873247
2.2999210678
1.1054327042
3.7106632292
3.0768943922
2.6611198405
0.3380503491
0.5036872739
4.8434990136
1.0881516076
3.8006281521
0.4499786873
4.6883266123
0.6916442314
0.4067077029
1.5944930193
2.2129500593
2.1155021107
3.6245940531
1.5180375883
2.5991891586
2.1436861149
4.7082812588
4.4741547192
4.4768527587
0.6717756274
2.6032250044
4.2640777479
2.9777025367
1.9862069199
0.6016266615
3.1628570336
4.4561427328
2.2553285676
2.7911199755
3.9316503402
2.3466611324
3.9922533910
0.4142874897
2.7615090190
4.6012712400
2.7977690363
1.9000991314
2.1671824927
3.5182666490
3.2457723355
1.2111054058
4.8005476789
1.2757539190
0.4129175963
2.3941026819
2.6879112571
4.4370626264
3.3731425126
4.6522134302
3.9599201403
2.2457484695
1.3368090246
4.6512102837
1.0740632233
0.8991402081
4.8893467571
2.1139047740
0.3052945072
4.7329915936
1.6171151873
1.4780898319
1.7683181076
3.4956681343
0.9559339975
2.6335649712
3.9443384998
4.5964333322
3.2832207255
0.6030047924
1.0150087070
2.4149327526
2.5363973894
3.7838003701
3.7969440565
1.8221647451
4.1822847999
3.7705795369
4.6521736746
0.9294566499
1.4043213464
3.2810913502
3.9945651312
3.5217426918
4.4019737135
0.7148424572
4.3814936344
4.4933973205
1.7106268150
1.9907439487
0.2763749888
3.0657732882
4.2171507845
3.5966369453
0.3843052147
2.3803101004
3.8484707010
2.0026088890
4.6337383566
2.8126234223
3.7956614127
2.4573106410
1.9263016432
2.7024924076
3.1678319192
1.6209823188
4.3695328577
3.1313875263
3.4774528393
4.8626636589
0.8991926090
4.4705091424
0.6865430983
2.4372978764
1.6851432120
2.0637446155
0.3016196650
3.1894568211
1.0845101586
2.0751319141
3.3205035376
2.1356650176
1.8854907538
3.0210984157
1.5975677533
0.9413512321
3.2929114561
3.2038075714
2.3130355736
0.3190038457
2.3012498766
2.3714012140
4.8793407090
0.0719708481
3.4317433005
0.7399043295
0.4818230765
3.4374720037
0.0674420803
4.6343198804
4.9862546829
4.5398500022
1.9842973551
2.6353665947
1.6215973608
3.8510744956
4.9688873558
0.2739103199
4.3983388182
1.2233481613
4.3460991062
1.0960424057
3.9017123552
2.1647926198
3.6655317065
4.7547244275
0.9216802148
2.8831845030
1.9567376313
3.6738302172
3.3799774398
1.2372635076
3.7444586683
2.6102814300
3.4866238507
4.0760652118
4.1901573201
4.0209245686
3.8175929219
4.6829870750
0.2104317508
1.7620933137
1.6308794638
4.7949467092
0.5219967523
4.1288229909
4.8247596827
2.2632325055
3.2231037873
1.2229418456
2.3499389573
3.1397983416
1.5794740001
2.8483893174
1.9925110918
4.2922616963
4.1165682420
4.6198625122
4.3888094556
2.5072983639
1.2974816864
2.3671513775
0.0735418466
2.0731824116
1.9957165851
2.6802985093
4.7219187014
0.6287173708
0.5539691897
0.1061438633
3.4632849579
1.4216892003
0.4939049104
4.9391457308
4.9221510447
2.2823136368
0.3383534518
3.1909899743
2.2022146648
1.5361454462
3.5977220319
4.4449175167
1.3553238383
4.6598851412
4.7186139066
1.2505482549
1.4713296243
1.8289052337
0.7971903570
4.1700157305
2.6530156178
4.1766933660
0.6158911074
0.8013338534
3.0849972848
4.8464690218
0.2035198989
0.1631025543
0.7145090043
0.9797942671
2.6698226986
0.8870562437
3.7988169124
4.0750124338
3.6915748517
4.2208251948
2.5677128321
2.5318821308
2.2835144347
4.9599982639
2.3448853052
1.2530227821
0.5705012143
3.0016535133
4.7792795666
0.4260723430
0.2739580147
3.2145941361
4.9828257898
3.7942232584
0.7635030113
1.0563484000
4.7457356385
0.0216194065
2.4218715621
2.7134469480
3.0121676590
4.0616600356
4.9865437243
2.2075865285
4.1202938834
0.5813868587
1.6143526433
4.6821588852
0.1301397715
3.5277728353
2.9557886049
2.0755249364
3.8341188407
4.3389560519
4.2043977791
4.2917303199
2.7386685955
1.3054648332
1.2248926074
4.3165966938
2.6561672234
1.3265810711
1.6732564668
3.0959166697
2.3053475442
3.1416330810
4.8557777395
4.3195867298
2.0023274387
2.8547673784
1.6747517933
3.0458147578
0.6653710091
3.7273159410
1.7603326924
1.6860447031
3.7524335963
0.2500720830
0.0651137821
3.6650832119
1.7149030631
2.0975593395
0.2155066739
1.8113496141
0.1628310080
1.8297940509
2.5775356779
0.5365842599
1.2910773664
1.9692989572
3.7505584312
2.2782486669
0.5725217428
0.1205423791
1.3875774383
3.7248670836
1.1598013707
1.0970007901
3.3327605117
1.5764507051
3.4925203635
3.0122420715
2.9337047610
4.1387957131
2.9397644804
1.1134978232
4.5366478743
0.8698623549
4.8409015354
1.8799560690
4.0066660401
4.1247572501
3.4795263899
1.8674058750
2.1719390230
4.1473128239
3.5401227588
1.7029730942
3.3020737063
0.7732690251
4.6742883830
1.9686969806
1.6665469014
3.1131211141
4.4285570387
2.8639310875
0.3424704681
1.5204361034
2.9599269375
0.1104539966
0.3536358453
0.6006172225
0.4547718708
1.6203163225
2.9183250350
1.6305933698
1.7540955445
4.7475254207
2.6954699551
0.1247367131
1.4209424805
1.2064986009
2.9718159648
2.0575992320
3.9276772126
2.8817447336
1.3918373130
4.4290658589
0.1208888193
3.1465332388
4.1529263395
3.9996307961
0.9845966911
2.0285738807
1.2671235287
2.5282223618
3.5785773821
3.6362808720
2.1142860383
3.1859631810
1.0039780061
2.9214758278
4.8076471660
2.7982144742
2.2345304715
2.7879664155
0.9793624377
2.5640984497
3.5558594700
4.1480164325
2.2296586580
4.1254291569
3.3504371001
0.1211188304
1.3180144307
1.5917424488
1.7401548833
3.7056411893
4.9984433874
2.9891577194
1.6063612821
2.9309036584
1.3940887201
3.7805106588
4.2182762124
1.4152677173
4.7902586670
1.6230752036
4.8502950274
0.0681806012
4.4116514046
1.4868769731
3.6078095897
0.2372801719
4.9913734195
1.0778475833
1.2264049183
2.2251887322
4.9796119365
3.2007621321
1.8928630435
3.7972070744
3.9622684176
3.0900486626
0.4561727042
1.0365822400
3.0389105945
3.7432913548
3.5661809285
1.8473093676
3.4600940092
1.1518263721
1.8757319201
3.1776099180
3.0521046759
1.8526335209
3.0638465907
4.9655008141
1.8087713128
4.0712659728
4.9430540901
2.1695519247
0.3421026761
2.6104670698
4.6793713614
4.5244681713
4.6336619324
4.6151554881
4.3202396455
4.7870976525
0.0849597863
4.0415005943
0.5511945395
3.8515538858
1.2365203042
1.5338665007
1.3090202453
0.8031688556
2.6110621004
3.0046089204
0.5060955821
1.5439093643
1.9764818468
0.3823212606
1.3716807513
4.3037624999
1.3496909872
0.1865282774
1.5107462869
3.1036221902
1.3441291535
2.0715248642
3.7049606730
1.9587081107
1.9638731456
2.6076869730
4.2346073122
2.4139659676
2.7682175240
3.0118990770
3.3510964585
3.4438047049
2.9655859223
4.5546308030
4.7595999422
0.0906167863
4.5784301974
2.0426621836
4.1280175710
1.6756227096
4.3758015348
4.2646352360
0.7854605693
1.4106256151
1.9625727104
2.0807570645
1.7398108533
0.6423265788
1.7995179047
4.0054792267
3.7744119256
2.3471312424
2.2029048668
3.5683375069
0.7889192440
1.3921941338
3.6228378697
0.4169883247
1.3547616592
3.2192436954
4.9538478671
2.3495805733
2.0531424731
2.1760789666
3.9073226025
0.1108375551
2.9602654151
0.6042233824
0.8320932099
1.5656006625
2.3133589259
1.8308825538
2.9562591316
2.5612373652
1.1205681391
4.4530265144
0.1301790384
0.5204987097
3.2219894275
1.2381730471
1.4581459168
3.2615087371
1.0377638900
3.8004826760
4.0358886690
3.2420877861
3.1875752623
1.0954080136
2.5746144984
4.9701863860
2.0850910043
1.0678157262
3.3423650997
0.6375941703
2.0174443049
0.2967887143
4.3331693001
3.6251717689
1.6460060226
1.7179145240
4.2676243614
2.7276407748
2.1082907031
2.9365938221
2.2095417274
3.1655904485
4.2753563477
2.9427052846
2.6671896339
1.4310776276
2.3035951136
3.3199107908
3.8401187672
0.0683911622
2.5090981679
2.1371726872
1.6198571142
4.7687319157
1.1471640555
2.3940034016
4.3918203559
3.8803567653
4.7749827415
3.1460221631
3.0941436865
0.1559079153
0.1536685088
0.6981243242
2.2349638464
4.4060800250
0.7638607002
0.6566711111
2.1617555027
2.6614749414
4.8899134468
2.2704018434
0.2140679664
4.4985900568
