2.4757047153
2.0708620157
1.1383550406
3.3899853465
0.8366201475
4.6399155480
4.7886350711
1.8513574663
3.2858080498
0.3426350342
0.4332447903
4.0549726004
4.5688310174
1.5207798841
2.2456080063
3.3837663771
0.7312545097
1.9971694419
3.1835148976
0.4718397736
0.6495275037
3.4140228855
3.3700474307
0.5345886025
2.5155805129
3.7292126476
4.9750347976
4.5071162826
2.8276753142
1.5062205128
3.6010598016
0.8690305275
1.1032830645
3.6359849929
3.7188734558
1.4282443920
4.8585982072
0.5241113246
2.0309411765
2.7649185033
4.1525037313
4.7730892964
4.9415914225
4.8400145866
3.8198030071
0.2723618907
0.2663430055
1.9950258859
4.2093636558
2.9935672562
4.3755521516
1.2073780865
2.9781437691
4.8664205923
0.6082712733
0.7199501911
3.0931793449
3.9030189705
1.7464998978
3.6864687820
0.3724181113
3.3434737246
0.8588108396
4.1236265496
1.5043280332
2.4404596478
2.9222530695
3.5452371754
4.7686527931
1.5894006304
2.3446933839
4.1862589546
1.5203204825
3.6775953932
4.1342134770
3.6709192306
0.6697496844
0.6807574060
2.8113039254
4.5083961100
3.8106781395
4.9184577657
1.8124934772
2.5336333428
3.6168273288
0.8082015323
1.6854474530
4.6750739971
2.5975006404
2.0768446188
4.6858145806
3.5037189542
1.1065073696
2.9214025980
1.8311737594
2.3803925923
4.6161487097
2.6107725446
1.1889326460
3.6050006533
3.0665591678
2.1153670928
4.3301851376
1.4205894794
3.5892565647
3.0011540569
4.8931963534
2.6269819085
3.9817300057
2.5642380613
1.0068281619
3.7076184138
4.0173269999
0.8761704614
3.6299472066
3.0160428983
1.4422523301
3.5010132221
3.3873973351
3.6554362067
2.4104513876
0.4033191712
4.2118208805
3.1190372145
3.0994335535
4.3402579675
1.5344549480
3.6476466124
0.4382358934
4.4978720412
4.1736112893
1.1622525248
0.7558979928
4.5457724721
1.7290980600
4.8078452110
2.8588042675
3.7294891053
4.7522103151
4.8145205969
1.5924645885
0.2563049516
3.2875800707
2.9629545948
3.5027866370
4.5479899143
0.4042377002
1.3053323955
2.3393081094
4.9997859261
1.8934209168
0.5150344769
0.0344927834
3.5947924838
4.5203271653
0.8471342789
2.5359656099
1.0501911519
4.7021164878
0.9184966534
2.6900074561
0.4182876742
3.6366363823
1.5455516317
2.8929139711
1.1110237026
1.1327844220
3.5973500632
3.7007343324
2.8694246388
3.3669999912
2.0721065853
4.1668584165
2.0455384890
2.6995600002
3.4310465034
2.6509542976
2.8180407854
3.4832464113
4.1210667880
0.8925359594
3.3162153215
0.4552824228
0.3876928675
3.5892527821
4.6009775129
2.0565507630
0.0753825013
2.7757517981
2.6446194324
4.6209883141
1.4898410895
2.3162099535
4.7897807936
4.3392977769
2.3662396088
4.5455307398
0.1576711839
2.7569558638
4.0607622870
1.9045366263
4.4487934876
1.1147801281
4.7265764393
2.5876797946
4.9474795060
0.3945195748
1.1180569115
1.1728778117
4.0437040851
3.5711591999
1.9109826168
3.7377221472
4.5392764152
1.3926021514
1.8566480225
4.5307948947
1.5561243872
2.3664668392
3.4827184620
3.1980767701
3.2356227814
4.4088866237
2.3946501201
2.3399764867
1.1615264478
2.4430282329
3.9531637841
4.6625220126
4.6849383214
1.7827783656
4.3433012775
3.6955170662
3.0358769093
2.3225375920
0.8998252131
1.3803955544
2.3085416095
2.8157832280
1.3060916318
3.3211415790
4.4705646830
2.0671198979
4.6861015349
2.0736471815
3.4127687091
4.9046545699
1.1124166018
1.0935432371
3.4957257300
2.8270635235
3.0593268051
0.3317749005
3.9113718410
3.2336385329
4.4475285137
1.5635408131
3.6388265178
2.9125101076
1.2131813298
0.3528389727
0.5882823177
2.7643734683
3.5532556299
1.7255507921
2.2783755359
0.6242396203
2.8663809130
0.6731625087
1.7419547840
0.0754759861
2.8429028873
3.2019088050
0.2918900681
2.6577901231
0.5316250833
0.8339913303
4.8698926165
2.1985726604
1.5989439632
4.9548638297
2.3427532313
3.7555032869
3.4271053268
3.7702998667
1.7755871512
4.9735129858
2.4035596023
4.6166077080
0.2023541028
3.4226882955
4.4174446621
4.0750939149
2.1099862135
4.6027257441
2.5897724471
0.5364915915
0.9619115712
3.9469483241
2.9617602096
4.1919751568
0.8957402448
3.0231575006
4.7948739297
2.6846199877
2.8526403582
0.6638153439
4.2936107162
2.0193963884
4.0248571283
0.4339585155
1.6480340933
3.6223021454
3.6634254703
0.3971905683
0.9609113132
4.3719504788
3.0690296291
1.8190579125
3.7304305250
0.8523795758
0.4219291540
2.2696894174
1.4134680919
1.2372001384
1.9967821785
3.5859965173
4.2089278953
3.9962375727
4.0880622378
1.6258414397
1.5416054011
0.7909696398
3.5527165424
1.5058623322
2.9632849094
4.4093476533
4.4980095594
2.6401971934
3.9414290763
4.6896836953
2.1215187285
1.9839001839
2.6020607898
1.0434769089
3.6925069875
3.2927456519
1.2105891279
2.2452527600
2.8730222966
0.3163436373
3.4938387227
4.5912393115
0.0648253602
2.7856472600
3.7629757249
0.7061680896
3.8645060526
1.9962438350
4.8280790114
2.2074530890
1.4719244746
1.1481393308
4.4916026262
2.0178839454
3.5625369152
1.3195464832
3.7638599939
2.3918073432
2.5664980766
3.7305720344
2.1060025201
4.1162284022
0.9390515605
0.5123947663
4.9249600930
3.9386301458
0.1281386072
4.5238847940
2.1237790502
2.0194982764
3.8950032594
2.3516125367
2.8561796821
4.2120894119
0.0986082820
1.7574344656
4.3055306125
0.7280577542
4.2697831368
4.7825486880
0.5684967594
0.3889469127
1.3592108844
2.0259382404
2.7881813268
3.2146743631
4.1057578932
2.3519401816
2.9695957373
2.7260248500
4.0275164726
0.2753957732
0.2938248937
2.5944899901
3.1546488431
1.3681777610
4.8015039671
1.3558334805
4.1961990095
2.3382065997
0.5695073630
2.9004387170
1.8361099355
3.5773349480
3.6885159297
2.5913473368
2.5885047371
4.3493004709
3.6479451516
2.7580873003
1.9887452342
1.8005474809
0.0362803368
2.2297066581
1.5628769302
4.2979497926
1.6099949611
0.6532881892
4.7899391518
0.4168069135
1.8168706995
1.8846597038
3.2635204782
0.1740349247
3.2767625576
4.4166990371
1.1632555367
3.7949586595
3.7248552322
4.9488506862
1.4841975528
1.6528846504
4.6625576904
1.0111367243
4.8407945334
1.7796713273
1.7958272758
1.3895971207
0.9893034344
3.0294156971
3.0794727355
0.7008979705
2.0027789413
3.1183707537
1.3415527317
0.2155894563
0.6192793836
4.1601467450
1.5001829663
2.2065926819
4.0777746151
0.2796087069
2.9748363151
0.1169849086
0.4966772521
3.5007639262
1.1576366628
2.5047002362
1.8543322589
2.4580627924
3.5724037460
2.4776564826
4.0446983456
2.9372663800
4.3886235859
1.5179729737
4.5284707812
2.6873406575
1.2555423093
1.6858972337
2.3317868593
3.0003219893
1.4127806539
3.0609752248
1.6913051886
4.8889881515
0.8559375291
0.4286688784
1.4638660211
4.2253149901
4.0794139715
4.0544602667
4.5472548095
2.3745776643
3.8780890129
2.4445229286
3.3600628900
0.8746687027
1.6115866754
4.2029516626
4.8456504507
0.7874794251
4.6698838350
2.0316115857
1.2682755696
1.9743782025
3.0302423701
3.0418095040
1.1071919043
0.7218951068
2.3693511409
3.4597446933
3.8036944084
1.6332893056
3.2507042434
0.5032261332
1.7315900317
3.2889596460
1.2083169676
4.3192381097
0.1263965721
0.9115118075
4.8097102608
0.9250099907
3.4838604670
0.7131937466
4.9226235846
4.7543379247
4.1133911852
2.0834564803
4.8032151527
3.7316802914
1.6741187929
3.6373161031
4.3437729765
4.4752940060
2.0260000510
3.0013368889
1.8935102188
1.8543092973
0.0693598549
2.1894009369
0.7282993981
1.4206954252
1.2252167738
4.4065786565
1.1787822882
1.3237130179
4.2055866926
4.0235930059
1.0188712461
4.9504693731
1.9456949157
1.4594303659
0.3090534861
2.3710052286
1.3047873790
4.4840688058
0.0250678041
2.4899842403
0.0032736378
2.4611718515
3.4795137682
3.8001937653
3.4436408714
1.7616592482
3.4619717302
1.6169865975
0.5814570837
2.7286671937
0.8355785004
3.3594121095
2.9694657896
3.4135256610
4.8911634689
4.6856408750
1.9190215786
4.8476112950
4.3835736700
2.3305433463
0.4138088505
4.8985075176
3.8713990805
0.2157296034
2.8039325282
3.0786704751
2.7167716297
2.5814076371
0.3152024998
0.8442368683
2.0451982970
4.4401111385
4.2680107148
4.5198190894
0.7385705871
3.8803484121
4.4300040937
0.6068410042
3.4627649199
2.5998208565
3.7722955007
2.7385257322
2.0929313646
3.3599665495
4.7838617983
1.3100314520
0.1761069958
2.8037408694
4.4748102611
0.9790441553
1.1967552687
2.6349158733
0.8962351827
3.9576039559
4.0239195102
0.5285523709
2.8804431802
1.7229155878
3.6097072176
1.2280873603
1.2965312997
1.4018506682
0.5717376591
4.1247237877
0.2869143595
2.3348907119
2.9740585915
2.6401735120
4.1427998550
0.9201123321
1.3720640648
1.0155769707
1.9613079971
2.7618311075
4.9104445795
1.6095184102
0.3525638830
3.9026748010
1.0656186204
0.6290127276
2.9084062098
0.7687515428
3.0650011127
2.8523230343
0.1602451560
0.6874408046
1.3575549548
3.4852660551
0.4250688840
2.9940160515
4.9691667823
2.8476894846
0.4267763691
4.8902844306
4.5714328260
1.2791004980
1.3741617517
1.1848022966
0.4955054561
2.0376518157
0.3443749537
3.6747223563
0.3089310614
0.2411401176
1.2570427017
2.3343002871
3.4712256199
0.1492552480
2.4030861858
3.2805124252
4.7247309772
4.5405766224
2.7153741479
4.0837130733
2.4456427794
2.2139095871
3.6155860672
2.7880167275
3.0636955208
3.0002782688
3.0510370908
2.6749786107
4.6986515754
2.2586567441
4.0328672716
3.5336429044
2.4014146923
0.9353662079
3.7171803172
4.9442335449
3.3243445736
0.5746563117
0.5258142579
1.8114039601
2.9793831153
4.4976130136
4.5039459998
3.3313912304
0.6272350052
3.9301072132
3.6563064677
3.4966134263
3.1325209379
2.5105571921
1.3191707687
3.6478078624
2.1281110453
1.0879875049
4.2163713346
1.0099592889
4.5694445581
0.4140165318
4.0473691381
4.3918621587
4.1923695308
3.5134084752
3.6750416478
0.6036766460
1.6848389802
2.6017222204
4.9595639874
3.7313755965
4.6657473297
3.2110432437
4.3399546213
1.2962656314
0.6584789225
3.1320847128
3.5420366054
0.8821517652
4.9306888870
1.2200041298
0.5143628371
0.9081776985
1.3268911054
0.5196414009
0.4138266196
2.5035149650
3.4811587867
1.4117071191
1.3101100388
4.5581199243
2.2013454667
0.0735251946
1.2108199467
1.9045797396
0.4545284776
4.8856758221
4.0632575686
