2.9245497651
2.2062282362
4.4734987805
2.4173301474
3.6187102140
4.0323648939
2.0811231418
4.6771064915
2.6249148242
3.0292169182
1.7846345658
3.1658107682
4.8653562112
3.2668018520
3.4764605380
2.0743028766
2.5304000206
1.6861202678
1.0068873459
1.9896581132
2.9986257377
4.6059526994
2.6768019029
1.1632849403
3.3121473630
0.9578825932
1.3950260920
0.4701385374
4.3847482950
4.0103344370
0.1292645579
2.0621307717
3.7836071034
2.3448156666
0.8205232118
3.1133570253
2.2542215917
2.2428336946
1.2647218312
4.4832767075
3.9113467123
0.6381332685
1.7649716045
3.9273175625
3.8457615586
3.6720971445
2.3120938493
2.2064693702
4.5875108914
0.2746325903
2.1135209787
0.0853606513
4.6015915138
0.2710103017
2.9314716802
2.4622678234
4.5931623636
3.3074387544
4.6455807503
2.3978102455
0.5781634940
4.4932786264
2.9739666729
0.4581820269
0.2842722356
2.5024865252
2.3866383951
0.8732326922
0.7295688340
0.9660076578
4.9584034022
3.5422290844
0.6659177974
3.1534210945
3.5328936968
4.8665305813
0.7453091352
2.0973117196
3.9184511892
3.9176340913
4.6852846803
3.6968576397
4.4895108926
1.1831647151
4.6797628288
1.7653635516
2.1185157308
3.3975977018
3.7703593615
3.1054471635
2.6736422789
0.0371177244
4.6975966020
4.2289300326
2.7626889338
3.4204978462
0.8687370624
2.3379539387
2.1249784068
2.9447831674
2.8775350160
2.2793219734
4.2282816119
3.4335883439
2.4997591536
2.8335576911
4.6394315550
3.4777842635
2.1663157097
4.4398187712
4.5439402662
0.7972024668
2.6232332392
2.1518514695
2.0956607322
1.2947967233
1.2553216425
0.7110115285
4.8020757322
0.5616648240
1.4492781573
0.3805139614
1.8794980246
2.0257704522
0.3642958958
4.9591410525
4.9463080403
3.8255602489
3.6663751956
0.8593928275
1.8279376635
0.3915152126
1.6597086117
4.5493899641
0.9068583951
3.8967036818
3.9484958827
0.1027434385
3.9122007548
1.4074356480
4.3097597122
4.2372209567
3.3702957483
0.1461003568
3.0172157802
4.5406252133
1.9584901706
4.6422713807
4.9836651038
1.6482360590
0.5647719943
0.2703809097
4.9810127603
0.8459655670
3.0654016677
4.2810182071
4.9397881349
0.9006645675
0.3178563870
2.6596413408
1.1514873197
2.1655592906
0.0185588607
3.1757767318
4.7153421366
4.0544701269
0.3013063352
1.7053130743
2.0450315389
4.5312789995
2.9258912378
2.1590950870
1.8298039389
2.1072002507
4.8155882965
0.1766336740
2.8185123628
1.0920300945
2.5010759733
1.6414427034
0.8448423180
3.1990843831
1.6866890542
4.2444840811
2.9588239375
1.5774914989
4.9080158490
0.9177724057
3.5854793910
0.5385194212
3.8487342219
3.3378035588
3.6487028029
0.5814412407
3.8458271626
1.6676984225
0.3203670402
1.3139644238
1.9681573849
3.7804888351
0.8649888016
0.8354737670
4.6016630630
0.8496382084
0.2234745073
0.5193990483
2.0286398477
2.0756292529
3.9305536294
1.6331736860
2.1277993131
4.5613362948
1.4951473646
0.1878830699
0.1407675228
0.7791250448
2.9374080122
2.9603184484
0.8097610463
3.4675086907
3.1074121287
0.0013871487
0.9663280543
2.1361811648
4.1860375586
2.6884402886
2.4838706417
2.0799166752
1.2565648489
4.6249478227
1.0543978369
2.0418644215
0.5448064001
2.3970855610
1.4354484089
3.5159991292
4.2554960614
1.3993325188
4.0748451480
4.4308569688
3.4233067923
2.0043674200
0.5629993342
3.3592628706
4.7788685648
4.2187831840
1.4046021797
3.9017345231
4.8748219130
4.4059156012
1.6290707018
0.8979507688
3.0861785350
0.5190399544
3.7730353130
2.2375429898
2.1956081568
3.7490848778
4.5350669677
3.3280777246
4.0908945581
3.3057290887
2.7049695445
2.4971424916
3.2724922872
4.8022915760
0.8551598257
3.4727449178
4.9182832264
4.0643322091
4.3133995361
2.5207331070
3.8453178696
1.1186053480
0.4435329671
4.1917130343
2.9001939992
0.2103367013
2.5886463198
3.0181719363
2.7970644726
1.3382312099
1.7895525990
2.9335354987
1.7919900998
2.4617999410
4.7066952545
3.8901364281
3.5620021854
1.0262746698
1.9370563477
2.8171230493
1.3649762754
3.1464428250
2.0366773925
1.0698842104
3.7510330626
1.9001905783
0.2068047368
2.2204313075
2.4270883142
0.9915208973
2.4659329760
4.9673049819
1.1334101714
1.1655741501
1.6652409924
3.1010333025
0.7552732750
1.3871041749
2.3808223479
0.5471553335
2.1853139765
0.9494604162
1.2680564893
4.1766592288
4.3849034459
3.4620295878
0.1424261215
3.1798126816
4.5183048611
1.4970561786
2.8736607148
3.6533560228
4.1947311124
1.5666727637
2.1785030177
3.6655798069
1.6344596473
1.8808363530
3.8695061910
2.4047396590
2.7503052785
3.9178186962
2.8765503408
0.2525168063
2.6200390369
3.4601943951
0.9833203560
2.3778833803
0.9244355442
0.2282936514
0.3075386254
0.0429725750
0.5858219620
4.2253443230
0.9616479694
1.5297053855
0.9002024088
3.1176534795
1.4358685506
1.9154332535
1.8897818916
1.4609296554
1.1897091684
0.7822898133
2.7801773279
4.9801063074
2.8783247797
2.9760003804
3.4365692071
0.8728024016
4.9994298646
0.3263951736
0.1749299193
2.7719804066
1.4632779455
0.5977568101
2.6383028197
2.4356930503
4.3666027330
2.0994746870
2.8245637706
2.8734308368
2.8111125654
2.3064737635
3.9424632669
1.7400003172
3.9334886081
2.4178533104
1.5189363671
1.7777112841
0.9078352312
1.1275576931
2.1852185861
0.5426872234
4.8097696631
3.5522765346
2.3253827202
0.8662203195
2.1760439818
4.5218309573
1.4123033266
1.5602778892
4.4026173130
0.5018663555
3.4071763388
4.9386641212
3.8609163305
0.7066856101
3.2246101249
0.2812072411
4.6057393424
4.3435901308
3.5216252476
4.4850605125
3.6435999788
1.9843449258
1.1519423285
0.7202836414
0.0376223231
1.3126683489
1.6236148224
0.9099419822
0.2703668127
0.6804125893
2.0359152169
2.5897822625
0.6607869483
2.2039176463
1.8685732699
2.0489981657
3.6431173411
4.4335847977
1.9117824328
4.3196948415
4.0367254730
4.7748457255
2.7082496456
2.3545310778
2.2552992945
3.8713458286
2.4190032953
4.7239192608
1.6752920113
2.5783851351
2.7033583658
3.0684792011
1.0770306695
2.1566629444
4.3416557321
0.8796802163
1.4226680080
2.0564731876
4.1390582297
2.5503993448
3.9941940639
2.4971418150
2.4823386310
0.9642300444
3.5986267578
0.7852556039
3.5223980321
0.6826780048
1.6884957100
1.4707989522
0.7069964693
3.3758865924
2.6416724144
3.4785117833
0.5652749107
3.9363767631
3.4089591777
2.9415529628
2.6631381471
2.4557228303
3.3497304898
3.7279699131
4.3121156308
4.2484990828
4.4300502807
4.4127317395
2.3702110103
1.5217307132
1.4144184095
3.4875004426
1.6584050767
0.3350986624
0.1176062802
4.8983380215
4.6084301111
0.7290396169
1.8385262489
3.9927467599
4.6243502792
4.4445323298
2.4309690462
0.7795110682
2.7911518197
0.4777774812
0.9991893423
1.1485722206
3.3973823717
0.8412932659
0.3781983955
3.6575675037
1.7959199573
0.7044206082
3.5733360152
0.4137729936
2.3378629301
4.5032431613
2.4109683900
1.9151997001
0.0506016912
2.4129858761
4.2773452541
0.8658264970
0.8542752150
4.6136947231
0.9967259423
0.5538553821
4.0235694871
0.2291769390
1.3894506922
0.4380155132
0.2973448938
2.4346787590
2.6379176340
1.8880174470
4.1506744816
3.5936037995
4.3212788489
4.2870883838
1.7969488885
2.0588628807
0.4215672210
2.8460483058
4.1467956990
4.4494529501
1.0840111262
0.8716859963
3.2713350516
0.3549716797
0.7772128558
2.9524583661
0.5960385981
0.9254930939
3.3550106250
0.6000865889
1.6750894391
4.1451910414
1.4971896242
0.5479035868
1.6921954972
4.5670592655
1.9923564109
4.8403897106
3.9204520106
3.2829220768
4.2304695544
3.4409123498
3.0098694906
3.1256659890
4.2675794154
3.6770809874
1.8059956482
2.8353829615
1.5997478189
3.9792872055
4.2267025285
1.7821579187
0.7909957278
4.0449896572
2.7173474502
1.0179397864
1.8111904123
2.4793223597
3.7884373973
2.9488142227
0.0893845895
0.7749711495
3.8265453172
1.8756803364
2.1272351518
2.0574230859
3.6110823994
3.4725807818
2.0623599704
1.6452172963
3.0097869095
2.9626275249
1.8550644064
2.1714085552
3.0482365940
3.1446120885
3.0916361641
3.7479170762
4.7277421199
3.4301220249
0.5668445279
2.5977248906
0.5166725211
4.9105625434
0.4064894055
2.3530611040
3.6682642663
2.0032864515
3.1125535157
4.1459905670
2.3695623978
0.0715746583
1.4190690753
4.9795033908
3.0382492709
2.2981162607
4.6121950105
2.1437415847
1.8342728332
1.0676694888
0.1348136175
2.5679642126
3.0095561579
4.8116253431
1.0214232772
3.6119391649
1.0904421744
0.1432524312
2.4160778600
1.4914782387
2.9733162604
0.7036071039
4.0530803949
4.0957480198
1.8540936576
4.3087053301
4.8311799898
4.6358623814
3.9376225927
2.1809546326
3.2068734395
0.3152885698
4.1548265996
0.5325436580
3.0564279979
1.9360981434
4.6155049056
2.8941163787
2.4103960039
0.1575117872
4.3456669300
0.0253753374
0.3152869700
0.5640935505
1.4932600036
4.2601465607
4.3069249633
2.0430406610
1.7689474241
1.8099055917
4.1367001634
2.4291100698
4.4436209685
0.0379423513
1.5388999571
1.3707675910
3.9166270609
3.5104900210
0.7936783708
1.7742102265
0.2539129926
1.7986426907
1.4707196206
2.5681923273
2.3697479928
1.4412459134
1.1436236376
3.4304019447
1.7762575901
2.1577963949
3.6704651616
1.2569303903
1.2792676753
2.6234896136
4.2334549562
2.7247259498
0.2750510170
0.7657900370
3.1273884409
2.1805172127
1.6592927681
3.3212755839
0.9554551310
1.1293528838
2.9463567908
0.0891588932
1.6204782762
4.8355785612
3.3037804818
2.0480706044
4.2438595624
2.4858270945
1.5145162668
3.9577870564
4.8731452549
0.1976331073
1.7090621063
4.7681043721
4.7875592660
3.0419143765
1.2731952873
1.7016356329
4.1300418979
3.5392383282
4.9870825197
1.1926955729
2.0008920042
4.5980812497
2.9312489838
4.4555207528
2.5742615867
0.1008862322
0.3880385389
3.6548603077
4.0423469689
3.7764536770
2.1482008762
2.8715959328
4.5666362210
2.2940007153
1.7161380359
4.0347675743
3.0001100167
1.7971734335
3.6997964717
2.0465761458
4.0335791427
4.1905836685
2.6184908067
4.6041143107
1.9737280234
3.1753906530
3.8010056336
4.9443737635
2.4558964194
1.2855022664
1.4546812402
0.4592503252
4.6727724816
3.4367013888
0.2320120479
4.9746993512
1.8182161487
0.9051051821
1.2133618994
4.4208912464
0.3262340333
0.2896593409
0.5621421814
1.6743131034
