3.4565366890
3.1507525784
0.1678696929
1.0395458450
3.7851604779
1.0457925928
0.8077952715
0.3642680358
3.5616092395
4.0608263286
0.3994700535
0.7447332877
2.4448996248
1.7789099637
2.4713765170
3.6197644511
2.7119527604
1.9623102451
1.5441577000
3.2507913761
3.2420881829
3.0846920449
0.3909371492
0.6559843045
4.5880476393
2.4977819368
2.7434813888
1.3917330473
0.8110830952
4.4932969504
4.5732258374
4.6845725795
4.4208856323
1.5233271017
4.6170214378
2.8111754927
2.0899626366
3.2376430483
1.1513253821
3.0525481323
3.5652788385
4.9925740712
4.3183067813
4.3519005300
0.0269764295
3.3692993744
2.2614435079
4.5277557300
0.8348197138
0.6238752123
0.3907512880
3.5317921186
4.3383346082
0.0694644318
2.7385370051
1.4948682057
1.0277218597
1.1835514484
1.3208566591
1.8279832942
0.4814291509
2.8380472940
0.9386610705
2.2940249139
1.1753103871
2.8948739694
4.9525307804
3.0506151111
3.5007444588
2.4987477385
0.2781622514
3.1968879775
2.1787197147
2.5654650180
2.4742219709
1.3034304910
3.4281283247
2.1191649524
3.1433099668
3.9338431367
2.6643957278
3.5150574475
0.5196711278
1.9004961935
3.4747584962
1.0123471636
4.6686881361
0.2612673151
3.0852882825
3.2810605613
3.0334353328
0.1366664312
1.3390541019
3.9598273642
0.5086450138
1.7892303377
1.3221591040
0.3811375579
0.9439380471
1.9939719694
2.5729452695
4.6760731034
0.1333258863
3.1776935433
1.2982191919
3.1200077139
2.3596525846
2.7069388596
3.0983283292
3.3204111416
0.3692898522
1.8532133482
3.4103489043
0.5419442540
3.9581271141
3.6069112694
0.6461980568
2.5548705696
2.8744384700
0.5983531313
4.9014429581
4.1509466665
0.4729110069
4.8187731862
2.1028624751
0.2450208079
3.9879606172
3.7224521203
4.6509616449
3.9473240377
3.7000439045
1.1930340793
0.4908097927
4.4057637156
0.9282244716
1.0350952752
0.2445586223
3.6624337891
0.2436204481
1.3220639246
1.5862111230
2.4051718495
4.6250240823
4.5125734746
0.5986947056
2.8125780156
3.2990451698
4.6113333011
0.9807066887
1.7568477265
1.5673145664
3.3728186239
4.8624361461
2.3385674329
3.1329436116
4.1548345874
2.7320372798
4.0549117564
4.9235465254
4.2557436176
2.7961749443
1.1492207578
3.5602972981
3.5984305950
0.6162467939
1.7356093223
3.8489368408
4.3436123998
3.3357978097
2.8450751565
2.6422217530
4.2656972883
2.3935957523
4.3856603007
4.3324895679
1.5500106786
1.5908694410
0.2628412056
0.0319083105
4.5678975548
1.4309897474
2.2598571243
0.1563072126
2.3561831650
0.0966848634
0.2516436292
0.8816020376
2.1230433015
3.4856408380
4.5190503035
3.5407092362
4.4799485163
2.7425846204
2.2688468810
1.9900896422
0.0685734637
4.4478439727
3.4545431352
1.8309011966
3.3250984805
4.4327156837
1.9662724589
4.9180228083
2.7679958285
2.3651645846
3.6260501402
4.1444144960
3.0781330447
1.2004600031
4.9268726469
3.1275039591
2.4839108838
4.1259975623
1.4077565821
0.2432632694
0.3943787112
4.1940416832
1.1074331966
0.8127130129
2.6181562211
3.7673718640
0.9106492340
3.0207415089
0.8469823285
1.6783628366
2.3446352679
4.9799552591
4.8043803262
0.4900391053
1.6291713725
0.9000100816
0.6999682247
0.9569072237
3.4898147663
4.5083620426
1.4791749121
0.1132985139
1.4463877874
2.1300998626
4.1104916982
1.9075898540
2.3520150218
0.3765775096
2.5549652539
3.8826747047
0.8242284144
4.4346837667
3.5656172350
0.6477197842
4.6494365708
4.9761162296
4.4711783029
3.2554787950
0.1040120026
0.7199470224
4.2153951350
0.6957824129
2.5961456122
0.4486780687
2.2097786669
3.5324474374
1.8473340491
4.5801115991
0.7767055405
4.8815366323
4.5839105232
1.2825582559
4.8270828578
2.9780684155
4.0585360392
3.1526472564
3.8512841744
4.1709612618
3.6582936316
4.9823921426
2.6758325185
2.3778655051
2.9473558471
4.4699282489
0.8265394065
4.5188742491
4.1336332543
1.4868257211
4.7698276556
2.8178293709
0.6139919618
1.8300712831
0.0092155802
4.8395871870
3.7433088253
2.1503045279
2.6779912146
1.8393453263
3.6686970182
3.8669168840
0.2796528429
3.1947467592
3.1796897459
2.5280251217
2.9255566487
0.0223828512
3.3341489237
0.9375928915
2.3483390377
4.3375537869
0.7424264065
4.9071948888
3.1271404442
1.4803758207
1.0212306835
1.1658253711
1.6466445251
4.8238396134
2.0842496390
1.5130974890
2.9797818778
2.7121364642
0.7174828410
2.9801387838
1.9900761160
2.0030186260
3.7202026713
2.5850628200
4.8036025927
4.7493101338
0.7823752621
0.2683138231
3.4150816108
0.3357247756
4.0492374695
0.0652919388
4.5335588956
3.5622920247
2.9046778035
1.3329478910
2.0093817507
2.6499790180
2.1263651654
2.4725889440
2.9378299863
3.2431910536
0.0445922200
3.6776897447
4.1310017007
0.1440236643
2.3190580778
4.6434033800
3.3667056456
0.5713401608
3.1569404748
3.2796964111
2.1426194956
3.1714986873
2.2833586512
2.4141882942
1.5204072195
3.1850163686
3.3715874331
4.4110870259
3.6755441936
0.1034240972
2.4031584456
1.9919306336
4.5650960496
1.7324479862
2.0934087297
4.2606448198
1.4815817937
3.8514915592
1.9503681255
1.7138122332
1.4233938137
4.0558504174
1.1764974127
0.5767450328
1.1312422863
4.9584574898
0.7442072074
0.1323112126
3.2190595508
1.6741460891
3.9259357813
0.3034631042
4.1731865183
1.5139689301
0.0146001383
3.8786551553
2.6650384587
0.5731880791
0.1853416449
2.7140440457
4.8825068678
4.5379425585
2.5076730891
1.5553890113
3.6499178651
4.5867210875
0.1795310449
1.8593904684
