3.07
5.00
2.01
4.94
5.00
1.62
4.35
5.00
3.2
2.92
4.37
3.41
4.95
3.25
0.59
5.00
4.23
3.29
4.33
5.00
2.83
5.00
3.26
5.00
4.95
1.66
2.04
3.36
4.39
4.92
2.19
4.49
2.17
3.36
4.9
4.38
3.19
3.15
5.00
4.5
1.81
5.00
4.99
3.03
2.29
2.85
4.92
3.24
5.00
4.95
5.00
4.33
1.59
4.26
3.17
3.26
4.5
3.34
4.93
4.95
2.36
4.87
1.66
4.5
3.33
2.71
4.92
4.92
3.04
4.9
4.5
3.19
4.99
1.91
4.9
4.95
1.92
5.00
4.88
4.3
1.66
4.44
3.13
5.00
3.07
5.00
4.5
1.62
3.35
4.95
4.5
2.33
1.95
4.33
3.27
4.92
1.62
2.83
4.93
3.21
3.36
1.83
5.00
4.94
2.33
4.97
3.13
5.00
4.94
3.38
1.75
4.94
5.00
3.35
3.28
5.00
4.14
4.94
2.21
3.27
3.36
4.93
2.82
4.95
4.5
4.33
1.68
3.29
3.13
1.62
4.9
2.16
4.99
2.11
4.39
4.94
3.13
4.28
4.33
4.95
5.00
3.13
2.76
5.00
1.81
4.95
1.99
1.56
4.39
1.92
2.11
2.83
4.88
2.83
4.37
4.5
2.51
3.93
1.00
5.00
3.37
0.83
1.42
2.33
3.16
1.64
1.82
2.2
4.95
2.09
4.26
4.94
2.88
4.31
2.03
4.06
3.37
2.55
1.98
2.11
5.00
4.94
4.39
1.8
4.39
3.27
4.94
4.38
3.37
4.95
3.37
5.00
5.00
4.5
2.06
4.97
4.32
5.00
5.00
5.00
4.93
4.95
3.27
4.95
4.5
3.16
4.1
3.5
3.28
4.94
4.5
3.35
1.58
3.15
2.93
3.5
5.00
3.27
3.32
4.94
3.18
2.31
3.18
1.81
5.00
1.62
3.18
3.97
4.33
2.91
4.5
2.18
3.13
2.05
4.5
3.26
3.37
2.39
3.25
3.27
4.82
1.65
3.34
4.93
2.62
5.00
4.17
4.24
2.92
3.4
1.61
4.5
3.26
3.34
4.4
3.37
3.35
3.37
2.13
2.14
4.5
3.5
3.13
2.13
4.33
4.39
1.99
1.75
1.97
3.27
4.39
4.32
2.11
3.2
3.19
1.72
5.00
1.84
2.21
3.07
4.41
3.37
4.94
3.24
1.62
4.93
2.33
4.06
3.27
3.13
2.19
5.00
4.26
4.97
2.03
1.1
4.36
4.95
3.27
3.29
4.93
4.17
4.91
3.5
4.37
4.43
3.07
4.5
5.00
3.35
5.00
4.33
4.94
2.16
2.87
3.39
3.16
4.95
4.32
4.36
1.61
4.37
1.87
3.17
4.45
4.37
4.94
4.93
3.37
5.00
5.00
2.23
3.32
4.94
4.5
1.77
3.37
4.33
3.27
4.36
2.39
4.94
4.5
4.92
4.9
2.18
1.62
3.37
4.89
2.92
4.98
5.00
3.07
4.97
2.55
4.23
4.41
3.15
5.00
4.43
5.00
4.5
5.00
3.42
5.00
4.4
3.5
3.22
1.62
4.95
3.13
2.85
1.92
4.5
2.42
3.41
4.88
5.00
5.00
1.99
3.05
1.99
1.97
3.01
4.33
2.08
1.61
4.39
2.01
3.3
2.82
4.9
3.34
4.5
3.35
5.00
4.32
3.3
3.27
4.38
3.19
5.00
3.13
4.5
3.38
1.61
3.31
5.00
4.95
4.95
4.92
4.5
2.01
2.2
2.77
2.12
1.56
4.37
1.56
2.33
3.88
2.33
3.27
4.94
3.23
1.96
5.00
5.00
2.33
3.08
4.39
5.00
1.42
4.95
3.24
2.00
4.99
4.48
3.29
4.31
5.00
5.00
4.94
4.35
4.94
2.13
3.07
5.00
4.37
4.37
4.82
3.16
3.36
2.06
4.35
2.8
1.62
1.45
3.37
