4.48
4.43
4.47
5.00
4.42
4.38
4.25
2.00
2.00
4.42
2.00
4.25
0.00
5.00
3.18
5.00
5.00
1.00
4.45
4.41
5.00
3.39
4.44
3.1
1.00
4.39
0.00
4.43
4.45
5.00
3.26
2.00
5.00
5.00
3.17
5.00
5.00
2.00
5.00
2.00
5.00
5.00
5.00
5.00
4.45
4.42
4.98
1.00
5.00
5.00
4.4
0.00
2.00
5.00
2.00
5.00
2.00
2.00
5.00
1.00
5.00
4.41
4.38
5.00
2.00
5.00
2.00
5.00
1.00
1.00
2.00
5.00
5.00
5.00
2.00
5.00
4.42
4.41
5.00
2.00
2.14
2.00
2.00
4.42
5.00
5.00
4.36
2.00
3.11
5.00
5.00
3.17
2.00
3.38
3.38
2.00
2.00
2.00
4.31
4.49
5.00
3.02
4.43
0.00
0.00
3.42
4.42
4.39
0.00
1.00
2.00
2.00
3.3
2.00
4.95
5.00
5.00
4.45
4.45
4.41
2.00
2.00
2.00
1.00
2.00
2.00
0.00
2.00
3.43
3.38
2.00
4.95
4.45
5.00
4.45
0.00
0.00
1.00
0.00
1.00
2.00
4.25
2.00
0.58
0.6
2.00
2.00
2.00
2.00
5.00
0.57
2.00
2.00
3.41
1.00
3.42
4.43
5.00
1.00
3.36
3.18
2.00
5.00
4.95
0.69
5.00
5.00
4.46
3.37
1.00
3.08
2.00
3.44
0.00
5.00
1.00
3.38
0.00
0.00
2.00
2.00
3.31
0.00
5.00
2.00
4.43
4.33
5.00
2.00
0.00
3.2
0.75
4.95
0.72
3.35
2.13
3.44
0.65
3.3
4.44
1.00
5.00
4.95
2.08
5.00
0.00
5.00
3.42
0.66
1.00
5.00
3.44
0.00
3.44
2.00
4.42
4.5
5.00
5.00
5.00
3.18
3.3
2.00
1.00
1.00
2.00
4.45
3.25
4.44
0.53
0.7
1.93
3.42
5.00
5.00
2.05
1.00
4.41
0.68
2.24
4.99
3.31
3.32
4.95
0.53
0.00
0.27
0.00
0.4
0.57
1.00
4.31
4.41
4.39
0.00
2.00
5.00
5.00
0.59
0.00
1.00
5.00
1.00
3.39
0.53
0.00
1.00
3.38
4.45
3.29
1.00
1.00
3.3
3.41
2.00
1.00
4.28
0.64
3.2
4.41
0.00
0.68
1.00
3.3
3.28
1.00
3.35
2.00
5.00
3.4
3.15
5.00
3.36
4.46
0.69
0.13
0.16
5.00
1.00
2.00
0.00
0.56
2.04
1.00
2.1
3.36
4.43
0.00
0.67
0.65
1.00
5.00
4.39
1.00
0.00
4.43
0.00
2.00
3.33
2.00
5.00
1.00
2.18
0.00
2.00
0.00
1.00
3.41
0.55
0.00
0.00
0.00
4.46
0.64
0.00
0.43
0.00
2.01
2.11
3.4
0.64
0.57
0.64
5.00
0.61
0.52
1.00
4.95
3.13
1.00
1.00
0.54
0.6
4.33
2.00
2.26
0.69
4.98
3.39
4.22
3.09
1.00
0.00
3.35
1.84
5.00
3.3
1.00
1.00
5.00
2.82
5.00
1.00
1.00
0.53
3.39
1.00
1.00
0.46
1.00
3.45
4.37
3.15
0.00
3.28
4.37
0.82
0.00
3.23
2.00
0.00
0.00
2.00
3.13
1.00
1.00
0.56
4.45
3.21
1.00
3.38
4.5
3.23
4.41
5.00
1.92
0.00
0.72
0.00
0.00
0.00
0.75
0.00
0.66
3.37
0.37
1.00
4.42
0.61
4.46
4.41
4.44
0.00
0.00
2.00
0.41
2.19
0.00
2.00
3.21
4.95
0.28
4.99
3.17
0.43
1.00
3.37
0.00
0.74
0.00
0.00
3.21
3.38
1.00
3.23
0.34
2.00
4.43
1.00
3.35
1.00
3.17
3.45
2.12
0.61
0.52
0.66
1.00
3.12
0.00
0.81
1.00
1.79
4.21
3.35
1.00
2.00
1.00
0.00
0.39
0.00
1.00
3.34
0.00
0.00
2.27
4.47
0.00
2.06
1.00
1.00
1.00
0.54
0.00
0.66
4.43
0.71
0.00
4.49
3.00
0.00
1.00
3.22
1.00
0.00
0.00
0.38
0.00
0.00
0.00
0.00
1.00
0.00
4.45
0.00
3.29
1.00
1.00
1.00
2.00
5.00
0.61
1.00
0.00
4.44
0.55
0.45
0.59
3.29
4.43
1.00
0.00
1.00
1.00
5.00
0.00
0.56
1.89
0.52
0.00
3.24
4.38
0.6
0.00
0.59
0.00
0.00
0.00
0.31
1.00
1.00
1.00
3.36
0.7
2.3
0.4
0.00
0.00
0.54
2.81
1.00
0.67
0.00
3.02
5.00
0.00
0.28
1.00
0.27
1.00
0.63
1.00
0.52
2.00
0.00
2.14
4.42
0.23
0.00
3.4
4.42
3.37
0.00
2.27
0.00
0.00
3.23
2.48
3.34
3.3
2.22
4.44
3.27
0.63
1.00
0.00
1.00
0.66
0.64
0.00
0.00
0.00
3.37
2.00
0.00
1.00
0.00
0.00
2.19
4.43
1.00
2.00
2.00
2.00
2.2
2.24
3.34
0.00
3.3
0.00
0.67
0.00
0.00
0.00
0.00
3.29
4.47
1.00
1.00
1.00
1.00
1.00
2.26
2.24
4.44
0.62
0.00
0.64
1.00
0.56
0.00
2.00
0.00
0.82
0.00
0.00
0.43
3.12
0.00
0.00
0.00
3.41
3.32
0.00
0.00
0.00
0.00
0.00
3.33
1.00
2.02
0.00
0.65
1.00
3.2
0.48
3.23
0.00
4.47
0.00
0.00
1.00
1.00
0.54
2.06
0.00
2.26
2.2
3.35
2.16
4.37
0.00
0.00
1.00
2.34
1.00
1.00
0.62
2.13
3.34
0.00
0.00
0.00
0.62
0.00
0.58
1.96
2.26
0.26
2.26
1.00
1.00
0.37
0.00
0.62
0.00
0.00
1.00
1.00
1.00
0.00
0.51
0.00
0.00
0.55
0.00
0.00
0.00
0.00
2.18
0.00
2.23
0.00
2.26
3.32
0.5
0.00
3.32
3.37
1.95
3.35
0.00
3.2
0.71
0.00
1.00
0.24
3.26
2.00
0.00
0.00
1.00
0.00
0.00
0.00
3.33
2.01
1.00
4.43
0.41
0.00
1.00
0.00
0.00
0.00
0.00
2.00
0.00
0.00
0.00
