4.07618160486
3.37437469137
4.48499069206
5.0
3.78624226134
4.11160872706
3.41033811992
3.70977719585
3.86134191952
2.62192058896
3.26827322934
3.01642470027
2.42845150629
3.81931551399
3.88988207211
4.21546571329
3.07336307078
3.92427179294
0.307174219983
3.91519375427
3.82946927897
2.74532904886
4.32643630125
4.0977153833
4.37657890201
3.74140589787
5.0
4.01555153046
4.11475028203
4.55821791302
3.33924442817
4.24192897853
4.55050900332
3.29557289597
2.25525621942
3.18333125508
3.17584234984
4.13404550287
3.56095912397
3.14045730123
4.37101174231
3.57170414796
4.30618386518
3.72730614807
4.39280514663
4.07618160486
0.98266634811
2.42845150629
4.7423325308
4.55050900332
3.72730614807
4.12491896176
3.78599851363
3.50709170992
4.05239853545
4.22584051562
4.08077433383
4.15755924896
3.18062102342
3.69010043397
2.54513412349
2.61284635556
3.56095912397
3.87553381366
3.52918261453
3.49328065472
3.44624873821
4.92051217928
4.45783125281
4.37773434918
1.51197996069
4.26418132738
5.0
4.55050900332
4.14623148346
3.53452050893
4.49413241697
4.26894300837
2.75045954498
3.25078910788
3.18333125508
4.45783125281
5.0
3.76701807378
4.78263613167
3.39790918848
4.51383460871
4.29017022696
4.33429613608
2.75045954498
4.60091041999
3.55244684672
5.0
4.76617592303
4.66991983603
4.31761973394
3.71800882152
3.66006139079
2.733187957
0.697516172635
3.12752177015
4.49413241697
2.14843334045
3.56095912397
3.96002576243
2.90210554475
4.49277289485
3.99005384399
4.30618386518
3.33304599853
4.11475028203
4.16314504967
4.49661670951
1.70072790483
2.14843334045
4.41395176184
3.59370072576
3.59645706807
3.84738967025
3.35509141683
3.81292219277
4.58241295835
3.56095912397
2.63657932039
3.55143798136
3.45443894839
3.59645706807
3.09180677769
3.56322113994
3.73874266784
4.07226532904
3.2687523984
3.73968458385
3.49897362881
3.65873708386
2.94688073335
2.02948336493
3.0867780431
3.87919781968
3.24824094099
4.83634078026
3.29557289597
3.70681003318
2.74532904886
2.70603143885
2.62192058896
3.05386034875
4.66034211411
4.55821791302
3.90400800477
3.45638002608
4.7423325308
3.20876298662
3.26484168601
3.26484168601
4.32150014362
4.83980546671
4.61333531024
3.29557289597
3.81931551399
3.57170414796
5.0
5.0
4.00930925219
5.0
3.8155147378
3.87589922412
3.37437751002
2.86257194187
3.05902755873
2.95153206053
3.4186662516
4.07031204238
4.48178678929
3.84361863957
3.53531410657
3.12209639038
3.87553381366
3.8625333965
4.13404550287
3.24030672868
4.09079843839
3.50347152744
4.45783125281
3.97515538911
4.52144536411
3.46134266309
3.81931551399
4.12491896176
4.35152573237
3.49020020888
4.82374027355
4.45695480521
3.84361863957
3.18062102342
3.4809051766
3.47294529303
3.81931551399
3.674929684
3.40197285978
5.0
3.56095912397
3.35621909627
3.99696217015
4.56781593589
3.5454552248
3.29557289597
5.0
4.12491896176
3.32033856747
3.76701807378
3.44624873821
5.0
4.04852930051
3.72730614807
2.36129762089
3.85245769055
3.02200895372
4.75283633646
1.39249846846
4.81568059188
4.07618160486
2.85800108719
4.26818336892
3.43348696373
3.70105804069
4.47131265536
5.0
5.0
3.32033856747
4.29017022696
3.89801908974
3.44229441282
3.51143219615
4.78130582386
4.50009487123
3.76701807378
3.39946488892
3.79158320316
4.09461951972
4.66991983603
4.77607293643
4.83980546671
5.0
2.07490805496
3.86078022314
4.67011639412
3.18333125508
3.49594731823
3.33924442817
4.88542927639
5.0
4.26218896906
2.23071215991
4.18611049144
3.86118163446
2.85392568362
4.26894300837
3.46163963702
3.1796930582
4.06673980979
2.42845150629
4.49413241697
3.51143219615
3.11836628872
3.44142217091
3.80288250133
4.36808700955
5.0
3.86593992887
2.90402485228
3.81931551399
3.27148723403
4.21378809431
3.74175236437
4.07226532904
3.84370463563
4.10127930971
2.66472567046
2.95145951198
3.38372128597
3.59645706807
3.13901295946
4.23731363171
3.0202785649
2.90334732034
5.0
3.06818009875
1.70072790483
4.245103471
4.02089262752
3.59645706807
3.65873708386
4.12491896176
3.81931551399
3.93185347467
1.96392535979
4.47131265536
3.20535871156
4.47131265536
3.50282126621
3.51073710155
3.43492247253
3.79615981242
3.36045360002
2.14712582105
4.63202507295
2.14843334045
3.6070903903
3.59645706807
3.57380959701
4.40674808519
3.19787535926
4.12883461365
4.31829014111
4.56781593589
0.697516172635
4.55050900332
3.78839189469
4.11481034659
3.24710920408
2.14843334045
3.97946618485
3.55527895432
3.25687772452
3.46598904462
5.0
5.0
2.30081989595
4.29017022696
3.02462585447
3.94032788436
3.69965993103
3.7687905916
4.04852930051
3.58875910919
3.912772546
3.87521685439
4.37773434918
3.92245896311
4.23927893994
4.07618160486
4.07618160486
3.78819651589
3.31402304418
3.18161980715
4.31829014111
2.04256492007
3.74590879062
5.0
3.70977719585
4.55050900332
3.70294632631
4.40826038225
4.05519148769
3.84361863957
3.60055701414
4.87487943811
4.11762713677
3.49567737806
3.65870539811
3.62687179954
4.61536681062
5.0
4.0977153833
4.02099013644
3.81931551399
4.16314504967
5.0
4.29017022696
4.49661670951
2.4879080909
3.8441230438
4.37773434918
3.85846916836
3.4186662516
2.96361422724
3.76415222141
1.70072790483
3.86118163446
4.22584051562
3.63724615866
2.14712582105
4.51383460871
3.76415222141
2.14712582105
4.30618386518
3.44624873821
4.61147883313
2.16704126768
3.68513546453
5.0
3.46516613431
3.23543437359
3.5197294308
2.83984713342
0.2812461066
3.58644216793
3.53025283483
