2.2722868544
4.4039327958
4.1957713596
4.1193175728
1.2827506831
3.3591268385
4.0487779777
3.6764000149
0.4045446810
2.4111051500
4.8448826618
1.1860342614
4.3278992597
4.9114347265
3.2972392921
1.1683744162
2.4790218157
0.3701716982
1.7744008338
0.7435558496
3.4171883218
0.7111934156
0.1333931928
0.7460043730
1.2949272835
3.6073190582
0.5376940901
2.4439036969
0.6838304033
0.2810079193
4.0141378852
0.4919218073
1.7317666346
4.1588239682
0.0436036127
4.1398166992
3.9461070263
3.1631380363
1.8142096124
2.1480582952
1.6507759184
0.4207128307
2.0654856064
1.6649366593
2.9919437162
4.0510137643
3.4060984473
0.0417221045
2.0580066970
1.0815681153
3.0502726168
3.2003708034
0.4148241671
0.6158390997
1.5587974353
2.4222253508
1.9582918349
3.1713978792
2.1248014279
2.9494637149
3.1651365730
2.7112981403
3.4632769343
0.4401474519
3.4318608616
2.7362424774
2.4632564150
2.4021812772
1.4742092072
2.8942602193
0.4748025590
4.2640163755
4.5991627713
1.7312003489
4.7274287926
3.6863295225
1.8327063907
3.3605136106
2.7256917019
0.2481344878
2.3044931806
1.2138125744
1.1205937594
3.3749016019
0.2607200557
3.4619401604
1.1068301624
2.6404711195
2.5453118332
3.8152537162
1.7061591053
1.6471664008
1.1938061717
4.9451760102
0.7422469812
3.0509892841
4.9016754985
2.7685342627
1.0338404057
0.8856826387
0.9273793634
3.9316863899
2.4882721369
0.7884692901
2.4790003762
0.4809278121
2.7889694950
4.6322426023
2.7112931144
4.4453152717
2.1772783269
2.2178373051
1.1674071806
1.7520939413
3.1346444689
2.3228199761
3.2670970099
2.9857534896
1.2957346143
2.4902022398
1.3421911417
0.2598755225
4.6517810315
2.3749165450
2.7123765388
2.2450017386
2.5372762882
3.3542496356
1.4824982197
1.8625070570
2.2987265637
1.0102728577
1.6197450315
4.5687876834
4.2037218434
1.2703365473
1.5690778975
4.5989784128
0.6099498522
1.6617282502
0.2124713798
2.1760292177
3.7404445528
0.7175767292
4.5370219720
3.0085561621
2.4324209807
4.9350859432
0.5043912411
1.4668187265
2.7872326633
3.4094007441
1.5056878320
3.5359725295
3.8586474494
1.8751592383
2.5286634961
2.9730360191
4.0017488126
0.1145209250
0.9855437721
3.3405497719
2.6569341471
3.7197451509
0.6680977894
1.6355804093
3.5699258246
2.9179264357
3.7704629518
1.7855356265
3.4222863680
4.4160921308
0.4991930457
4.1283452354
2.7561126031
2.0504789853
3.7640316765
2.2481832728
1.8754766230
2.9214988321
0.4926909171
0.8914409234
2.0655104090
2.8658750669
0.5597267338
1.6616170685
3.2231475622
0.7130012097
1.3753621780
0.3848055081
2.5924163648
0.1501859015
2.1973555864
1.3762831324
0.2584248827
0.9906755281
3.9509081492
1.8282243419
0.9100175955
3.7118815816
1.1519422811
0.5117916586
0.9293656639
4.7749051845
3.7022732921
0.3549135327
1.4209559772
1.1191912204
3.2762809991
1.9592156587
2.4316691310
0.4700295586
2.5533291799
0.0732044621
3.4326100248
0.5268462274
3.1146682327
1.5894186431
4.4924284102
2.4951134145
4.7548041115
1.0044995528
4.3470170164
3.7656991396
4.7328636385
3.0247415618
3.4033034052
1.2671456925
4.9774966997
0.2455522619
0.2625850114
2.2564057548
4.9681186772
3.5393871414
0.5343464812
1.1627968407
2.3452258254
0.9892570913
0.9732209838
0.8523036224
0.7931512145
1.2680975646
4.5138142114
0.0819341508
4.3206334132
0.2305182196
2.8202278530
2.4168152605
4.3092333200
4.9232292516
4.9946499982
3.8894148719
4.0688705462
2.0823981705
0.1032997588
3.7971497826
2.7360985611
4.6470863162
2.9449239470
1.3212471911
4.1673614990
3.6326307467
3.7891714881
1.8687719258
1.6501641552
1.4593820821
2.6973679322
4.9070294805
3.3042543334
4.1817152705
0.0699545238
1.4940527888
2.6376024034
2.9989558544
4.5722453572
1.0826485247
0.9138307601
1.5211919842
0.9179187506
0.5637118989
1.4750848908
4.9043799590
3.7481466721
2.9455377531
2.5340620343
0.6343312761
4.1594554112
0.7711055376
4.9285620042
0.2298498698
1.1969032776
2.0393668152
1.0396617168
0.8313522120
1.7481834728
1.4071115722
3.2692293776
3.7507580593
0.9216640031
1.1458541496
0.8034001906
1.8674186611
1.8556381240
2.2573063468
1.6458719385
3.8776100207
4.4412799116
3.3084645094
3.2691098903
3.0340441217
3.1177066853
0.6333245042
1.5240652930
2.1674487195
3.4494947458
3.2160737190
3.3817242613
1.5631691617
2.8759537786
1.6767379187
3.5052532474
4.0987115487
4.8440398927
0.6342532506
1.8128575276
2.9380582026
0.5352041650
0.3364852354
4.9725093277
4.8584516708
3.8685843051
1.7876475213
2.9448464129
0.8662951881
2.2222282200
2.8398288215
0.1748292212
0.3801134449
0.9395913828
3.4689871227
3.1318390183
3.7375404911
3.7751015807
0.0520112492
1.5580901266
1.7655594488
0.8404863786
1.1786015083
2.8434301250
2.3623442241
0.7187870602
4.8512287418
4.3783520607
0.5268044169
4.3571394542
1.7828649781
4.9145062525
0.6681939333
1.2897134866
0.5332343273
1.8919652339
2.7909192305
2.1015210769
3.0208301092
4.2743778631
1.8151074651
1.7606026891
2.3038287555
0.7069866679
2.7258259068
3.2244880085
1.6853730961
2.2089401703
1.8854646109
2.2865224127
4.1176925491
0.2016982918
3.9652123459
2.9540097017
4.4584957754
0.4215180667
1.9014039442
1.2441195077
3.4784578686
1.2685578158
2.7375534099
2.4117464792
0.1899994241
1.9012147524
1.4279940802
1.5682143034
2.3276141867
3.0257027433
2.7372327160
1.9587424365
4.8745657303
1.8819977056
3.4315213972
3.9034136343
2.8187870779
1.5531669462
4.5150173441
0.4000975702
0.7043506506
2.9814197023
0.3796190749
3.4831265543
2.5991247432
2.1572582884
1.3106454661
1.7388351954
3.3525171780
3.9447866505
0.7935951149
0.5243433334
0.2009722005
1.1440848475
3.8020447202
3.8107822795
2.0777033604
1.2887480702
3.5931998215
2.5837648952
2.2847083863
4.5920063453
3.2037069655
4.0551318832
0.3302422177
2.5377001118
4.6102060347
1.7593464168
0.7675667236
0.1528264610
0.5110028628
1.8794584576
0.2880205218
3.6770550675
0.5895582184
4.8410453723
4.3234550265
3.4828307642
4.4577275426
4.5633083157
3.1531837154
1.9093453937
0.8454793197
0.5155408681
0.3452359231
3.5073140654
1.9309264320
4.4110891514
3.1004645554
2.7922943237
0.4948071284
4.5119176767
0.2236242892
0.3560300460
2.1700581255
3.9128340493
1.4837333835
3.3623992150
1.8509646767
1.1387849393
2.7158035022
1.4720350915
0.0668089963
3.0005169833
4.2794382356
4.9032378338
2.1293520340
3.0080260721
2.2520576317
0.0926873143
4.2773820592
3.0979483718
4.7739233160
0.6046218467
1.0885796617
4.8663529701
1.2601619998
1.0291008147
2.6608404056
1.5538808149
0.1861846738
4.4768858479
1.6118463065
2.3630641683
2.9749698553
1.4291442916
0.7650933476
2.2208067024
0.2584422320
3.5340143154
4.5188972245
2.2708831797
3.7445782175
3.9991121769
3.6963712156
3.3960309468
2.8439776333
0.4399729514
1.0913813379
2.1464797940
1.5446512604
1.9804855294
2.7285425723
3.0769536528
1.1750076755
3.5245249235
2.8930587414
4.6682536823
0.2689249168
4.0307389875
0.4353854125
3.4990991029
4.8029334271
0.3179765876
3.4711927865
4.9211862165
2.3766116982
3.0409391422
1.9619317361
2.2232789972
1.1691254223
4.5287113354
0.4365937853
2.7120429737
0.6463700361
0.8379187529
0.2902626889
0.6173794496
2.3864756470
4.6930342705
4.2371641856
1.5929359588
3.1116977649
0.6651002951
0.0006392833
2.4386128043
2.0902673444
0.5637644811
1.6634278857
1.6472311416
3.7340546764
1.3135813849
2.0806115200
0.3636769012
0.1514839746
0.6721757401
2.7544091654
4.2490134651
0.0077143919
0.7838836958
1.7927565451
1.7371159774
3.6364989810
1.3973005245
4.3083595254
3.9457980482
2.4842911071
3.3988060383
2.4759542912
1.5122789591
0.6441583253
4.3072763087
1.6452135383
0.3339028633
0.1550820798
2.3591113403
0.4256168610
0.3446224562
4.5545880665
4.4993271502
2.6162876265
1.2968747360
4.7358120415
4.8363163273
4.6750457260
4.0637073376
4.7836295730
3.1581376479
4.1116184973
3.2595870754
1.1610610272
3.8306417623
0.5830986259
2.2980893277
1.3526252658
2.5767904145
1.4764707741
4.1741043048
1.0146024309
0.1872201708
2.6226058646
3.8564056234
4.4553481083
1.4401022687
0.3159261783
0.7981345260
0.1970734039
4.3599470365
4.6594835135
4.5783110985
1.7321883663
2.2571084149
3.1400994287
3.4528685135
1.8638450297
0.7399005164
0.3142488439
4.7605192215
0.1462814772
1.4476079409
0.1824088346
3.8542296973
0.5536550186
2.6240437867
1.7056511242
2.9360543758
1.1970811775
0.7370980245
4.5094623767
4.8000363526
3.4725109785
3.1899631939
1.9903887275
0.7389238354
2.7039523532
1.1950883059
1.2335028758
4.4653037831
0.0975676314
2.1636844463
0.6333913106
4.8217692095
2.5456783869
3.4637009432
4.2369886691
2.8088908403
1.6221266577
4.2201481465
0.2699036371
1.3106587332
4.5513480905
4.4666259293
1.3237690190
3.1269216895
2.2756031606
3.5397150239
0.3536154272
1.0790333443
4.2039076235
2.1629153159
0.1224462986
3.1018902915
0.2212480604
4.3591102928
0.5243394345
0.2019210477
1.9397331097
0.7157640460
2.3848998043
1.7910816339
1.5596110340
4.8015056222
0.7742477565
4.3118856317
4.6058999781
3.7833391663
3.5465788649
1.8739203085
1.9471739348
0.7479762655
1.0434342040
3.2197773634
1.0713953653
3.5068832461
2.5450557225
0.1350835909
1.4772799347
3.0213599614
4.8335783612
3.0862048526
1.0793402306
2.1707318977
3.9294614784
3.5986927455
4.7644289461
4.6935832809
4.7927447864
2.6337488366
2.1743581454
2.4395493523
0.2358112069
3.9486228368
4.6232051920
0.8988101556
2.9948586114
2.3752901994
2.9425480343
0.5400001095
2.4518571521
3.8709478948
4.3395481078
1.1373063863
4.8141566127
1.6004261027
1.8610884533
4.7472387394
0.1499917381
0.7367648408
0.2947730659
3.6887029940
2.8779206386
1.9097996690
4.7703213076
4.0610139814
0.5278549317
0.6071161460
3.6216937330
3.4183803363
1.5700580898
3.4162702170
0.3532332210
4.0118473437
2.1636833122
3.8864577547
1.6473931767
2.9569839756
2.9536019642
0.3422026154
2.0355730822
3.1246604720
4.7670710142
3.0770953684
2.1086361546
2.9606223485
1.7819607858
1.6337558813
1.4044146056
4.6853896156
0.5856955216
2.9942387496
0.5136103291
4.9180853474
0.4767565551
4.3859027126
2.5837930586
4.1055395861
1.4146941044
