4.0859582593
2.5184664368
1.0040890195
4.6200252853
2.2217752232
3.4434228122
0.1575758618
4.1405994727
1.7327416932
2.6227773298
2.0826935850
0.4046982934
2.8352206644
1.9430720379
0.6359314119
3.6409891110
1.9441070488
4.1022006673
3.0380704723
1.5568131829
3.8067356722
0.9277289992
0.3229803151
3.3162643655
3.8639441373
3.6578162553
2.9978829394
1.8187386037
2.7658248945
0.6955266635
1.2941052738
3.0310548387
0.6329432014
2.3497198017
1.9281773689
2.5207677727
4.9826283740
3.4709910650
4.6269996845
2.7668093186
0.9931538888
1.8873074601
3.9705503219
4.6269288454
1.6056215629
1.4271817178
1.0597084295
0.0634978163
2.6541952669
2.7027072324
0.5793348567
2.8671724315
4.9506544883
4.9029204163
3.4675020202
2.3718637217
2.8503466111
3.6402734890
2.3560534263
1.6777685299
2.0054230835
4.4981223374
3.4664759365
4.5483122583
1.6202877683
1.7718186799
1.7449862310
1.2313154700
2.8066297673
1.9851261745
3.7339935715
0.9872167307
0.4750469564
0.9302641199
0.3015554669
3.0535837616
0.3715044123
0.1350528433
2.6995677521
1.3043693732
3.2847529218
4.0436495469
4.0743274704
3.5964880644
3.4210209089
0.6256051128
4.1045023687
3.0604989161
2.4110774444
2.2469489618
3.7517863253
0.6648008042
2.2190585908
2.1703533286
0.5545922089
4.7452223035
1.3397932359
3.0508980729
2.6166340573
1.7787912716
1.4699218532
2.8894352058
2.5974056547
2.1294933057
0.3266613447
0.5550464789
0.0232241072
0.3957943558
2.3660453563
1.7277304834
3.0441514631
1.1385560835
3.8599012401
2.8065055393
1.0678363332
0.4107833751
3.5583762686
3.4189540432
0.2258574131
0.5976070721
3.0637858129
4.9263706897
4.3568533586
1.5093417795
3.0338390680
0.0927439092
3.6245651657
3.5588138685
2.5204425910
1.5525547761
4.2944996393
2.7559988140
4.6274524807
0.1267033565
0.8524722441
1.4310351143
4.3707315309
3.4807767924
2.1096561936
4.2667145421
4.1710821999
1.2564891705
1.2654286057
0.8025306822
2.9701088092
1.1247082182
0.9203654929
1.9363699432
1.0864770913
0.2744209090
3.5919218382
3.6721467843
0.8216751010
1.5617869663
4.4949925812
2.9704381091
1.5671506497
0.8707188354
2.8346615767
2.7859059343
0.9861458931
1.4829667636
2.0106100476
0.4045828764
4.3618335402
4.3013609987
0.3591002980
4.9136270079
2.6772704438
0.3226775983
2.0320260427
2.8867515474
4.5716371145
4.6026827541
0.5217042157
1.1941459573
0.2912650633
1.2095306819
3.1389760902
1.7433986602
4.8037318573
1.0152248252
2.4105145564
0.1279030500
1.6901154505
2.1488091856
1.1143510090
0.7547980845
1.4862587826
0.1279688260
1.2715160647
0.4021078128
4.1611418852
1.0245438231
3.3729348214
0.1239710311
2.1423558566
4.0089819693
0.9765561441
2.4963881750
1.1090101381
0.5919801644
0.3579780885
4.8395778748
1.9455955924
3.2496255045
1.4520346050
4.9357756180
4.2014100201
3.6205023783
0.9620336728
4.0051920042
4.9347940212
0.4168642360
3.3323105533
3.1330734507
4.3859125598
3.7425859137
4.6388334947
1.7356942234
1.8530653063
4.8818472908
1.2277495141
0.9941006408
0.9230558560
4.3661094402
1.7645864080
1.9060965438
2.6941603308
4.3728131112
1.9045604501
2.8469989480
0.3394987181
1.2153641857
0.9799288845
3.3789245162
2.6885416526
1.8865044658
4.3620488949
0.8007364148
1.9951202667
3.6803566148
2.6978617600
4.3333575660
0.6423112792
3.7846620810
0.2626389838
0.3381355839
3.7792327325
1.1745082113
1.6983578557
3.9726471076
3.2540217828
1.0007983095
0.4209937285
4.8052001243
0.3036137504
3.1276139337
3.7469268524
2.1959025240
3.2775653337
0.2873350646
1.0907894443
2.4712088599
1.8438535113
0.0739287317
1.4722753559
2.7861554150
3.1737492954
1.3443230601
2.6011767988
3.0029915079
0.1955511962
3.5345093177
3.3173016571
3.2886828241
4.1988310866
3.4883422109
2.4896875174
3.5219957447
2.5581841764
4.0384462059
1.2380162503
0.0318904707
3.7151990769
2.2438158597
0.6543223398
2.8942005326
1.5370125311
4.6793788400
2.9665807364
4.6776273255
0.8775503474
1.8688543076
0.2047823866
1.5406259509
3.3621704927
2.0616944437
3.0775093010
4.2786231797
2.7473302079
4.3638759403
4.6312826560
2.8501350867
2.4641354939
2.3550690421
3.8001785200
0.0678111701
4.3188624261
3.9536370540
4.6291129342
1.2264188573
3.6160545518
2.4465169143
1.5061428051
1.1076175362
1.9025131865
3.3819342958
1.4180879653
0.9074999426
2.9559467900
4.8558725481
3.0663543683
2.4868711965
4.8033958588
4.6131264474
2.6782552887
3.9587873247
1.3355899583
0.1636369818
2.8212381438
3.9688060458
0.2585377183
1.6957550942
2.2867057144
0.2596582390
2.6079378737
2.1893782319
0.7356736694
3.8656991842
1.1510938242
2.6109265319
0.8850579705
1.8787396570
0.6612047712
4.0543833146
0.4212874917
4.4440086053
0.1071073221
4.9017500772
0.9331656169
3.9645067327
2.2352916098
2.5640171840
2.1000612225
4.3484441806
2.1984795016
1.7600107614
2.3118208852
4.1655109559
2.8150184487
4.0532517225
0.2561119355
0.3742260896
1.6252270021
1.0323871978
2.7257066642
2.6384960698
0.1846660645
1.9530857294
3.6766031554
0.4138551604
0.4307676200
4.3009082255
1.1275744145
4.9028551214
4.5496190472
4.8560846684
1.8180962538
1.5580398949
4.5158902372
1.7909747471
2.1356023587
0.1563273268
0.4834416746
3.7860267461
0.9512536285
2.1399952664
3.9602284492
1.3651559882
4.9481148544
3.1795287457
4.3425069236
3.7096497060
1.3346566065
3.9781486904
0.9344715361
1.2721022187
1.5733204205
3.6258560708
1.2053380462
2.0677505349
2.7476025720
1.1943588823
4.2922104819
1.6372987911
1.2864524519
2.3184981523
2.8401111923
1.2483980934
0.0720973842
4.7630736252
0.2672308087
3.9060191611
1.1026732155
0.1577351891
2.6813066318
2.4767764894
3.2558607107
2.3814227883
3.5702280571
0.5787173685
0.7113282884
1.3794008294
0.3052851851
0.5541848328
1.9110134685
1.3410632439
2.5783358042
4.6152332697
4.7556151572
4.1993277393
1.4346055365
2.2429768168
4.0072181215
2.8296626480
1.2415201754
3.8265666266
0.5614562617
3.3287925075
0.0721871666
0.8647313853
0.6033941515
4.4932293580
3.7918088661
0.4216089653
0.4203433307
0.4524210675
1.9689627033
0.8557035603
4.3287325779
4.1500660772
1.3344867553
4.6311049359
4.3131464147
0.5227111323
3.2624525516
3.6066123120
3.3715849664
