4.3944971706
3.89124434111
4.24592196382
5.0
4.08044240874
4.28882875767
4.00080029251
4.10881681235
4.2792405746
4.15292964409
4.41618237459
4.16275872758
1.73461722076
3.26423539334
3.67001553362
5.0
5.0
3.31256112115
4.47772695548
3.41407022883
4.54737613868
3.80772307345
4.21840536304
4.23406022199
2.89120597908
4.65360384711
2.26944222932
4.55062968296
3.93282416826
5.0
3.28397778069
3.50840659072
5.0
4.32763565023
4.20946056188
5.0
5.0
3.48122452782
4.19832025407
2.74459602542
5.0
5.0
3.47093902643
4.0719430991
4.23375972548
4.68981794487
4.4132430028
4.55229547368
5.0
5.0
4.23950709237
2.44253457374
2.75566828757
3.93881654814
3.3204599092
5.0
4.43846522177
2.57735055518
5.0
2.93721909096
4.03321728917
3.43170956955
2.49241067532
3.80204595309
3.89050396809
5.0
1.93332251587
5.0
2.19399610973
2.11512932928
2.9937103568
2.70760627033
3.58045964811
3.58045964811
2.87159665141
3.56211047665
3.9020848086
3.34495958353
5.0
3.27166893213
2.57735055518
2.08360838499
2.08360838499
2.83923816125
5.0
5.0
3.84272854171
2.62179908243
1.64536130014
4.0719430991
3.67173509209
3.10487554206
4.10210014438
2.81971317227
2.81971317227
1.95778030223
1.95778030223
1.95778030223
3.38006780864
4.32081160793
5.0
5.0
4.34057012622
1.18886517732
2.01788195947
3.75954237826
4.12622773277
2.74844987033
2.89924213592
3.57452017123
2.05818276574
3.29120470822
4.57505154551
3.28614543116
4.10169394215
3.48888566205
3.40320299003
4.32905603356
3.45944559425
4.13205357974
5.0
4.10881681235
2.74459602542
2.88673104702
2.59710374753
4.66022239596
2.5178086556
2.47273065345
3.22919159642
4.21605673334
3.01402734071
5.0
3.75954237826
2.59519691906
3.75954237826
0.655212503421
0.744103354095
1.96325262155
2.76706565578
2.16764556328
1.98806295267
3.90186023144
2.46178257135
2.45514758214
2.45514758214
2.6346338961
2.87159665141
3.33564971448
2.41761996132
5.0
1.76425567141
2.74459602542
2.78272260567
4.1271845078
3.33942138695
4.46628107945
4.55536172919
4.14734732318
3.46071077031
3.54770237213
4.48278294766
3.8997917936
3.21112813881
5.0
3.44773512045
3.24074963216
5.0
4.12263509854
3.42617076351
2.10805457703
4.15394564637
2.23542657618
2.6112596288
2.31295978236
3.32615711058
1.46781957824
2.71028381228
0.604343886133
1.2643830974
2.60957469316
2.60957469316
0.993997755927
1.68386601235
3.6688351103
3.42608249791
4.68513481139
4.3626367952
3.44917111359
2.86736351097
3.20318015201
3.04217753599
1.94929752656
5.0
1.56632535729
3.88716326359
2.27836528208
4.60034579584
2.81337507569
4.35933929052
4.5383690371
3.93427287139
2.57192636317
5.0
4.40002563981
3.33391557672
1.17977507885
5.0
3.7262236296
1.72503925982
3.67956425633
3.21112813881
3.64055533478
2.77265861923
3.87995223755
3.81785993879
3.72542516832
2.34296350837
5.0
5.0
5.0
2.794296858
4.14561278117
2.38417833394
3.72330231957
4.04601310575
3.43964653266
4.62593482228
2.49825806661
2.86047941561
1.60927384208
1.90867488496
3.19077891103
4.51652856495
4.28537649976
5.0
2.97371797132
3.03819661002
3.29998041901
1.47613544728
2.3483904026
3.79619227011
3.95028719668
2.14247578929
4.07078232669
1.93766043118
1.56624445762
1.74413297294
1.71811909291
2.20184135213
1.40143915624
3.37297236687
2.3409533295
3.91946079815
3.59315358582
3.99209065489
3.02299750929
3.80856357477
2.4625327871
0.870694556662
1.52468446924
1.70464749288
3.26423539334
2.04792768835
4.08505402648
1.81855892163
1.48839828017
3.30080014948
3.56302916285
4.29785987382
3.24547674053
2.62352640276
2.65951945007
3.43423588661
4.48852701414
3.48183223401
1.72485035869
3.62802569321
1.42888041391
3.66497937824
3.75954237826
1.52884119219
1.24036972496
3.93878092158
1.07408121969
3.03319203155
3.21169372289
3.45431178389
3.21508341152
4.55221866569
2.26418140984
3.82066983988
3.55376329989
3.42314368962
4.10242766945
2.0210797452
2.67120404482
2.35895010689
4.09102930657
3.01175730171
1.17666882367
3.49331501552
3.11889100089
2.39495697602
3.3571331081
1.82181987575
3.88993204103
3.06764302501
0.785629523918
1.63161658199
0.986555090297
1.50290962844
2.6338650238
3.79443082923
1.95928837159
1.4648612997
4.15696464184
1.26897113594
2.21568630477
3.50410768038
2.32977513622
3.83899369586
3.27269453168
1.36630857411
2.6560713758
1.45911664378
1.88965383423
2.3722388349
3.49918777112
1.48679712162
1.26702711676
1.54112143933
2.0819666347
3.7802919919
2.37231322257
1.71133942189
1.91033793548
1.0859107684
1.83482023882
1.81210681806
4.01893423551
1.69872833942
1.1593126368
1.27703258505
3.26423539334
0.637852662871
2.12474046914
0.715475487337
3.16006126452
3.69723741071
1.30071717852
1.6801983793
1.57570853015
1.11792389875
3.60729307947
2.78204119413
2.09726691301
1.53288641748
4.97834245743
3.72963563282
1.59469374249
2.5384973248
2.46286060055
1.99271402187
2.29719254358
2.66680316648
4.37419005278
3.51237667921
3.69880918613
3.93096898795
5.0
5.0
5.0
2.95331350862
0.976369818436
1.31168531736
3.61936412189
1.13510808869
3.50139761985
1.84997489453
3.04578824502
3.65996577912
2.94288406501
2.05277272599
0.920312740695
3.5830924321
2.3305082863
1.53523495095
0.190495348346
3.066795226
2.7251682838
1.07734079526
1.01389469809
4.00542655183
1.80248725885
1.14444100309
2.57837826458
1.66292073638
3.93445524633
2.32175327146
3.4707402294
2.66253853768
2.91097754837
2.99344806721
2.31704454366
1.45377183742
1.2286386469
2.20926415704
1.90934706989
0.594649516584
1.37657591909
1.06420355863
0.873945670845
0.990162774191
1.3118305578
3.18994516566
1.48009058238
2.86131309074
3.25719055688
1.38266675267
3.10271250242
3.69642877383
3.03759191061
0.783299367546
0.844121139763
1.29461957994
0.334168091869
3.00428424748
2.95640358289
2.49970900525
2.83458667019
5.0
1.88882760192
3.75834637658
3.71089460453
1.83634071059
2.73522871039
4.01159965791
2.501278317
2.11082352718
1.41831864149
2.01869850893
4.68502446003
1.80060284043
0.763786419067
2.80527582131
3.02534181998
3.64966620472
3.32668750806
2.75624395043
3.39090211295
2.97419271293
2.62928691192
4.56325392445
2.54576201844
2.14583393592
1.35357319548
1.43120475422
1.88344490234
3.43406475413
0.606148268589
2.28519801015
0.888072257732
2.59403967691
3.51414481852
0.928242319101
3.10026784201
3.32990340919
2.11829459589
2.03224477211
1.11383946258
0.736663867702
2.49557159962
2.64242866038
1.41313561363
1.34604868405
1.65506429596
4.03734833846
1.38023605475
2.62043214285
1.83365952643
2.90369282608
1.92037878155
1.86476058586
0.989713384605
0.60998366745
3.14644204157
2.39398730573
1.03288750116
4.70825368255
3.08419561192
1.29262612621
3.80711980797
2.36431433403
2.46814314565
1.13530301455
1.43424240823
0.858147445311
0.764542758806
0.965791335071
0.692034758855
0.908004860935
1.08379906314
1.13870712909
3.14269789391
2.65233115538
2.93459961792
2.85355456283
3.31973864813
3.73737685048
3.25788977866
2.35155527809
1.95838534049
1.4995884203
0.787057458075
3.1932580637
1.8598668209
1.55948091828
1.44276019387
3.41059526281
4.26083518479
3.61982186059
1.58140992307
2.64064523349
1.7708574817
1.62530886496
1.91898554676
1.6097545657
1.22150505947
0.869412103848
1.90084448348
2.31221201967
2.92461316101
2.47799580883
1.71253258915
1.10572547685
1.06720840099
0.136789083086
0.765139087786
0.649933796245
1.94817809825
2.63092760461
2.54340488787
2.72191812653
1.56045684368
2.10530451354
1.55733275867
1.05084878879
0.62087859094
1.51981616157
3.68158943744
1.75082352946
0.958665168015
2.28978413839
4.00410768284
4.11170646205
2.28751545914
2.19000321732
3.31527224808
1.48442555513
0.63277106106
1.11181053359
2.19399610973
2.27525993269
1.97664981678
1.28582607566
3.2025391268
3.63237945207
0.373197646048
1.16777986633
2.46281326363
4.05195251858
3.34874456513
1.53347935135
1.77940854966
1.7973951619
0.433717860449
2.69327754099
3.76651384995
2.83346419023
3.40798918466
3.13991828156
3.61912178834
1.94440499913
2.90548377579
1.38353252072
1.3683721619
1.2016614691
1.07666504568
0.634242517529
2.55405664642
0.964962807257
0.308029501036
4.66672677358
3.46401362749
1.7093369879
2.25915113667
1.08205021886
0.724827634369
2.19175727631
1.27701360967
1.82092393417
3.373389488
3.70677177549
3.76399718415
1.38625403109
1.50626684358
2.34349244816
1.09047201875
3.82199035886
1.64025289611
1.40496891512
0.526897799663
0.944006464812
0.76544263749
1.26925888742
4.17543890358
3.97081099039
0.878919763158
1.62952972633
2.26424405282
1.3243112376
2.06671929208
2.2863399168
3.28994611633
3.0936863156
3.05958442397
0.833478712784
0.730876256
2.14956094905
1.66861156807
1.52706730613
2.85913265411
1.50316023766
3.14784136734
0.77535056178
0.801965954928
0.800795631402
3.24202024467
1.29103841808
1.2794401936
0.743057820892
2.77862890664
3.00878432254
1.79378689723
1.78612351167
1.39961661413
0.476070097281
1.6748439887
2.2712784369
1.6115041798
2.18924408596
0.614254921418
1.00502719705
0.138869612327
2.26087812001
1.60095269565
2.44192657956
1.46579272639
2.1719396632
1.30413827379
1.4305304861
2.19023586081
1.91496058088
1.77584066424
1.25958441557
1.09791964732
1.79050482753
2.9235673622
3.40911506265
1.90624242101
3.95083905452
1.87878451456
0.955981054112
2.37109183949
3.16172004673
1.77265192828
1.70791291658
2.38030117044
3.28527008355
2.31640758137
1.21350976502
0.810118049949
0.482222477134
2.58922790405
1.61964046113
1.1759881723
1.24581791267
1.83990607164
1.99986282314
1.12232690572
2.7759169142
1.26031000424
2.94081147729
0.925950787589
0.97393437373
1.72227114483
1.12188547907
1.52536544188
3.2230006754
2.50565512339
1.20355917423
1.37272937457
1.14906184996
1.02316481822
0.539754227326
0.548239920974
1.70523210361
1.98806026779
1.60760115731
2.59337249849
1.68052789792
1.40887479457
1.02265575263
2.58857080549
3.74838794029
0.915768180791
0.670037814977
1.69030773509
2.79978829498
1.71234699275
2.32146669213
0.836790131637
1.69441097987
2.29670817931
0.962388798407
1.35817024337
0.959301219329
3.55254817038
2.27927347879
0.822178010259
0.84307734663
1.48535030164
1.0389649049
1.54851712795
1.77726548982
3.81302588248
3.22390145043
1.85604237361
2.93126608601
1.76216468893
0.59438495589
1.82472410327
0.969053120021
1.16058326024
0.73974623833
1.11905202317
1.0428428342
1.30531577109
0.708746630518
0.6312629588
