0.5637722841394966
0.7670083209723285
0.5260987802475686
0.7744833262296957
0.9999999999999997
0.5887163017980276
0.4133205982632818
0.7966295180152005
0.658686947700835
0.7744833262296957
0.691800115454811
0.4258826468197526
0.7358704819847994
0.6125451285475095
0.2777751940247022
0.9500000000000001
0.5357009734802436
0.7379081686562821
0.8520758720110001
0.9966589428881496
0.2919252524195534
0.9999999999999997
0.41900230236197394
0.9999999999999997
1.0
0.6370429987669256
0.38378257010540656
0.3670254965835856
0.7302827803974345
0.5033962736493801
0.23561346680905948
0.7891587897347515
0.40690639036369164
0.2919252524195534
0.4857550410212554
1.0000000000000002
0.6620598589044617
0.7346587240500485
1.0000000000000002
0.6463188829276416
0.5677117876902377
0.9999999999999997
0.8265577116975632
0.6186050213644221
0.5784390421551159
0.7744833262296957
0.5984025574500915
0.5846743935239358
0.9999999999999997
0.7358704819847994
0.9500000000000001
0.8520758720110001
0.7244940044547199
0.5330434970427502
0.6625555639377964
0.7088716502901973
0.7337652982813496
0.06778438030560271
0.8749654629124053
1.0
0.5514151512255714
0.722627438229008
0.446067866058807
0.6463188829276416
0.6293931429090738
0.470171433607083
0.5984025574500915
0.5984025574500915
0.71504720445456
0.6925777408463082
0.6701835338529503
0.6707177040967252
0.8265577116975632
0.31267374611575305
0.8765044331773255
1.0
0.26361312849619706
0.9500000000000001
0.786905961351802
0.6201712389507374
0.446067866058807
0.4677071727889121
0.8838448413333562
0.9999999999999997
0.794139009883436
0.9500000000000001
0.6463188829276416
0.7396607743215514
0.9094279837937613
1.0
0.7675677218083093
0.6493006132766937
0.255439846462691
0.8520758720110001
0.414907165756348
0.468703163154951
0.7396607743215514
0.5784390421551159
0.8749654629124053
0.6884332238598925
0.6527351151576264
0.44683552712687136
0.9999999999999997
0.9500000000000001
0.6493006132766937
0.47165191274836904
0.6158930168933102
0.9500000000000001
0.9500000000000001
0.6042220405713935
0.5439070321420785
0.9079024367135982
0.9500000000000001
0.4403186380579433
0.7799877180873249
0.9999999999999997
0.41353469834655965
0.9079024367135982
0.36562338645966297
0.6839875650076547
0.7030089382333866
0.8749654629124053
0.7886573014756478
0.8213328313175937
0.7337652982813496
0.8520758720110001
0.27615882563721217
0.7150233764651877
0.8838448413333562
0.7396607743215514
0.8765044331773255
0.551612615514972
0.8265577116975632
0.26361312849619706
0.643242269504262
0.9079024367135982
0.8838448413333562
0.7341932358919826
0.8520758720110001
1.0000000000000002
0.9500000000000001
0.8044518452365983
0.4461243325758144
0.9999999999999997
0.3692355775072378
0.7358704819847994
0.3871166899477224
0.20790343783866722
0.7302827803974345
0.33433222844255844
0.26361312849619706
0.8439894318765664
0.7858525421839241
0.8439894318765664
0.8250136304187369
0.7125
0.4565437843879259
0.5107144738780302
0.3587778678560235
0.9500000000000001
0.31799305089271407
0.38702623288858484
0.4461243325758144
0.6493006132766937
0.4461243325758144
0.7791264205623692
0.5306873769347297
0.7393475656646562
1.0
0.501856482828412
0.7058904520106564
0.9500000000000001
0.6372793735874401
0.34366300349963136
0.503457235229866
0.3878358759406698
0.3125802635137541
0.5418481180128562
0.5496233474658887
0.26361312849619706
0.9999999999999997
0.9500000000000001
0.7302827803974345
0.300721865839776
0.5743109422412904
0.6293931429090738
0.9079024367135982
0.5981730849347702
0.7003937270852343
0.8213328313175937
0.4651819197591972
0.9500000000000001
0.9500000000000001
0.6463188829276416
0.7169170178883073
0.47165191274836904
0.7788813990505568
0.9999999999999997
0.6173490735221688
0.9500000000000001
0.8749654629124053
1.0
0.6293931429090738
1.0
0.6463188829276416
0.4461243325758144
0.43511749795444626
0.5784390421551159
0.658642508351437
0.7125
0.7337652982813496
0.4403186380579433
0.2439525933619816
0.6839589993017893
0.4077314165747155
0.5784390421551159
0.9999999999999997
0.5135390333732891
0.5413006934052825
0.6942054443061804
0.42706439780739436
0.42915393415973696
0.5626307912831656
0.559516329822448
0.9500000000000001
0.7396607743215514
0.3611305835846295
0.9820284697508898
0.8520758720110001
0.27042504999605754
1.0000000000000002
0.25802640487001977
0.5813545404353605
0.5741293472612127
0.6463188829276416
0.781253129420941
0.22589680849562616
0.21859280373315304
0.8450574031229037
0.8090191960190655
0.5050475624968684
0.5371246692232919
0.6246890105231657
0.8749654629124053
0.602632301315434
0.7670083209723285
0.5862892222037314
0.5619896194170759
0.7744833262296957
0.22613774932192252
0.4461243325758144
0.9820284697508898
0.7884294936390385
1.0
0.6492165483398838
0.608536411847933
0.5612318881448235
0.4651819197591972
0.3647854169249682
0.5354208267253674
0.9825903603040121
0.5784390421551159
0.8838448413333562
0.3647854169249682
0.8520758720110001
0.45490010373882145
0.2455873192057654
0.2822686331333336
0.241623967593378
0.6293931429090738
0.7302827803974345
0.8304567271974179
0.26361312849619706
0.5801858409718728
0.7541743057949869
0.24037931114626493
0.9999999999999997
0.5677117876902377
0.7708813608750172
0.794139009883436
0.48746168339736173
0.3670254965835856
0.9500000000000001
0.8183803452687372
0.7396607743215514
0.6239517818283712
0.6493006132766937
0.3878358759406698
0.414907165756348
0.8838448413333562
0.6143520342735116
0.9999999999999997
0.596520880861537
0.47165191274836904
0.3871166899477224
0.1062039336691062
0.7026520051889362
0.89970583144992
0.6293931429090738
0.7401904570804472
0.8749654629124053
0.5561317616081796
0.48391936176649075
0.5784390421551159
0.8250136304187369
0.3670254965835856
0.794139009883436
0.6717514421272202
0.7670083209723285
0.73011578569239
0.8025165012635749
0.513940785247382
0.9500000000000001
0.551612615514972
0.6520069909284549
0.5791692939972942
0.7095368279410252
1.0
0.347388541356654
0.6982756464508554
0.4461243325758144
0.8227375037312898
0.5762176607721612
0.32141469438919057
0.47235228757027437
0.8049648912091263
0.9079024367135982
0.8749654629124053
0.4651819197591972
0.9999999999999997
1.0000000000000002
0.470171433607083
0.7176392670690929
0.9079024367135982
0.5588525110262259
0.09618519651524778
0.3670254965835856
0.9535858852188286
0.7334267533347556
0.818951571108997
0.2189893038955362
0.9500000000000001
0.6463188829276416
0.4979963597301454
0.8765044331773255
0.25802640487001977
0.7396607743215514
0.7003937270852343
0.7918458596605524
0.7744833262296957
1.0000000000000002
0.9500000000000001
0.794139009883436
0.47165191274836904
0.470171433607083
0.5640543911158424
0.4820532145618502
0.43171424105926254
0.9999999999999997
0.3670254965835856
0.9999999999999997
0.7337652982813496
0.9500000000000001
0.47792119834522456
0.9999999999999997
0.4604239538664755
0.5784390421551159
0.4251306655842627
0.7396607743215514
1.0
0.8838448413333562
0.502332188825715
0.3401812916630123
0.7337652982813496
0.3289587152831963
0.25330120742341933
0.7836469253214008
0.9999999999999997
0.8025165012635749
0.3871166899477224
0.586774854104385
0.5764057719379033
0.23848853203668233
0.7228697552960814
0.8520758720110001
0.2765825278047306
0.4461243325758144
0.7302827803974345
0.2746902742434251
0.414907165756348
0.2912917886666788
0.8765044331773255
0.572251562584956
1.0
0.9094279837937613
0.9500000000000001
0.7788813990505568
0.6345701082236231
0.41657448843995426
0.646988200953981
0.8049648912091263
0.9500000000000001
0.8838448413333562
0.7675677218083093
0.40625906021945846
0.4461243325758144
0.7100090346914524
0.9999999999999997
1.0
0.7358704819847994
0.499066147423652
0.5784390421551159
0.2746902742434251
0.7586723032759018
0.7285142348754449
0.41684402612245924
0.40963800187275723
0.8250136304187369
0.40963800187275723
0.6493006132766937
0.800670060650606
0.6493006132766937
0.29374893265412677
0.9500000000000001
0.4461243325758144
0.31277425395923925
0.9999999999999997
0.9999999999999997
0.6493006132766937
0.3933481065993061
0.6186749962517266
1.0000000000000002
0.5290399704941302
1.0
0.7393939321293055
0.5748618306802448
0.658074746536739
0.9825903603040121
0.47317327893349886
0.34685110604073943
0.7670083209723285
0.9999999999999997
0.9079024367135982
0.3670254965835856
0.9079024367135982
0.24704138132755027
0.794139009883436
0.9999999999999997
0.8227375037312898
0.8250136304187369
0.5050475624968684
0.5813545404353605
0.3670254965835856
0.5260987802475686
0.7041996990267336
0.6697322931190421
0.7396607743215514
0.42612826123870196
0.4651819197591972
