4.405300420808553	100
3.9454786706764047	100
4.405916386368389	100
4.158731116177339	100
4.407792715617171	100
3.953441356269337	100
4.124481927262869	100
3.6534782242215167	100
3.5137599374719963	100
4.502663239253824	100
3.4578104014868583	100
3.855222011686206	100
3.8011456986450707	100
4.17942788709526	100
3.7253881402351183	100
3.895462790045261	100
4.224915037699103	100
4.521365183976769	100
4.5048293579515075	100
4.3920809321893595	100
4.245987180007959	100
4.2103434649779246	100
3.919809159105193	100
3.8377864849931473	100
4.192179575469206	100
4.003552182634946	100
3.8011456986450707	100
4.131195032591375	100
4.053223987475411	100
3.9334183000276193	100
3.842102689935908	100
4.091363682858126	100
4.169104508919561	100
4.383881098602194	100
4.078183114515976	100
3.955044006582219	100
3.955044006582219	100
4.061686711443326	100
3.8496587352615212	100
4.17942788709526	100
3.6671278096369146	100
3.6671278096369146	100
3.938589908894787	100
4.154718345377856	100
4.0088061856308554	100
3.904546803817797	100
4.390080938710618	100
4.077206359674937	100
3.6671278096369146	100
3.6671278096369146	100
3.8938513602759803	100
3.2180543298051765	100
3.7203217685805163	100
4.47668301022338	100
4.236909486793804	100
3.955044006582219	100
3.8548410733194562	100
3.531065311448091	100
3.796705609851886	100
3.9736134243487946	100
3.6986598717967247	100
3.9717189058235913	100
4.084996298768151	100
3.9596230414150146	100
3.7203217685805163	100
4.0536319208074385	100
4.17942788709526	100
3.9727201661167326	100
3.6245083763088863	100
3.6245083763088863	100
4.058661206278388	100
3.835747596802524	100
3.8336769478208765	100
3.8336769478208765	100
4.078130870642599	100
3.5168671389472026	100
3.9717189058235913	100
3.9539356489641784	100
3.955044006582219	100
3.620793832129767	100
3.031407287625331	100
4.285869762769137	100
4.285869762769137	100
3.80439503923379	100
3.766101786562409	100
3.955044006582219	100
4.114153091807916	100
3.0797475061519695	100
3.8011456986450707	100
4.283333759977586	100
4.230809628005472	100
4.078130870642599	100
3.6346231355148917	100
4.17942788709526	100
4.17942788709526	100
4.17942788709526	100
4.17942788709526	100
4.17942788709526	100
3.965115938283075	100
4.046876739438945	100
4.072487009514064	100
3.792944745025152	100
4.20426719094207	100
3.8011456986450707	100
3.8011456986450707	100
4.427420387319152	100
3.95584562952949	100
3.842102689935908	100
3.0920935591534175	100
3.60919939924543	100
4.285869762769137	100
3.7203217685805163	100
3.4974277779854748	100
4.285869762769137	100
2.9267053623050017	100
3.837349308089413	100
3.962134271185846	100
4.341373070145549	100
3.5830766016369076	100
3.95584562952949	100
3.6854767953688627	100
3.4710851573756294	100
3.848488979506528	100
3.322297755754008	100
4.17942788709526	100
3.179298003837507	100
4.00016316446524	100
4.17942788709526	100
3.8186181685238507	100
4.132262481491438	100
4.078130870642599	100
3.980601810271742	100
4.213433917009718	100
3.6500982616204776	100
4.243205524508551	100
3.8011456986450707	100
3.8011456986450707	100
3.8714133127718418	100
2.886629411929456	100
3.8214060146149973	100
4.078130870642599	100
3.8179512457166287	100
3.7248513969162533	100
3.0084116956135425	100
3.111833255293777	100
3.370661424144797	100
3.9033261391381684	100
4.17942788709526	100
3.848488979506528	100
3.684988578568043	100
3.394343800516985	100
3.7052560597396402	100
3.7010575438987816	100
4.022599090792578	100
4.046877988625688	100
3.7813975122929464	100
3.5256642382427454	100
3.4661180611058002	100
3.5342342969292453	100
3.8349313074685223	100
3.485576685476432	100
3.6912332227029694	100
3.625336934242106	100
3.389983582023429	100
3.599635854680005	100
3.6280544879520544	100
3.5401300887850318	100
4.0809540757828175	100
3.802423925663007	100
3.128400029425907	100
3.9013681986586466	100
3.557008992863396	100
3.4488272534170665	100
3.620754483523383	100
3.9033261391381684	100
3.7866478020589303	100
3.885638236254895	100
2.9196693710933146	100
2.9196693710933146	100
4.17942788709526	100
4.17942788709526	100
3.8011456986450707	100
3.8011456986450707	100
3.9474515366941025	100
4.047707806444858	100
4.0579013456584025	100
3.6176953521882433	100
3.9596163482749906	100
3.3132915340250575	100
3.2477914290301113	100
3.64738495133394	100
3.5571784606535397	100
3.7736248150307388	100
3.5571784606535397	100
3.63262214452919	100
4.16768963464131	100
3.3713378801296674	100
3.394343800516985	100
3.732821081853116	100
3.6656630691240637	100
3.4450256810279978	100
3.557008992863396	100
3.774860595188665	100
3.5908093857835826	100
4.078130870642599	100
2.9196693710933146	100
3.419241212878882	100
3.8810636710779165	100
3.5571784606535397	100
3.6522442145417413	100
3.303142409263831	100
4.046838104838434	100
3.2610844571302957	100
3.6220338802364545	100
3.246616221691268	100
3.921714703635902	100
3.9329443538312248	100
3.417905286534876	100
3.587930780959625	100
3.417905286534876	100
4.078183892374692	100
3.6422167065079503	100
4.17942788709526	100
3.7370771432989542	100
3.638116923118918	100
3.5834052494302018	100
3.300381993961111	100
3.834807046219306	100
3.504339547820046	100
3.505676381685393	100
3.5571784606535397	100
3.7667694844817046	100
3.7728025370896345	100
3.1860294433364094	100
3.457787749429275	100
3.747842731162107	100
3.278286039856258	100
3.8088651510000933	100
3.5571784606535397	100
3.8095574350612855	100
2.908811623428629	100
3.5666280075338896	100
3.9782326486434325	100
3.6046115388770987	100
3.345085772169053	100
3.505676381685393	100
3.345085772169053	100
2.801566489942406	100
3.290544253877267	100
3.647411770377454	100
3.832514350521411	100
3.9034552786446235	100
3.371056393118194	100
3.896655452966518	100
3.302956734389539	100
3.9454136433920897	100
4.011981876916035	100
3.7304307154024148	100
3.7305439586618743	100
2.7094591946303006	100
2.808484777543342	100
3.4510275453633774	100
3.5506128024738515	100
3.7328249463310708	100
3.2475577847958803	100
2.9352939108654588	100
3.8301815726214388	100
3.7328249463310708	100
3.603913311161276	100
3.4568709979322083	100
3.7814412042845995	100
3.8630885839514764	100
3.7328249463310708	100
3.454884167499679	100
3.479832284620518	100
3.636054011781436	100
3.6648174193451526	100
3.4405083333600377	100
3.4072088550258988	100
3.6586082975858587	100
2.80020023451217	100
3.5571784606535397	100
3.7604509632895122	100
3.7849720715540025	100
3.474306475495844	100
3.7724915020135072	100
3.7035758877461644	100
3.834807046219306	100
3.8001317935259857	100
3.547870258227897	100
3.6920322355034827	100
3.506921745343943	100
3.726908227989525	100
3.3864729993976415	100
3.322430155486541	100
2.940144701153309	100
3.1332919462228963	100
3.9107217748585086	100
3.578340603096153	100
3.469063859198941	100
3.538999315749053	100
2.7788749754014286	100
3.343152267117868	100
3.6729382398412005	100
3.51437040141598	100
3.415223835668763	100
3.8086541563707916	100
2.9352939108654588	100
3.2475577847958803	100
3.5571784606535397	100
3.5571784606535397	100
3.8650854281300147	100
3.2610844571302957	100
3.208954448798446	100
2.9635103436742	100
3.23697353606295	100
3.620754483523383	100
3.304428832294755	100
3.9209446506452066	100
3.7203217685805163	100
3.1983743653027266	100
3.6652631313349575	100
3.443767497893619	100
2.3378875354464816	100
3.546257065539295	100
2.8071371989480207	100
3.18590316725675	100
3.355498577312709	100
3.2475577847958803	100
3.620754483523383	100
3.620754483523383	100
3.2130744253188217	100
3.5379931926519874	100
3.257640275574555	100
2.3848915976198923	100
3.505676381685393	100
3.6425103551079507	100
3.505676381685393	100
3.6160204799703397	100
3.717602763951292	100
3.5571784606535397	100
3.5571784606535397	100
3.5571784606535397	100
3.466953748627036	100
3.37548871181036	100
3.394343800516985	100
2.9352939108654588	100
3.504363525543886	100
3.145319436345087	100
3.4562154497845072	100
3.3383155962669275	100
2.714838342525483	100
3.455262875149903	100
3.4465960129835596	100
3.305810611115647	100
3.5964090208393875	100
3.257640275574555	100
4.177198174254738	100
3.743392467679318	100
3.5113444903499715	100
3.350497495336116	100
3.054515006337624	100
2.6000874389333983	100
3.1964650126096257	100
3.5359413796152226	100
3.401181356979285	100
3.743426435180683	100
3.3573884522134723	100
3.2261574830809496	100
2.9197270774377144	100
3.5047905169213625	100
2.9008719887310894	100
3.0957525076913646	100
3.5571784606535397	100
3.455262875149903	100
3.726991070288633	100
3.2984063759349023	100
3.3989459623467946	100
3.169534654881625	100
3.4270154179735703	100
3.46432370359625	100
3.86070853219469	100
3.0478664686882637	100
2.8071371989480207	100
3.0185643675534326	100
3.260431985068533	100
3.1520297134551836	100
2.9352939108654588	100
3.4751704137702353	100
2.777264095497346	100
2.670379775209145	100
2.9352939108654588	100
3.040285031860428	100
3.4405083333600377	100
2.9352939108654588	100
3.277752545586873	100
3.124996221769834	100
3.3479908410095547	100
3.677388421409762	100
3.4565485941548872	100
3.5074570205504347	100
3.4914914473464114	100
3.1575455829177654	100
3.2871322865463464	100
3.5912152950418923	100
2.4450825970049417	100
3.154902493181976	100
3.2563665181945938	100
2.9352939108654588	100
3.0166031283343226	100
3.4168271689531293	100
3.3607291609063186	100
2.750174617436842	100
3.4394753899080444	100
3.7300829674372658	100
2.750244607487705	100
3.182434690048691	100
3.5245728053593517	100
3.3579024461336777	100
3.7116475447673265	100
2.921580378420011	100
3.510305887081322	100
2.9352939108654588	100
2.670379775209145	100
3.3706318165094284	100
2.9352939108654588	100
3.1604534203465717	100
3.222764111688006	100
3.2471782301442835	100
3.5466124996398767	100
3.3162125484957787	100
3.173717454731725	100
3.140813566878096	100
3.7880746401013843	100
2.727909233320072	100
3.3683487969618127	100
2.9146839630770245	100
2.831909937000402	100
3.2475577847958803	100
2.801528832402056	100
2.8171455020905003	100
3.0475480311129384	100
3.2477914290301113	100
2.9352939108654588	100
3.6275356230331797	100
3.3582241946992744	100
3.1858402502524186	100
3.1013000809802485	100
3.1986878634343663	100
3.443519701878798	100
3.5204005705433414	100
3.362321877013226	100
3.0884010861066953	100
2.873935529460041	100
2.946952134568526	100
3.145075240394995	100
3.4765623096163045	100
3.1207869920229085	100
3.448230385736969	100
2.4364822809158486	100
3.0524634431908817	100
2.8532108936614553	100
3.102242226854673	100
3.3563072517227717	100
3.290124483434182	100
3.27777049900156	100
2.6865270279522973	100
3.406092707896833	100
2.3278202559458343	100
3.1252414799756743	100
2.6627891278057336	100
3.3502543960780935	100
3.0938280166762033	100
2.8523998258644716	100
2.5411695052555094	100
3.283091302223729	100
3.6010004120144945	100
2.4100264784300363	100
3.2343509606835834	100
3.615430192261014	100
2.67014239447463	100
3.4034666805941454	100
3.241861993931634	100
3.505676381685393	100
2.9352939108654588	100
2.9512134446097793	100
3.2704812003052846	100
2.670379775209145	100
3.3451649303546147	100
3.3512831364907587	100
2.788011673467821	100
2.545562236214628	100
2.885465532791256	100
3.290544253877267	100
2.887160701817283	100
3.230151626111553	100
3.1892104068644773	100
2.714838342525483	100
2.714838342525483	100
2.670379775209145	100
2.68923486391577	100
2.714838342525483	100
2.9352939108654588	100
3.435814662907174	100
2.860415253028514	100
3.0680410602984076	100
3.111405943172933	100
2.733029572293463	100
2.7073611522648693	100
3.015010264328423	100
3.03447259837889	100
3.2817560773054275	100
3.242652108251206	100
2.9352939108654588	100
3.6343291159131907	100
3.0460373603779005	100
2.9814148056358283	100
3.290124483434182	100
3.1881224195160938	100
2.9086101254285897	100
3.0531591832602705	100
2.68419869868238	100
2.881105115702599	100
3.0344408776589438	100
3.394343800516985	100
2.2806878260618144	100
3.179382860085278	100
2.805476696252754	100
3.1443824746882885	100
2.9995022643127682	100
2.7003403355684514	100
2.8930096490690334	100
3.170489594040977	100
3.0117203660272924	100
3.221426507349629	100
2.5814292209347554	100
2.670379775209145	100
2.5941880252276652	100
2.5942097766362178	100
2.755738218848927	100
3.5383691396375117	100
2.755738218848927	100
2.8939984895192254	100
2.823011019201519	100
3.3440765789580116	100
3.1240729231518425	100
2.714838342525483	100
2.714838342525483	100
2.2753823599896923	100
2.892292123228275	100
3.3167246035044062	100
2.7335331304642887	100
3.014874643012441	100
2.551762198685294	100
3.610542599507217	100
2.6557767413327014	100
2.8994814536822853	100
2.9055697734495256	100
2.9574267994978896	100
2.3561031027288872	100
2.8679301212924058	100
2.5453906664615547	100
2.731809890741549	100
2.9406244463666207	100
2.4292276911014894	100
3.09128194428448	100
3.0368867711688416	100
2.494716789911105	100
3.2386754597819833	100
3.2903944972736863	100
2.623294749157179	100
2.9126957804677054	100
3.1301562161589764	100
2.903188461188863	100
2.750174617436842	100
2.63887035637786	100
3.313504203389994	100
2.9644937476099282	100
3.6845049672545227	100
3.1047602263298977	100
2.7320773272781658	100
2.615292142976424	100
3.0575023272893995	100
2.797783594677964	100
3.0053494315941722	100
2.819920439733312	100
2.8230240347783835	100
3.0149671731113656	100
3.3383155962669275	100
3.159330582949153	100
2.68923486391577	100
2.4292276911014894	100
3.2471573279802977	100
2.7359754657935107	100
2.9804137935835198	100
2.95002389813022	100
2.7384360310740163	100
2.8679301212924058	100
3.4220149323629396	100
3.3745208352909586	100
3.303467598693057	100
3.4617214881102147	100
2.522110486914735	100
2.6609050117800974	100
2.716331940802581	100
3.161949776204241	100
3.063574607557733	100
2.854353650808507	100
2.7559728601472853	100
3.2704579433978216	100
1.9379587285889244	100
2.5230035275016367	100
2.6627891278057336	100
2.742965097147161	100
2.569431451861744	100
2.6299554796971845	100
3.049520129567528	100
3.044525531999666	100
3.2118609201854214	100
3.071419744733075	100
2.55733119754741	100
2.955116387210345	100
2.8237519398262947	100
2.4826998726240492	100
2.7106642421640816	100
2.36798068027975	100
2.8532108936614553	100
2.7394489328074205	100
2.9208135794492343	100
2.628604021616197	100
3.073596400245699	100
2.9387644400604955	100
3.263901970026599	100
2.606396659409225	100
2.5919732613733593	100
2.8243808066293825	100
2.6470172662829476	100
2.683087937222337	100
2.2439594921560673	100
2.261284886206443	100
2.4147264093312812	100
2.7162457826693083	100
3.1054333510685543	100
2.557767354831993	100
2.2701923011093936	100
2.5471058476581048	100
2.537419513544168	100
2.6758603088849577	100
3.021891572563275	100
3.0824572706615188	100
2.7736272478185917	100
2.6627891278057336	100
3.1520297134551836	100
2.4292276911014894	100
3.0168665672203376	100
2.176543979994831	100
3.1443062053695545	100
1.9643324768281796	100
2.912684499313926	100
2.8871867506203293	100
2.338409135561309	100
2.688967615114294	100
2.859538841289057	100
2.6889328617472836	100
2.689372557814781	100
2.652092061423023	100
2.7432491469432647	100
2.290666172548945	100
2.534389868912707	100
2.4999079285238355	100
2.3847500297471336	100
2.3970384197626284	100
3.044525531999666	100
2.983546499505499	100
3.0107479592891706	100
2.9355451050230945	100
2.5922428176835868	100
3.0218027182705427	100
2.4717747391142866	100
2.3424628994125074	100
2.935758782174462	100
2.382835066508773	100
2.649330879904046	100
2.9251505732821785	100
2.6122258530826366	100
2.233151430659849	100
2.816908361963331	100
2.855833612116079	100
2.8023166798879338	100
2.518296222660069	100
2.787023940244812	100
2.937253657624211	100
2.555866276511058	100
2.7068054383500177	100
2.9383492691642332	100
2.9406244463666207	100
2.6459431824499955	100
2.340862941188699	100
2.757984740134643	100
2.6564325579894597	100
2.7609878775826733	100
2.915232957064008	100
2.6295413165525874	100
2.615288610897606	100
2.50784957518222	100
2.6129926216893855	100
2.9000734610533323	100
2.134151505123899	100
2.716331940802581	100
2.8324376481810676	100
2.767102305149539	100
2.889889441055118	100
2.5079383509342694	100
3.1478919041040694	100
2.9719984744049284	100
2.503468521044645	100
3.0729103437980565	100
2.5567743770373115	100
2.6621946535677985	100
3.2360852157265536	100
3.0902840921924426	100
2.531523173342772	100
3.485498594023081	100
2.0213068123833318	100
3.0178935495687518	100
2.309472498421369	100
2.5941880252276652	100
2.8122410096056183	100
2.233151430659849	100
2.473884413567115	100
3.1540851950441082	100
2.3933407093943346	100
2.6019163152902385	100
2.5723931582087993	100
2.7845114335111254	100
3.1061096298309883	100
2.4955818936415435	100
2.7238851980347794	100
2.37734547382439	100
2.298341073640633	100
2.572907557024908	100
2.855643401810613	100
2.701689810396304	100
2.2687752104633923	100
1.9527027447857068	100
2.68923486391577	100
2.78506090369684	100
2.6129926216893855	100
2.5851009715648754	100
2.6290848553705435	100
