3.8714521419170693
2.1896587488299804
4.339920153140474
4.226635572471704
3.6709117805448797
2.970947421032645
2.7050077594515916
3.4496640403031957
2.7537028000503576
1.412153091193019
1.997933050125377
1.4647468793442417
2.235784470938641
3.5001359711547178
3.9896207473209215
3.400061400260488
2.811349022670093
4.46471515940582
2.022518243911216
4.183804120702449
3.452296992046244
4.307788855059917
2.4919471817320487
4.7412651303102855
4.7317914179403875
3.603081451453127
3.397814163251775
3.4925315634009757
2.714626504232654
4.732734466623104
3.294394863082603
4.697024729915858
3.6544141298632447
4.547682760934441
3.7790268884684823
3.413401014394674
3.907546931139912
3.6945592045915268
3.704107603318797
2.7215559735215287
4.59046324932379
1.1954282033938837
4.146883329111214
3.55576986665513
3.3623746349258394
3.698822058704866
1.98963034361388
2.235784470938641
3.7783109629390883
4.349081754818101
3.539716653856754
3.413466501399749
2.8536712658660566
3.8806761989314476
4.629960709672392
3.188058105680404
4.636953944619026
4.015916579285609
3.1738158950432496
4.184912839333944
2.702222420777001
2.0444640363051034
3.704107603318797
4.750504002818958
3.016303511446668
4.355687883152722
3.7073878949317463
4.244117129592873
4.5171080759359254
4.349594696034519
3.5765967902659788
4.819821041077314
4.298728928580797
3.6244214347013872
3.7569007269053127
2.9341716667443314
3.6100120247230816
3.6801645432372765
3.493894590354851
2.673455283873985
3.413401014394674
4.518250417080931
4.124273660416908
3.2582659437102723
3.841693515419166
2.0366519735570288
3.6795442357751402
4.537494313437518
4.801036597778081
3.493894590354851
3.4300840538687085
2.8920230487219367
4.479512940092885
3.7672403964752634
4.8646548703444115
3.6791340197549998
4.6816028411699255
3.160939573711491
2.9402897721961523
3.04719096541727
2.9552968166013702
3.3836731874537156
2.5402146826538616
3.704107603318797
3.204181076862084
4.266159963225728
4.537170990424642
4.23559918462505
4.146883329111214
3.101522066608659
2.275812540326304
4.5051355577570344
4.154421844258757
0.0
2.5402146826538616
3.4994368063970573
4.555274247575631
4.355687883152722
4.50109512746665
3.169311577608413
3.2850903006601886
4.221308169123285
3.937350105846194
1.500973815186282
1.1954282033938837
3.592669728252117
4.375677081280225
2.8412839957462093
3.9712313975447326
3.6564831689379935
3.468859410753546
4.774258709202594
3.890922775351297
2.4278210658577586
3.0303311270874307
3.6458049061224997
2.862791351407825
3.023529678845624
4.44666959797955
4.74506230539826
4.675403952228529
3.3429954329491967
3.1318436722016982
4.195063485263266
1.576853323002422
1.412153091193019
4.113915067203129
4.628639862687277
4.70011397933452
4.612294966686248
3.5216845872172895
3.6743422285190324
4.6229281782194755
4.774258709202594
4.73656634862803
4.506115978622928
3.6834661158363664
4.587383414246527
3.525297835348372
3.062808945926138
1.1397212679624622
3.675393220719824
4.358312466663089
3.4644983193967187
4.903990357244736
4.677501614929364
4.217783486815564
3.7287421646821084
4.092252331839152
3.9153537720329403
3.890471178696842
4.331485945764976
4.3477338915728305
4.778921823114971
4.430650887528553
2.5792792210792617
1.8123721314628884
4.612294966686248
3.61219972923032
3.6945592045915268
2.7215559735215287
3.7954357648751786
2.1253052339722385
4.565276166595436
1.7991167699595618
3.735905253658333
3.7992511018973305
3.124985950927711
3.5015511815228413
4.200004316586724
3.117866586187279
4.6486418719328455
4.8151192891223245
4.430650887528553
2.9164084575015172
3.199518301199955
3.430957732982563
3.062808945926138
1.9844518259819486
4.006706493186068
4.402350293141299
3.704107603318797
3.926091144457419
4.3731108773852245
4.784133707199743
3.28855099354779
4.56264463889127
3.624989451858443
3.7728832453901133
3.692630730347399
3.5709415845041543
3.672573197270532
3.397814163251775
4.4040067728755705
3.539716653856754
3.5283679403613104
3.629601447789156
2.148220645255308
3.939148203932995
2.3030839745003795
4.8140783682093105
3.698822058704866
0.3799710752452925
4.815626647881283
4.6821616545198
3.076401582502327
3.5992571554229817
3.624989451858443
4.479512940092885
3.6621399450538377
4.537494313437518
4.4251927635690835
3.745934542437557
3.4727202227495373
4.889037250121669
4.215615601667555
3.5709415845041543
3.4692471848817963
3.5476787015163795
4.5313013256006585
4.873630711989727
4.856861829585617
3.833281423932127
4.479512940092885
3.936178764560716
4.25620751546095
4.332483651769533
2.9226908808562264
3.404981141752355
3.395397908679056
4.410155440406072
4.402350293141299
3.1459310162198824
4.129640119879185
4.56308524261997
4.349773628904385
1.6000637536542166
4.839560273923602
4.313846772018371
2.699339199570136
3.491624295769752
2.5943890263362173
3.5234784856041017
3.4727202227495373
3.3456566745214085
3.6499857931075192
3.5008463878912295
4.72495680373322
4.479512940092885
3.9276025333882614
3.8021358042228393
3.062808945926138
3.818312684625274
4.7872509018504585
4.458306635158475
3.5312270979165916
3.511965690109829
4.817277992042554
4.195063485263266
3.0330727724382136
2.9610225503584844
4.375677081280225
4.439252746839332
3.506624696046009
4.623022242875648
3.6646275145881373
3.397814163251775
4.400108694463667
0.0
3.375870775200557
3.8107327631186716
4.355687883152722
3.4926804192375593
3.584590925217162
3.062808945926138
3.0727777214721144
1.0255391250284998
3.5992571554229817
1.3829725663179726
3.5992571554229817
4.644241277587321
4.416984837636249
3.278146332201809
2.9610031641578174
3.114209329079742
4.2271488744670735
4.586911486966979
2.5402146826538616
4.168927887040174
4.375677081280225
3.663400835035038
3.4127617147355798
3.1738158950432496
4.08808229531004
3.5042637228717974
4.672935391473358
3.04719096541727
4.347481171522243
3.4097031823286996
3.419759117348922
3.875939917795544
2.5402146826538616
4.571080988434233
4.3930814585914515
3.031292451155225
2.066466028836324
4.402350293141299
4.479512940092885
3.1576252037381343
4.53961078223387
2.0495636260431085
3.7017194700031686
4.416984837636249
3.7366843827970415
4.41505073604725
4.248739361059466
3.586197639160729
4.163162554037671
4.340517319112694
4.500456668157194
3.6996774899019913
3.698822058704866
3.698822058704866
4.0957532881950485
2.7973961388307576
4.002449826368505
3.5042637228717974
3.966556983588483
1.1397212679624622
4.402350293141299
3.351074479676065
3.6244214347013872
3.4182794948421096
3.4964597183953376
3.458751698791395
4.611232207248933
3.137043929516924
3.504603883986054
4.664521543370375
3.271319319194787
3.5216845872172895
2.4631290528086542
4.635794406225438
3.397814163251775
4.666060589053097
4.809733859067602
3.062808945926138
4.566285411069874
3.624989451858443
4.53961078223387
4.154421844258757
1.5535430334984763
3.1235993700250066
3.664859276303525
3.711513741360608
4.373685971310428
3.9313000325070213
4.100532512439663
0.0
4.330280246359033
3.2208972403020404
3.5709415845041543
4.2271488744670735
3.4520929259790134
3.4577510367285234
4.1166019220372885
4.146883329111214
3.7073878949317463
3.548761448176862
0.9824708823598196
4.103219730043105
4.402350293141299
2.7492673107232193
3.2853245567103815
3.659683570544969
2.4847663440960455
0.9572687442016568
2.908783410506378
3.500305185094597
