2.5	100
1.11111	100
1.25	100
1.5	100
2.14286	100
2.14286	100
0.909091	100
1.25	100
1.25	100
0.555556	100
0.714286	100
2.72727	100
1.42857	100
1.66667	100
1.25	100
1.66667	100
1	100
2.27273	100
0.5	100
0.625	100
2.14286	100
1.11111	100
1.25	100
1.36364	100
3.33333	100
1.25	100
3.33333	100
2.5	100
0.625	100
2	100
1	100
0.5	100
0.833333	100
2.72727	100
2.5	100
0.625	100
1.11111	100
2.14286	100
1	100
2	100
1	100
3	100
1.66667	100
1	100
1.66667	100
2.5	100
1.5	100
2.85714	100
2	100
0.5	100
1.42857	100
3.75	100
1.66667	100
2.14286	100
1.11111	100
3.33333	100
2.5	100
1.11111	100
2.5	100
3.33333	100
2	100
2	100
3.125	100
1.66667	100
0.714286	100
1	100
1.875	100
1	100
1.42857	100
1.25	100
2.77778	100
1.66667	100
1	100
1.36364	100
2	100
4	100
1.11111	100
1.66667	100
1.25	100
0.714286	100
2	100
2	100
1.25	100
0.833333	100
0.833333	100
2	100
0.625	100
1.42857	100
1.11111	100
2	100
3.57143	100
2	100
1.25	100
0.333333	100
1.25	100
1.66667	100
3.125	100
1.66667	100
2.14286	100
2.14286	100
1.66667	100
1.53846	100
2.5	100
1.11111	100
2	100
3.125	100
2.22222	100
3.125	100
1.81818	100
1.66667	100
0.714286	100
1.25	100
0.555556	100
2.5	100
0.714286	100
0.416667	100
1.875	100
0.714286	100
2.14286	100
2.5	100
2.5	100
1.25	100
0.555556	100
0.714286	100
0.625	100
1.5	100
4	100
1.875	100
2.5	100
0.714286	100
2.85714	100
2.5	100
1	100
0.833333	100
1.25	100
2.22222	100
1.42857	100
1	100
1.78571	100
2.14286	100
2	100
1.25	100
0.555556	100
1.42857	100
2	100
1.5	100
2.5	100
0.714286	100
2.5	100
2.22222	100
0.625	100
1.66667	100
0.714286	100
1	100
2.85714	100
0.833333	100
0.714286	100
1.66667	100
1.875	100
1.875	100
0.714286	100
2.22222	100
2.14286	100
2.5	100
2.5	100
2	100
1.5	100
1.42857	100
2.27273	100
1.25	100
2.5	100
2	100
0.833333	100
1	100
2.5	100
2.5	100
1.33333	100
1.66667	100
1.42857	100
1	100
2.5	100
2.5	100
0.555556	100
1.25	100
1	100
3	100
1.5	100
0.625	100
1.25	100
1.25	100
1.25	100
1.66667	100
3.125	100
0.833333	100
0.555556	100
2.14286	100
1.66667	100
0.833333	100
1.11111	100
3.125	100
2.5	100
1	100
0.625	100
1.66667	100
1.42857	100
0.5	100
3.33333	100
2	100
0.333333	100
2	100
1.25	100
3	100
1.66667	100
1	100
1.5	100
1.25	100
2.5	100
1.25	100
2.5	100
2	100
1.25	100
0.5	100
0.384615	100
2.85714	100
2.85714	100
1.875	100
1.66667	100
1	100
1.25	100
2.22222	100
0.714286	100
1.66667	100
1.875	100
2.5	100
1.66667	100
3.75	100
2.22222	100
1.5	100
0.625	100
1.875	100
1.25	100
0.384615	100
2.5	100
1.42857	100
1.66667	100
2.5	100
1.25	100
2.14286	100
2.5	100
0.555556	100
2.5	100
3.33333	100
3	100
2	100
3.75	100
2.5	100
3.33333	100
3.125	100
4.16667	100
2.85714	100
3.57143	100
3	100
2.72727	100
2.91667	100
3	100
2.85714	100
2.14286	100
2.5	100
2.14286	100
4	100
2.5	100
3	100
3.57143	100
3.125	100
3.33333	100
3.33333	100
1.81818	100
3.75	100
2.5	100
2.5	100
3	100
2.5	100
3.75	100
3.33333	100
1.66667	100
4.28571	100
3.57143	100
3.33333	100
2.5	100
3	100
4	100
3.75	100
4	100
2.85714	100
2.5	100
3.75	100
3.57143	100
3.57143	100
2.77778	100
1.81818	100
2.77778	100
2.72727	100
3.57143	100
2.5	100
2.77778	100
4	100
2.5	100
3.33333	100
2.5	100
4	100
4	100
3	100
3.18182	100
3	100
3.75	100
2.85714	100
2	100
2.14286	100
2.85714	100
4.0625	100
3	100
3.33333	100
3	100
2	100
3.125	100
3.33333	100
2.27273	100
3.33333	100
2.5	100
3.57143	100
3	100
2.5	100
2.77778	100
2.22222	100
2.77778	100
2.22222	100
3.125	100
2.5	100
3.33333	100
2.5	100
2.22222	100
3.63636	100
3.57143	100
3.75	100
2	100
3.33333	100
3.33333	100
3.75	100
3	100
3.33333	100
3.75	100
3.33333	100
4.44444	100
3.125	100
4.16667	100
2.5	100
3.75	100
3.33333	100
3.57143	100
3.75	100
3	100
3.33333	100
3.63636	100
2.5	100
2.5	100
2.14286	100
2.14286	100
4.375	100
2	100
2.14286	100
4	100
2.77778	100
3.75	100
3.33333	100
1.66667	100
2.22222	100
3	100
2.14286	100
3.33333	100
2.85714	100
2.77778	100
2.85714	100
3	100
2.22222	100
2.5	100
2.14286	100
2.85714	100
2	100
2.5	100
3.33333	100
2.85714	100
4.16667	100
2.22222	100
2.85714	100
2.5	100
2.5	100
2.5	100
2.5	100
2.27273	100
3	100
4.09091	100
3	100
2.14286	100
4	100
4	100
1.66667	100
3	100
2	100
4.09091	100
2.85714	100
3.75	100
2.5	100
2	100
2.5	100
2.85714	100
4.16667	100
2.14286	100
3.33333	100
4.28571	100
3.33333	100
2.5	100
3.75	100
3	100
3.75	100
2.85714	100
2.5	100
2.5	100
3.88889	100
3	100
2.77778	100
2.5	100
3.75	100
3.75	100
3.33333	100
2.5	100
2.14286	100
3.33333	100
3.63636	100
2.5	100
2.5	100
3	100
2.22222	100
2.85714	100
2.5	100
2	100
2.85714	100
4.16667	100
2.5	100
2.5	100
3	100
2.5	100
2.22222	100
4	100
3.75	100
4	100
3.33333	100
4	100
2.5	100
1.66667	100
2.30769	100
3.33333	100
3	100
3.125	100
2.5	100
3.5	100
2.77778	100
4.375	100
3	100
3.125	100
2.5	100
3.57143	100
3	100
3.57143	100
4.16667	100
2.5	100
3	100
3.46154	100
4.16667	100
3	100
4	100
3.75	100
2	100
3.33333	100
3	100
2	100
3.57143	100
3.75	100
2	100
2.5	100
2.14286	100
2.5	100
3.57143	100
2.5	100
2	100
2.85714	100
4	100
3	100
2.5	100
3	100
4.09091	100
3	100
3.57143	100
3.75	100
3.33333	100
3.125	100
4.44444	100
3.88889	100
4.16667	100
4.5	100
4.16667	100
4.5	100
3	100
3.57143	100
3.57143	100
3.33333	100
4.5	100
4.44444	100
3	100
3.88889	100
4.16667	100
3	100
4	100
4.28571	100
3.57143	100
3	100
2.5	100
3	100
3.75	100
4.16667	100
2.5	100
3.18182	100
4.16667	100
3.33333	100
4	100
4.16667	100
3.57143	100
3.75	100
3	100
3	100
3.57143	100
3.33333	100
3.57143	100
3.88889	100
3.75	100
4.09091	100
4.61538	100
4.16667	100
4.16667	100
4.375	100
4	100
3	100
3.125	100
3.57143	100
3.33333	100
3.75	100
3.75	100
3.75	100
4	100
4.44444	100
3.57143	100
3	100
4.5	100
3.68421	100
4.41176	100
4	100
3.33333	100
4.375	100
3.75	100
4	100
3.88889	100
3	100
3.57143	100
3.75	100
3.57143	100
3.52941	100
3	100
4.16667	100
2.85714	100
4.375	100
3.88889	100
3.33333	100
3	100
3.75	100
3.88889	100
4.375	100
4.28571	100
3.125	100
4	100
2.5	100
3.33333	100
4.5	100
4.16667	100
3.88889	100
4.44444	100
3.75	100
3.125	100
4.28571	100
3.57143	100
4.28571	100
3	100
4	100
4.16667	100
4.28571	100
3.33333	100
4.5	100
3.88889	100
4.28571	100
4	100
3.125	100
4	100
3.57143	100
3.57143	100
3.33333	100
4.375	100
4.61538	100
4.28571	100
4.28571	100
4.16667	100
3.75	100
3.57143	100
4.16667	100
4.44444	100
3	100
3.75	100
4.16667	100
4.16667	100
3.33333	100
4.28571	100
3.88889	100
4.09091	100
3.75	100
4.44444	100
4.375	100
3.33333	100
4.09091	100
4.375	100
4.16667	100
4.28571	100
4.16667	100
3	100
3.57143	100
3	100
3.33333	100
3.125	100
4.28571	100
4	100
4.28571	100
4	100
4.4	100
3.18182	100
3.18182	100
4.16667	100
4.375	100
4	100
4.09091	100
4.28571	100
3.57143	100
4.23077	100
4.44444	100
3.88889	100
3.33333	100
4.23077	100
4.375	100
3.5	100
3	100
3.5	100
3.88889	100
3.84615	100
4.09091	100
4.375	100
4	100
4	100
4.16667	100
4.09091	100
4.375	100
4.04762	100
4.44444	100
3.125	100
3.57143	100
3.125	100
3.57143	100
4.5	100
4.28571	100
3.33333	100
4.6875	100
3.57143	100
3	100
3.33333	100
3.88889	100
4.375	100
3.33333	100
4	100
4.54545	100
3.33333	100
3.5	100
4.16667	100
4.5	100
3.57143	100
3.21429	100
4.09091	100
3.57143	100
3.75	100
3.5	100
4.44444	100
3.75	100
4	100
3.88889	100
3.75	100
3.66667	100
3.33333	100
3.75	100
4.44444	100
3	100
4.44444	100
4.16667	100
3.88889	100
3.75	100
4	100
4.16667	100
4.16667	100
4	100
4	100
4.58333	100
4.16667	100
4.23077	100
3.63636	100
4.23077	100
4.16667	100
3.57143	100
3.57143	100
3.125	100
4.09091	100
3.75	100
4	100
3.63636	100
4.375	100
3.57143	100
3.33333	100
3.57143	100
3.33333	100
4	100
3.33333	100
4.375	100
3.21429	100
4.33333	100
4	100
4.54545	100
4.16667	100
4.16667	100
3	100
