2.8234686695
2.9221496456
0.3267539108
0.8947612734
2.1530075983
3.8081905210
4.9680273591
1.5492778413
4.5840289362
3.5377391978
0.5581179390
1.4245607971
3.3079208552
2.7575038925
4.3956115834
1.5921157917
2.9273109637
0.3294141329
4.0089256832
1.9146834050
3.0401696163
2.2202301889
2.3756134116
2.5096694135
4.0041930888
0.2443785247
3.4312605676
2.0286708425
3.0590009615
2.4208024268
3.4969958683
2.7561984362
4.6469243919
0.7070164110
1.7954719533
3.9252159848
0.1019926775
3.2688357515
4.5590404848
3.0756333372
1.6299336712
0.4404263382
4.5335921924
0.0852232081
4.3290032732
4.4125178511
1.6356380908
2.2245273796
2.6922894569
2.0711027630
1.5827729467
3.2252459055
4.7674611447
0.4870877561
3.9584129573
2.6055587678
4.7510407997
1.3496805736
3.1259880852
3.0191334212
2.9730859069
0.2414169424
1.9265721365
1.0436691021
4.8372076347
1.4974168000
1.1938520368
2.9092899931
1.5632989729
4.4805894648
0.8335984063
4.1996196267
1.4199785799
1.2710913996
0.8392540385
1.5047686015
4.3049945219
2.9235106626
1.9643817908
2.5346920779
2.9497130947
1.8282668154
4.4256102803
1.9354929396
3.9940060635
4.1419567912
3.5611111903
1.3154562502
1.6466339845
0.3703538158
0.6798875120
4.0602210286
3.4505178629
0.7211107451
0.7822242146
1.8789717149
3.7896352987
2.8426889391
1.5531532378
3.6104343175
3.5728345595
3.6615118507
1.1859398804
1.2664864317
3.0184197362
3.6788366769
4.6042591894
4.1931564161
0.5413363702
0.8284805209
0.4583753920
3.3776403133
0.4522187291
2.6905873435
1.5763663288
2.5727759259
1.9451113326
3.9474613736
2.0759747883
4.9973771094
4.7496374437
2.7256293921
0.0713711950
4.8052681427
3.8156701062
2.2423612319
4.3429538023
0.4042132939
1.5867059957
1.6416327489
4.7438949728
0.6077807196
2.2953129113
3.3188412321
3.7766918421
3.7812079479
0.4140072420
3.4784875503
2.2343482210
0.8123686908
4.9421322480
3.3056550834
0.1274785625
4.3199229460
1.7687905722
1.4497004809
0.1396857650
2.8747345691
2.4792991008
3.5845083300
0.4137490608
4.7328580648
0.8642701866
4.5194587213
4.6808178146
2.1871495417
2.1331943964
0.6625462840
2.2299182944
4.8712909449
2.6558454101
4.8836293283
4.3672449374
2.3793021037
3.5731115439
3.8714611060
0.2411518748
3.2831471515
0.0927696514
0.6309696827
2.8823360749
0.8816407779
2.8646699516
2.6133413247
4.2178869630
0.8394708887
0.8038336834
1.2250824510
3.6167703546
1.7728478856
3.7797434735
0.8157699002
2.1826435454
2.0082622387
3.0369179803
3.2181563223
0.7630150113
1.3364016423
4.2676218052
1.1073097453
3.2426429387
0.9608921049
4.2748079102
4.7842915900
2.6503132958
2.8107541669
3.8852869068
4.9793984341
1.4639769312
1.4590013562
0.5834546439
0.2432174668
2.0475078101
0.5334733051
0.5091005984
2.8618066399
4.7065475307
1.3887359760
1.4139037052
4.7344658268
0.4901262704
0.0517664785
1.7058635302
4.6061976535
0.6837238526
4.8843653376
3.2754021481
4.5975738861
4.2985082631
4.8001250870
2.7281197970
1.3459581505
1.6366392445
2.2147760356
1.4247344094
0.8156461447
3.8453531204
1.6303983001
4.2167455263
4.0803531847
3.9202783039
4.9940290193
1.4756259488
1.0876137228
4.8039206051
1.8204253895
3.3432738324
2.6171911984
4.4869800115
1.8211130831
2.6220928499
0.7087870404
0.5622176566
1.1844260637
2.3050725921
0.7005676544
2.7227097624
2.1542230841
0.9909046186
3.4598055985
3.7238560122
2.5616685826
2.7984055591
4.2488887043
3.3424296407
4.0813365682
0.4908664777
1.1308464361
1.6328670810
1.2695057377
4.3375713980
4.6332591226
4.0831228463
4.6615577990
4.4104165187
4.1409606451
1.1576120100
4.0726890995
3.0627292790
2.8374515470
0.7465047440
4.6806434953
3.9300721354
0.9516651432
1.5480264435
4.8429422445
0.9846837396
3.1580568787
1.7381795692
2.9893198982
4.6625492244
0.6194247122
1.0407910419
0.3610939878
3.4518155813
1.8270485093
4.6259783838
4.0744460969
4.3109167028
0.8834171257
3.0286203846
2.6486429585
4.9925096293
1.5688758511
3.3974404431
1.1507738601
3.5439379536
3.6429820000
1.0327144482
4.8064451685
0.5858442499
2.6403354637
2.0348766926
0.8549995270
3.2277898722
0.5434118154
3.4215184121
0.5852865377
0.8439715802
4.3438508798
2.7461806782
4.5739988292
4.2246392510
3.6592513687
3.8042881040
3.8164226512
0.5515314863
3.3534250449
0.6905287164
0.5455808236
1.0710953018
4.9410297274
1.2945599644
2.3897383359
0.5006063318
1.4474121024
1.3203377312
0.1327924318
2.9833461744
3.1743565726
1.3864759686
2.6829999571
2.5841376989
0.4033880615
1.5243257300
1.0917503910
4.8008263990
3.6895726259
3.0160155079
4.2177436483
2.6663902657
0.8777827040
1.6012464506
0.2281727373
1.6765512359
3.9556516711
0.4895377948
0.8456629988
4.8359621096
0.0665678956
1.7198462753
2.5692272516
4.5497929820
2.4938094923
0.3536399198
3.9539300381
4.2650047644
4.8231802790
3.9278180702
4.0650096132
3.6955633468
4.2542828645
2.9531872475
0.0187036665
4.0477304260
2.6959891411
3.9610031715
4.8779093172
4.9354050698
2.7139995420
1.3784744062
4.3331499955
4.0719477600
3.0400030575
1.0738192997
0.5183167251
2.4152850167
2.4733680062
1.7378266833
4.8896193725
2.1892818299
3.9561417296
3.8628687495
3.4415699300
3.2089200527
1.0571735437
3.2085532053
0.2051951789
4.6928977254
3.3162822443
0.5879077633
3.2337354309
2.3886560555
4.9575750406
4.1170148403
2.3456498012
4.3859615332
3.5434217952
3.8078345573
4.1827619225
2.6210594897
2.6964546889
1.3776713259
1.5249134877
0.3297363564
0.1336817214
1.2440800361
4.8567418196
4.7906700307
1.8298806165
4.9813236872
1.4354821176
3.6971251489
3.1305105273
2.6597617889
0.2924604478
0.6329017864
2.3692002616
1.8643695705
4.8997602178
4.0256361953
3.8913263639
1.2001885277
3.5351081449
4.8658697275
1.0512901267
4.4137406836
2.5231558817
4.5631611294
1.5229722617
2.0787786861
4.5639758290
2.8509570011
4.2547453600
3.0662930942
2.7768145482
4.3306194457
4.3047402187
1.7121834639
1.0891499032
0.3832278633
2.1293004229
4.9467727000
0.3411989207
2.9874375212
1.2663530599
1.4093811620
2.3106676780
4.8153300299
2.6825299176
1.2550797489
0.6012926106
2.5789942292
2.8431757968
1.5017362157
3.4942898058
1.3523193062
2.1508864568
0.1614078475
