1.8086556454
1.8982881056
4.5170369118
4.5059055688
1.7913847772
1.2333237740
4.8320763844
3.2159204760
1.6057361697
4.7253215141
0.6686374232
0.2523322880
2.7202758055
2.9628630930
3.0041713935
1.7796585120
3.9140095432
2.6844744891
4.4151322617
3.7901811247
2.8023809582
0.0847392299
4.4452067001
3.5502869973
3.4888615491
4.0127002497
4.5209492119
1.9644666028
1.6446676520
1.4483394248
1.1688432048
2.4850716430
3.9823807450
1.6453233857
3.8286452765
3.5904520318
0.4180785418
1.7234869531
4.8917360961
0.2826090641
1.9697924383
3.4906994013
1.8929487303
4.8588348789
1.2671065360
2.1569565389
0.7384506422
0.9339038177
0.2375436990
1.9880211176
4.9148204394
4.3273092842
1.2707089612
4.0240781551
0.2652113339
2.6839955583
0.7622691493
2.7811881932
1.8727817581
2.2203379954
2.1186538945
3.4584431263
1.1103762243
2.6362224927
2.9124063265
1.0184138349
4.0153578818
2.3185363097
2.1605557418
2.5976092620
4.8617548735
3.4939026280
4.5380184827
3.8702505831
1.4263370955
0.9348909234
2.5092712070
2.1438345628
4.7943648693
1.3531596190
2.7794217422
4.3479748700
0.2036479182
1.3471069017
3.4359908552
4.5062518515
0.9769484563
3.0358153358
2.6215026066
4.3997778596
1.9030077101
3.5836962942
1.3812755386
4.6645294961
1.8715473706
1.1827165809
4.4481508531
4.5639678920
3.2890978669
3.6459922343
0.5244510148
2.7739462030
3.9576605362
0.2155587019
2.1100219391
3.1663976667
4.1098722934
3.0890926728
1.0031881500
3.3179406711
4.1009858456
1.3192141552
0.3088820870
0.1635871123
3.5637074054
4.3818082082
3.5557601625
0.3065797109
3.3564738075
4.7967693909
4.4230782842
4.2535207025
2.3644534774
4.6190087896
2.5703824238
1.6180212439
0.6463974060
3.5059187393
2.2512144991
1.8028557902
1.8260487108
4.9693343797
1.2692043973
3.0849314115
0.2863690814
1.5980592941
0.5349044722
2.4722863450
4.1862089623
0.7070549786
4.0289373574
4.3389478337
3.6457123018
3.4503760990
4.5365105083
4.1610642906
4.4678076362
1.7989357210
1.6457655944
3.7436638725
2.3233217595
3.5064022557
1.3940667539
4.0371884531
3.5369118029
1.7952830725
0.6891028719
3.9702415634
3.0961227876
3.7219838863
2.4531245115
2.9715289410
4.6580421714
3.2089184626
2.9569199672
2.8996436968
3.5544671551
1.4512751935
1.2840461984
2.6521625933
1.7700761063
0.6566460053
0.4447831879
1.5716083378
1.7772789613
1.9013341756
2.6333136278
3.0194529407
1.9103144389
3.7848512687
0.1714078188
1.8428718886
3.6194909122
0.7340848648
3.1287053451
2.4329159426
1.6995843895
0.4041883717
1.6654445172
1.2657796108
2.1852878258
4.0008572711
2.1607368209
4.1576705695
3.5678524756
1.3178829928
2.9113807367
1.4533053335
0.8429007725
4.3574115260
0.9965463598
0.3412811169
1.4476728469
2.0439991934
3.0768533215
3.8576348908
3.7001718234
4.4262980320
4.8474486506
3.6410559481
2.9918980487
3.0040882673
2.3993324776
3.4568506411
0.8048359390
0.2486007374
1.3076669437
2.0573751749
0.9824307779
3.7789581426
1.1970513868
1.3178872336
4.4594430925
4.9985559683
4.3092939034
4.3303775989
0.4883967581
3.7168721735
1.0872197946
1.3838116020
2.9480702887
0.5222345617
0.4973202481
1.4653450484
0.5049704251
0.5203064723
2.1439739647
0.1196129747
3.6604496970
1.8054203559
4.7186093515
4.5663800575
4.2581866724
0.4344652449
4.9091794546
4.8430715069
4.0688656820
2.1760134083
3.1399850408
0.1784806480
1.0964234726
3.3140739043
0.8811172301
2.6659069488
1.2641500789
4.9027316213
1.3631388914
1.7648737854
4.9058417514
3.1545400516
4.3492476988
1.9752915798
3.7893316197
4.8645797709
0.7878523785
4.7794768947
4.2849204536
4.6393927231
2.2176613052
2.2969444488
3.3229719829
2.1345002452
4.3900683109
3.0336146328
3.2923263028
3.8779806175
1.7654883928
1.1984067743
3.3589474983
2.6458151103
3.0276350315
0.7016259271
3.4427093196
1.7857303281
4.1294550997
3.6147311716
2.4054121041
4.5915144369
0.3640859352
2.3617541030
2.7666167248
1.4938359185
3.6619361194
4.6087001828
0.3829037126
2.8441411314
3.5096059134
2.9267207347
1.1735694183
1.7660714916
0.2172692176
1.1138224037
3.8400327079
2.4779678268
2.5183754017
0.1826416667
3.0614467832
1.6474887142
2.8497604620
1.6507373092
3.3249178556
1.4253567050
4.9527717639
4.9254514664
3.1006771329
2.4730815749
4.3687231807
0.3562926938
4.7515114732
1.4056384295
1.8274468142
2.3607603781
4.3883326742
1.9240709600
1.6890577304
2.9194414555
0.8821822668
0.5275416844
3.3800883362
3.5160756659
4.7150794305
1.0352819508
1.9402932178
2.1792372646
4.1114008075
0.3851501259
2.2807125253
1.9035770406
1.5170341220
3.9291570527
3.8526763766
0.2075914705
2.5800991776
0.0425588652
3.0876233378
3.5671436814
4.1949315716
1.5802688834
3.0258068711
1.6730864124
3.2762528854
4.0338479149
4.9857137983
2.9490881743
3.8746077614
0.0987661570
3.3034823533
0.1620231129
3.1844597045
1.3926853418
0.1015733753
2.7200605024
0.3556552290
0.8620071146
4.6278306685
4.9190141450
2.7357666593
2.7698181850
1.9799045980
2.8298430341
3.9492090566
4.3207048646
0.4264706630
0.1618152767
4.7787229400
2.8969045061
3.1270411534
2.5572652713
1.1411732671
1.4592294080
4.7983571122
2.7237223082
2.0436130925
1.0115852547
1.8798987595
4.2642249275
2.5337990034
1.6992814356
1.5071293488
1.2817423310
1.6040513912
2.3713899426
2.2424791776
3.8918097216
4.3163774316
3.5019732997
3.0651972342
1.8398814500
1.1535948660
